Date,Ledger,Account,PartNo,Project,Contact,Unit Code,Quantity,Unit Price,D/C,Currency,Exchange Rate,Original Amount,Base Amount
43191,L15,14895,A11,B21,C36,PCS,219,9.64,D,C09,1.199464,2111.16,2532.26
43191,L15,14895,A11,B21,C36,PCS,73,9.64,D,C09,1.199464,703.72,844.09
43191,L15,15028,A19,B22,C35,PCS,523,9.59,C,C10,8.657656,5015.57,43423.08
43191,L15,15028,A19,B22,C35,PCS,704,9.59,C,C10,8.657656,6751.36,58450.95
43191,L15,15028,A19,B22,C35,PCS,149,9.59,C,C10,8.657656,1428.91,12371.01
43191,L15,15028,A19,B22,C35,PCS,352,9.59,C,C10,8.657656,3375.68,29225.48
43191,L15,15028,A19,B22,C35,PCS,138,9.59,C,C10,8.657656,1323.42,11457.72
43191,L15,15028,A19,B22,C35,PCS,502,9.59,C,C10,8.657656,4814.18,41679.51
43191,L15,15028,A19,B22,C35,PCS,785,9.59,C,C10,8.657656,7528.15,65176.13
43191,L15,15028,A19,B22,C35,PCS,230,9.59,C,C10,8.657656,2205.7,19096.19
43191,L15,15028,A19,B22,C35,PCS,794,9.59,C,C10,8.657656,7614.46,65923.38
43191,L15,15028,A19,B22,C35,PCS,241,9.59,C,C10,8.657656,2311.19,20009.49
43203,L15,15033,A16,B20,C33,PCS,784,6,D,C02,9.912483,4704,46628.32
43203,L15,15033,A16,B20,C33,PCS,567,6,D,C02,9.912483,3402,33722.27
43203,L15,15033,A16,B20,C33,PCS,352,6,D,C02,9.912483,2112,20935.16
43203,L15,15033,A16,B20,C33,PCS,520,6,D,C02,9.912483,3120,30926.95
43203,L15,15033,A16,B20,C33,PCS,898,6,D,C02,9.912483,5388,53408.46
43203,L15,15033,A16,B20,C33,PCS,660,6,D,C02,9.912483,3960,39253.43
43203,L15,15033,A16,B20,C33,PCS,854,6,D,C02,9.912483,5124,50791.56
43203,L15,15033,A16,B20,C33,PCS,882,6,D,C02,9.912483,5292,52456.86
43203,L15,15033,A16,B20,C33,PCS,735,6,D,C02,9.912483,4410,43714.05
43203,L15,15033,A16,B20,C33,PCS,897,6,D,C02,9.912483,5382,53348.98
43216,L15,15210,A11,B26,C38,PCS,585,2.83,C,C07,1.358577,1655.55,2249.19
43216,L15,15210,A11,B26,C38,PCS,711,2.83,C,C07,1.358577,2012.13,2733.63
43216,L15,15210,A11,B26,C38,PCS,540,2.83,C,C07,1.358577,1528.2,2076.18
43216,L15,15210,A11,B26,C38,PCS,699,2.83,C,C07,1.358577,1978.17,2687.5
43216,L15,15210,A11,B26,C38,PCS,800,2.83,C,C07,1.358577,2264,3075.82
43216,L15,15210,A11,B26,C38,PCS,84,2.83,C,C07,1.358577,237.72,322.96
43216,L15,15210,A11,B26,C38,PCS,758,2.83,C,C07,1.358577,2145.14,2914.34
43216,L15,15210,A11,B26,C38,PCS,651,2.83,C,C07,1.358577,1842.33,2502.95
43216,L15,15210,A11,B26,C38,PCS,658,2.83,C,C07,1.358577,1862.14,2529.86
43216,L15,15210,A11,B26,C38,PCS,57,2.83,C,C07,1.358577,161.31,219.15
43209,L15,15211,A20,B26,C32,PCS,425,7.86,C,C03,7.133317,3340.5,23828.85
43209,L15,15211,A20,B26,C32,PCS,921,7.86,C,C03,7.133317,7239.06,51638.51
43209,L15,15211,A20,B26,C32,PCS,930,7.86,C,C03,7.133317,7309.8,52143.12
43209,L15,15211,A20,B26,C32,PCS,429,7.86,C,C03,7.133317,3371.94,24053.12
43209,L15,15211,A20,B26,C32,PCS,605,7.86,C,C03,7.133317,4755.3,33921.06
43209,L15,15211,A20,B26,C32,PCS,55,7.86,C,C03,7.133317,432.3,3083.73
43209,L15,15211,A20,B26,C32,PCS,952,7.86,C,C03,7.133317,7482.72,53376.61
43209,L15,15211,A20,B26,C32,PCS,994,7.86,C,C03,7.133317,7812.84,55731.46
43209,L15,15211,A20,B26,C32,PCS,489,7.86,C,C03,7.133317,3843.54,27417.19
43209,L15,15211,A20,B26,C32,PCS,889,7.86,C,C03,7.133317,6987.54,49844.34
43215,L15,15281,A16,B20,C30,PCS,884,2.72,C,C09,1.199464,2404.48,2884.09
43215,L15,15281,A16,B20,C30,PCS,189,2.72,C,C09,1.199464,514.08,616.62
43215,L15,15281,A16,B20,C30,PCS,242,2.72,C,C09,1.199464,658.24,789.54
43215,L15,15281,A16,B20,C30,PCS,609,2.72,C,C09,1.199464,1656.48,1986.89
43215,L15,15281,A16,B20,C30,PCS,164,2.72,C,C09,1.199464,446.08,535.06
43215,L15,15281,A16,B20,C30,PCS,288,2.72,C,C09,1.199464,783.36,939.61
43215,L15,15281,A16,B20,C30,PCS,364,2.72,C,C09,1.199464,990.08,1187.57
43215,L15,15281,A16,B20,C30,PCS,622,2.72,C,C09,1.199464,1691.84,2029.3
43215,L15,15281,A16,B20,C30,PCS,851,2.72,C,C09,1.199464,2314.72,2776.42
43215,L15,15281,A16,B20,C30,PCS,749,2.72,C,C09,1.199464,2037.28,2443.64
43219,L15,15307,A18,B24,C36,PCS,103,1.39,D,C06,3.547054,143.17,507.83
43219,L15,15307,A18,B24,C36,PCS,556,1.39,D,C06,3.547054,772.84,2741.31
43219,L15,15307,A18,B24,C36,PCS,493,1.39,D,C06,3.547054,685.27,2430.69
43219,L15,15307,A18,B24,C36,PCS,934,1.39,D,C06,3.547054,1298.26,4605
43219,L15,15307,A18,B24,C36,PCS,784,1.39,D,C06,3.547054,1089.76,3865.44
43219,L15,15307,A18,B24,C36,PCS,599,1.39,D,C06,3.547054,832.61,2953.31
43219,L15,15307,A18,B24,C36,PCS,799,1.39,D,C06,3.547054,1110.61,3939.39
43219,L15,15307,A18,B24,C36,PCS,376,1.39,D,C06,3.547054,522.64,1853.83
43219,L15,15307,A18,B24,C36,PCS,647,1.39,D,C06,3.547054,899.33,3189.97
43219,L15,15307,A18,B24,C36,PCS,203,1.39,D,C06,3.547054,282.17,1000.87
43220,L15,15357,A11,B22,C31,PCS,37,1.94,D,C06,3.547054,71.78,254.61
43220,L15,15357,A11,B22,C31,PCS,3,1.94,D,C06,3.547054,5.82,20.64
43220,L15,15357,A11,B22,C31,PCS,897,1.94,D,C06,3.547054,1740.18,6172.51
43220,L15,15357,A11,B22,C31,PCS,952,1.94,D,C06,3.547054,1846.88,6550.98
43220,L15,15357,A11,B22,C31,PCS,246,1.94,D,C06,3.547054,477.24,1692.8
43220,L15,15357,A11,B22,C31,PCS,261,1.94,D,C06,3.547054,506.34,1796.02
43220,L15,15357,A11,B22,C31,PCS,840,1.94,D,C06,3.547054,1629.6,5780.28
43220,L15,15357,A11,B22,C31,PCS,326,1.94,D,C06,3.547054,632.44,2243.3
43220,L15,15357,A11,B22,C31,PCS,821,1.94,D,C06,3.547054,1592.74,5649.53
43220,L15,15357,A11,B22,C31,PCS,184,1.94,D,C06,3.547054,356.96,1266.16
43216,L15,15400,A18,B21,C32,PCS,508,5,D,C10,8.657656,2540,21990.45
43216,L15,15400,A18,B21,C32,PCS,411,5,D,C10,8.657656,2055,17791.48
43216,L15,15400,A18,B21,C32,PCS,437,5,D,C10,8.657656,2185,18916.98
43216,L15,15400,A18,B21,C32,PCS,350,5,D,C10,8.657656,1750,15150.9
43216,L15,15400,A18,B21,C32,PCS,512,5,D,C10,8.657656,2560,22163.6
43216,L15,15400,A18,B21,C32,PCS,939,5,D,C10,8.657656,4695,40647.69
43216,L15,15400,A18,B21,C32,PCS,306,5,D,C10,8.657656,1530,13246.21
43216,L15,15400,A18,B21,C32,PCS,387,5,D,C10,8.657656,1935,16752.56
43216,L15,15400,A18,B21,C32,PCS,933,5,D,C10,8.657656,4665,40387.97
43216,L15,15400,A18,B21,C32,PCS,168,5,D,C10,8.657656,840,7272.43
43200,L15,15411,A20,B29,C31,PCS,375,7.42,C,C03,7.133317,2782.5,19848.45
43200,L15,15411,A20,B29,C31,PCS,424,7.42,C,C03,7.133317,3146.08,22441.99
43200,L15,15411,A20,B29,C31,PCS,505,7.42,C,C03,7.133317,3747.1,26729.25
43200,L15,15411,A20,B29,C31,PCS,998,7.42,C,C03,7.133317,7405.16,52823.35
43200,L15,15411,A20,B29,C31,PCS,608,7.42,C,C03,7.133317,4511.36,32180.96
43200,L15,15411,A20,B29,C31,PCS,398,7.42,C,C03,7.133317,2953.16,21065.83
43200,L15,15411,A20,B29,C31,PCS,314,7.42,C,C03,7.133317,2329.88,16619.77
43200,L15,15411,A20,B29,C31,PCS,641,7.42,C,C03,7.133317,4756.22,33927.62
43200,L15,15411,A20,B29,C31,PCS,924,7.42,C,C03,7.133317,6856.08,48906.59
43200,L15,15411,A20,B29,C31,PCS,979,7.42,C,C03,7.133317,7264.18,51817.7
43203,L15,15419,A14,B25,C40,PCS,907,2.13,C,C06,3.547054,1931.91,6852.59
43203,L15,15419,A14,B25,C40,PCS,164,2.13,C,C06,3.547054,349.32,1239.06
43203,L15,15419,A14,B25,C40,PCS,188,2.13,C,C06,3.547054,400.44,1420.38
43203,L15,15419,A14,B25,C40,PCS,456,2.13,C,C06,3.547054,971.28,3445.18
43203,L15,15419,A14,B25,C40,PCS,748,2.13,C,C06,3.547054,1593.24,5651.31
43203,L15,15419,A14,B25,C40,PCS,27,2.13,C,C06,3.547054,57.51,203.99
43203,L15,15419,A14,B25,C40,PCS,464,2.13,C,C06,3.547054,988.32,3505.62
43203,L15,15419,A14,B25,C40,PCS,954,2.13,C,C06,3.547054,2032.02,7207.68
43203,L15,15419,A14,B25,C40,PCS,895,2.13,C,C06,3.547054,1906.35,6761.93
43203,L15,15419,A14,B25,C40,PCS,125,2.13,C,C06,3.547054,266.25,944.4
43191,L15,15436,A11,B28,C38,PCS,121,3.11,D,C06,3.547054,376.31,1334.79
43191,L15,15436,A11,B28,C38,PCS,611,3.11,D,C06,3.547054,1900.21,6740.15
43191,L15,15436,A11,B28,C38,PCS,409,3.11,D,C06,3.547054,1271.99,4511.82
43191,L15,15436,A11,B28,C38,PCS,476,3.11,D,C06,3.547054,1480.36,5250.92
43191,L15,15436,A11,B28,C38,PCS,322,3.11,D,C06,3.547054,1001.42,3552.09
43191,L15,15436,A11,B28,C38,PCS,790,3.11,D,C06,3.547054,2456.9,8714.76
43191,L15,15436,A11,B28,C38,PCS,57,3.11,D,C06,3.547054,177.27,628.79
43191,L15,15436,A11,B28,C38,PCS,226,3.11,D,C06,3.547054,702.86,2493.08
43191,L15,15436,A11,B28,C38,PCS,670,3.11,D,C06,3.547054,2083.7,7391
43191,L15,15436,A11,B28,C38,PCS,716,3.11,D,C06,3.547054,2226.76,7898.44
43211,L15,15450,A13,B24,C31,PCS,768,9.35,D,C02,9.912483,7180.8,71179.56
43211,L15,15450,A13,B24,C31,PCS,316,9.35,D,C02,9.912483,2954.6,29287.42
43211,L15,15450,A13,B24,C31,PCS,62,9.35,D,C02,9.912483,579.7,5746.27
43211,L15,15450,A13,B24,C31,PCS,952,9.35,D,C02,9.912483,8901.2,88232.99
43211,L15,15450,A13,B24,C31,PCS,705,9.35,D,C02,9.912483,6591.75,65340.61
43211,L15,15450,A13,B24,C31,PCS,83,9.35,D,C02,9.912483,776.05,7692.58
43211,L15,15450,A13,B24,C31,PCS,119,9.35,D,C02,9.912483,1112.65,11029.12
43211,L15,15450,A13,B24,C31,PCS,201,9.35,D,C02,9.912483,1879.35,18629.02
43211,L15,15450,A13,B24,C31,PCS,172,9.35,D,C02,9.912483,1608.2,15941.26
43211,L15,15450,A13,B24,C31,PCS,674,9.35,D,C02,9.912483,6301.9,62467.48
43213,L15,15452,A17,B25,C40,PCS,886,2.21,D,C07,1.358577,1958.06,2660.18
43213,L15,15452,A17,B25,C40,PCS,672,2.21,D,C07,1.358577,1485.12,2017.65
43213,L15,15452,A17,B25,C40,PCS,683,2.21,D,C07,1.358577,1509.43,2050.68
43213,L15,15452,A17,B25,C40,PCS,359,2.21,D,C07,1.358577,793.39,1077.88
43213,L15,15452,A17,B25,C40,PCS,639,2.21,D,C07,1.358577,1412.19,1918.57
43213,L15,15452,A17,B25,C40,PCS,303,2.21,D,C07,1.358577,669.63,909.74
43213,L15,15452,A17,B25,C40,PCS,97,2.21,D,C07,1.358577,214.37,291.24
43213,L15,15452,A17,B25,C40,PCS,261,2.21,D,C07,1.358577,576.81,783.64
43213,L15,15452,A17,B25,C40,PCS,990,2.21,D,C07,1.358577,2187.9,2972.43
43213,L15,15452,A17,B25,C40,PCS,398,2.21,D,C07,1.358577,879.58,1194.98
43196,L15,15496,A16,B28,C39,PCS,950,6.63,D,C01,6.825646,6298.5,42991.33
43196,L15,15496,A16,B28,C39,PCS,353,6.63,D,C01,6.825646,2340.39,15974.67
43196,L15,15496,A16,B28,C39,PCS,384,6.63,D,C01,6.825646,2545.92,17377.55
43196,L15,15496,A16,B28,C39,PCS,802,6.63,D,C01,6.825646,5317.26,36293.73
43196,L15,15496,A16,B28,C39,PCS,994,6.63,D,C01,6.825646,6590.22,44982.51
43196,L15,15496,A16,B28,C39,PCS,901,6.63,D,C01,6.825646,5973.63,40773.88
43196,L15,15496,A16,B28,C39,PCS,473,6.63,D,C01,6.825646,3135.99,21405.16
43196,L15,15496,A16,B28,C39,PCS,380,6.63,D,C01,6.825646,2519.4,17196.53
43196,L15,15496,A16,B28,C39,PCS,230,6.63,D,C01,6.825646,1524.9,10408.43
43196,L15,15496,A16,B28,C39,PCS,597,6.63,D,C01,6.825646,3958.11,27016.66
43206,L15,15532,A16,B30,C36,PCS,776,4.44,C,C05,3.40242,3445.44,11722.83
43206,L15,15532,A16,B30,C36,PCS,481,4.44,C,C05,3.40242,2135.64,7266.34
43206,L15,15532,A16,B30,C36,PCS,390,4.44,C,C05,3.40242,1731.6,5891.63
43206,L15,15532,A16,B30,C36,PCS,791,4.44,C,C05,3.40242,3512.04,11949.44
43206,L15,15532,A16,B30,C36,PCS,277,4.44,C,C05,3.40242,1229.88,4184.57
43206,L15,15532,A16,B30,C36,PCS,538,4.44,C,C05,3.40242,2388.72,8127.43
43206,L15,15532,A16,B30,C36,PCS,407,4.44,C,C05,3.40242,1807.08,6148.45
43206,L15,15532,A16,B30,C36,PCS,102,4.44,C,C05,3.40242,452.88,1540.89
43206,L15,15532,A16,B30,C36,PCS,264,4.44,C,C05,3.40242,1172.16,3988.18
43206,L15,15532,A16,B30,C36,PCS,340,4.44,C,C05,3.40242,1509.6,5136.29
43201,L15,15582,A16,B29,C38,PCS,152,8.69,D,C04,5.388146,1320.88,7117.09
43201,L15,15582,A16,B29,C38,PCS,141,8.69,D,C04,5.388146,1225.29,6602.04
43201,L15,15582,A16,B29,C38,PCS,826,8.69,D,C04,5.388146,7177.94,38675.79
43201,L15,15582,A16,B29,C38,PCS,915,8.69,D,C04,5.388146,7951.35,42843.03
43201,L15,15582,A16,B29,C38,PCS,849,8.69,D,C04,5.388146,7377.81,39752.72
43201,L15,15582,A16,B29,C38,PCS,943,8.69,D,C04,5.388146,8194.67,44154.08
43201,L15,15582,A16,B29,C38,PCS,312,8.69,D,C04,5.388146,2711.28,14608.77
43201,L15,15582,A16,B29,C38,PCS,901,8.69,D,C04,5.388146,7829.69,42187.51
43201,L15,15582,A16,B29,C38,PCS,803,8.69,D,C04,5.388146,6978.07,37598.86
43201,L15,15582,A16,B29,C38,PCS,777,8.69,D,C04,5.388146,6752.13,36381.46
43211,L15,15628,A16,B25,C34,PCS,771,9.35,D,C02,9.912483,7208.85,71457.6
43211,L15,15628,A16,B25,C34,PCS,811,9.35,D,C02,9.912483,7582.85,75164.87
43211,L15,15628,A16,B25,C34,PCS,640,9.35,D,C02,9.912483,5984,59316.3
43211,L15,15628,A16,B25,C34,PCS,427,9.35,D,C02,9.912483,3992.45,39575.09
43211,L15,15628,A16,B25,C34,PCS,953,9.35,D,C02,9.912483,8910.55,88325.68
43211,L15,15628,A16,B25,C34,PCS,381,9.35,D,C02,9.912483,3562.35,35311.73
43211,L15,15628,A16,B25,C34,PCS,987,9.35,D,C02,9.912483,9228.45,91476.85
43211,L15,15628,A16,B25,C34,PCS,68,9.35,D,C02,9.912483,635.8,6302.36
43211,L15,15628,A16,B25,C34,PCS,868,9.35,D,C02,9.912483,8115.8,80447.73
43211,L15,15628,A16,B25,C34,PCS,52,9.35,D,C02,9.912483,486.2,4819.45
43207,L15,15660,A10,B30,C39,PCS,541,6.85,D,C07,1.358577,3705.85,5034.68
43207,L15,15660,A10,B30,C39,PCS,819,6.85,D,C07,1.358577,5610.15,7621.82
43207,L15,15660,A10,B30,C39,PCS,439,6.85,D,C07,1.358577,3007.15,4085.44
43207,L15,15660,A10,B30,C39,PCS,972,6.85,D,C07,1.358577,6658.2,9045.68
43207,L15,15660,A10,B30,C39,PCS,949,6.85,D,C07,1.358577,6500.65,8831.63
43207,L15,15660,A10,B30,C39,PCS,363,6.85,D,C07,1.358577,2486.55,3378.17
43207,L15,15660,A10,B30,C39,PCS,63,6.85,D,C07,1.358577,431.55,586.29
43207,L15,15660,A10,B30,C39,PCS,655,6.85,D,C07,1.358577,4486.75,6095.6
43207,L15,15660,A10,B30,C39,PCS,783,6.85,D,C07,1.358577,5363.55,7286.8
43207,L15,15660,A10,B30,C39,PCS,306,6.85,D,C07,1.358577,2096.1,2847.71
43215,L15,15767,A18,B30,C38,PCS,147,2.72,D,C09,1.199464,399.84,479.59
43215,L15,15767,A18,B30,C38,PCS,480,2.72,D,C09,1.199464,1305.6,1566.02
43215,L15,15767,A18,B30,C38,PCS,539,2.72,D,C09,1.199464,1466.08,1758.51
43215,L15,15767,A18,B30,C38,PCS,214,2.72,D,C09,1.199464,582.08,698.18
43215,L15,15767,A18,B30,C38,PCS,807,2.72,D,C09,1.199464,2195.04,2632.87
43215,L15,15767,A18,B30,C38,PCS,189,2.72,D,C09,1.199464,514.08,616.62
43215,L15,15767,A18,B30,C38,PCS,431,2.72,D,C09,1.199464,1172.32,1406.16
43215,L15,15767,A18,B30,C38,PCS,581,2.72,D,C09,1.199464,1580.32,1895.54
43215,L15,15767,A18,B30,C38,PCS,519,2.72,D,C09,1.199464,1411.68,1693.26
43215,L15,15767,A18,B30,C38,PCS,785,2.72,D,C09,1.199464,2135.2,2561.1
43209,L15,15815,A19,B22,C31,PCS,427,7.86,C,C03,7.133317,3356.22,23940.98
43209,L15,15815,A19,B22,C31,PCS,497,7.86,C,C03,7.133317,3906.42,27865.73
43209,L15,15815,A19,B22,C31,PCS,350,7.86,C,C03,7.133317,2751,19623.76
43209,L15,15815,A19,B22,C31,PCS,344,7.86,C,C03,7.133317,2703.84,19287.35
43209,L15,15815,A19,B22,C31,PCS,589,7.86,C,C03,7.133317,4629.54,33023.98
43209,L15,15815,A19,B22,C31,PCS,536,7.86,C,C03,7.133317,4212.96,30052.38
43209,L15,15815,A19,B22,C31,PCS,864,7.86,C,C03,7.133317,6791.04,48442.64
43209,L15,15815,A19,B22,C31,PCS,982,7.86,C,C03,7.133317,7718.52,55058.65
43209,L15,15815,A19,B22,C31,PCS,508,7.86,C,C03,7.133317,3992.88,28482.48
43209,L15,15815,A19,B22,C31,PCS,187,7.86,C,C03,7.133317,1469.82,10484.69
43216,L15,15858,A19,B24,C31,PCS,431,9.68,C,C09,1.199464,4172.08,5004.26
43216,L15,15858,A19,B24,C31,PCS,703,9.68,C,C09,1.199464,6805.04,8162.4
43216,L15,15858,A19,B24,C31,PCS,300,9.68,C,C09,1.199464,2904,3483.24
43216,L15,15858,A19,B24,C31,PCS,358,9.68,C,C09,1.199464,3465.44,4156.67
43216,L15,15858,A19,B24,C31,PCS,751,9.68,C,C09,1.199464,7269.68,8719.72
43216,L15,15858,A19,B24,C31,PCS,357,9.68,C,C09,1.199464,3455.76,4145.06
43216,L15,15858,A19,B24,C31,PCS,552,9.68,C,C09,1.199464,5343.36,6409.17
43216,L15,15858,A19,B24,C31,PCS,912,9.68,C,C09,1.199464,8828.16,10589.06
43216,L15,15858,A19,B24,C31,PCS,292,9.68,C,C09,1.199464,2826.56,3390.36
43216,L15,15858,A19,B24,C31,PCS,603,9.68,C,C09,1.199464,5837.04,7001.32
43217,L15,15927,A16,B29,C36,PCS,782,7,C,C10,8.657656,5474,47392.01
43217,L15,15927,A16,B29,C36,PCS,171,7,C,C10,8.657656,1197,10363.21
43217,L15,15927,A16,B29,C36,PCS,673,7,C,C10,8.657656,4711,40786.22
43217,L15,15927,A16,B29,C36,PCS,5,7,C,C10,8.657656,35,303.02
43217,L15,15927,A16,B29,C36,PCS,769,7,C,C10,8.657656,5383,46604.16
43217,L15,15927,A16,B29,C36,PCS,949,7,C,C10,8.657656,6643,57512.81
43217,L15,15927,A16,B29,C36,PCS,24,7,C,C10,8.657656,168,1454.49
43217,L15,15927,A16,B29,C36,PCS,54,7,C,C10,8.657656,378,3272.59
43217,L15,15927,A16,B29,C36,PCS,949,7,C,C10,8.657656,6643,57512.81
43217,L15,15927,A16,B29,C36,PCS,67,7,C,C10,8.657656,469,4060.44
43207,L15,16006,A13,B28,C38,PCS,464,6.93,C,C07,1.358577,3215.52,4368.53
43207,L15,16006,A13,B28,C38,PCS,852,6.93,C,C07,1.358577,5904.36,8021.53
43207,L15,16006,A13,B28,C38,PCS,171,6.93,C,C07,1.358577,1185.03,1609.95
43207,L15,16006,A13,B28,C38,PCS,678,6.93,C,C07,1.358577,4698.54,6383.33
43207,L15,16006,A13,B28,C38,PCS,203,6.93,C,C07,1.358577,1406.79,1911.23
43207,L15,16006,A13,B28,C38,PCS,161,6.93,C,C07,1.358577,1115.73,1515.81
43207,L15,16006,A13,B28,C38,PCS,517,6.93,C,C07,1.358577,3582.81,4867.52
43207,L15,16006,A13,B28,C38,PCS,212,6.93,C,C07,1.358577,1469.16,1995.97
43207,L15,16006,A13,B28,C38,PCS,591,6.93,C,C07,1.358577,4095.63,5564.23
43207,L15,16006,A13,B28,C38,PCS,477,6.93,C,C07,1.358577,3305.61,4490.93
43197,L15,16133,A14,B22,C39,PCS,448,7.14,D,C04,5.388146,3198.72,17235.17
43197,L15,16133,A14,B22,C39,PCS,502,7.14,D,C04,5.388146,3584.28,19312.62
43197,L15,16133,A14,B22,C39,PCS,175,7.14,D,C04,5.388146,1249.5,6732.49
43197,L15,16133,A14,B22,C39,PCS,241,7.14,D,C04,5.388146,1720.74,9271.6
43197,L15,16133,A14,B22,C39,PCS,277,7.14,D,C04,5.388146,1977.78,10656.57
43197,L15,16133,A14,B22,C39,PCS,848,7.14,D,C04,5.388146,6054.72,32623.72
43197,L15,16133,A14,B22,C39,PCS,843,7.14,D,C04,5.388146,6019.02,32431.36
43197,L15,16133,A14,B22,C39,PCS,251,7.14,D,C04,5.388146,1792.14,9656.31
43197,L15,16133,A14,B22,C39,PCS,391,7.14,D,C04,5.388146,2791.74,15042.3
43197,L15,16133,A14,B22,C39,PCS,271,7.14,D,C04,5.388146,1934.94,10425.74
43212,L15,16134,A14,B30,C39,PCS,119,5.77,D,C02,9.912483,686.63,6806.21
43212,L15,16134,A14,B30,C39,PCS,535,5.77,D,C02,9.912483,3086.95,30599.34
43212,L15,16134,A14,B30,C39,PCS,227,5.77,D,C02,9.912483,1309.79,12983.27
43212,L15,16134,A14,B30,C39,PCS,292,5.77,D,C02,9.912483,1684.84,16700.95
43212,L15,16134,A14,B30,C39,PCS,201,5.77,D,C02,9.912483,1159.77,11496.2
43212,L15,16134,A14,B30,C39,PCS,860,5.77,D,C02,9.912483,4962.2,49187.72
43212,L15,16134,A14,B30,C39,PCS,90,5.77,D,C02,9.912483,519.3,5147.55
43212,L15,16134,A14,B30,C39,PCS,815,5.77,D,C02,9.912483,4702.55,46613.95
43212,L15,16134,A14,B30,C39,PCS,157,5.77,D,C02,9.912483,905.89,8979.62
43212,L15,16134,A14,B30,C39,PCS,1,5.77,D,C02,9.912483,5.77,57.2
43194,L15,16153,A18,B28,C32,PCS,658,2.01,C,C01,6.825646,1322.58,9027.46
43194,L15,16153,A18,B28,C32,PCS,985,2.01,C,C01,6.825646,1979.85,13513.76
43194,L15,16153,A18,B28,C32,PCS,658,2.01,C,C01,6.825646,1322.58,9027.46
43194,L15,16153,A18,B28,C32,PCS,544,2.01,C,C01,6.825646,1093.44,7463.43
43194,L15,16153,A18,B28,C32,PCS,619,2.01,C,C01,6.825646,1244.19,8492.4
43194,L15,16153,A18,B28,C32,PCS,546,2.01,C,C01,6.825646,1097.46,7490.87
43194,L15,16153,A18,B28,C32,PCS,571,2.01,C,C01,6.825646,1147.71,7833.86
43194,L15,16153,A18,B28,C32,PCS,896,2.01,C,C01,6.825646,1800.96,12292.72
43194,L15,16153,A18,B28,C32,PCS,713,2.01,C,C01,6.825646,1433.13,9782.04
43194,L15,16153,A18,B28,C32,PCS,476,2.01,C,C01,6.825646,956.76,6530.51
43219,L15,16159,A10,B25,C38,PCS,876,7.91,D,C09,1.199464,6929.16,8311.28
43219,L15,16159,A10,B25,C38,PCS,337,7.91,D,C09,1.199464,2665.67,3197.38
43219,L15,16159,A10,B25,C38,PCS,391,7.91,D,C09,1.199464,3092.81,3709.71
43219,L15,16159,A10,B25,C38,PCS,384,7.91,D,C09,1.199464,3037.44,3643.3
43219,L15,16159,A10,B25,C38,PCS,938,7.91,D,C09,1.199464,7419.58,8899.52
43219,L15,16159,A10,B25,C38,PCS,174,7.91,D,C09,1.199464,1376.34,1650.87
43219,L15,16159,A10,B25,C38,PCS,742,7.91,D,C09,1.199464,5869.22,7039.92
43219,L15,16159,A10,B25,C38,PCS,242,7.91,D,C09,1.199464,1914.22,2296.04
43219,L15,16159,A10,B25,C38,PCS,785,7.91,D,C09,1.199464,6209.35,7447.89
43219,L15,16159,A10,B25,C38,PCS,779,7.91,D,C09,1.199464,6161.89,7390.97
43210,L15,16219,A15,B28,C33,PCS,411,1.23,D,C09,1.199464,505.53,606.37
43210,L15,16219,A15,B28,C33,PCS,831,1.23,D,C09,1.199464,1022.13,1226.01
43210,L15,16219,A15,B28,C33,PCS,165,1.23,D,C09,1.199464,202.95,243.43
43210,L15,16219,A15,B28,C33,PCS,179,1.23,D,C09,1.199464,220.17,264.09
43210,L15,16219,A15,B28,C33,PCS,186,1.23,D,C09,1.199464,228.78,274.41
43210,L15,16219,A15,B28,C33,PCS,280,1.23,D,C09,1.199464,344.4,413.1
43210,L15,16219,A15,B28,C33,PCS,519,1.23,D,C09,1.199464,638.37,765.7
43210,L15,16219,A15,B28,C33,PCS,811,1.23,D,C09,1.199464,997.53,1196.5
43210,L15,16219,A15,B28,C33,PCS,976,1.23,D,C09,1.199464,1200.48,1439.93
43210,L15,16219,A15,B28,C33,PCS,72,1.23,D,C09,1.199464,88.56,106.22
43213,L15,16225,A18,B23,C35,PCS,401,3.78,D,C02,9.912483,1515.78,15025.14
43213,L15,16225,A18,B23,C35,PCS,596,3.78,D,C02,9.912483,2252.88,22331.63
43213,L15,16225,A18,B23,C35,PCS,770,3.78,D,C02,9.912483,2910.6,28851.27
43213,L15,16225,A18,B23,C35,PCS,971,3.78,D,C02,9.912483,3670.38,36382.58
43213,L15,16225,A18,B23,C35,PCS,939,3.78,D,C02,9.912483,3549.42,35183.57
43213,L15,16225,A18,B23,C35,PCS,711,3.78,D,C02,9.912483,2687.58,26640.59
43213,L15,16225,A18,B23,C35,PCS,204,3.78,D,C02,9.912483,771.12,7643.71
43213,L15,16225,A18,B23,C35,PCS,638,3.78,D,C02,9.912483,2411.64,23905.34
43213,L15,16225,A18,B23,C35,PCS,892,3.78,D,C02,9.912483,3371.76,33422.51
43213,L15,16225,A18,B23,C35,PCS,978,3.78,D,C02,9.912483,3696.84,36644.86
43216,L15,16261,A20,B24,C34,PCS,10,5,D,C10,8.657656,50,432.88
43216,L15,16261,A20,B24,C34,PCS,409,5,D,C10,8.657656,2045,17704.91
43216,L15,16261,A20,B24,C34,PCS,529,5,D,C10,8.657656,2645,22899.5
43216,L15,16261,A20,B24,C34,PCS,576,5,D,C10,8.657656,2880,24934.05
43216,L15,16261,A20,B24,C34,PCS,499,5,D,C10,8.657656,2495,21600.85
43216,L15,16261,A20,B24,C34,PCS,692,5,D,C10,8.657656,3460,29955.49
43216,L15,16261,A20,B24,C34,PCS,465,5,D,C10,8.657656,2325,20129.05
43216,L15,16261,A20,B24,C34,PCS,604,5,D,C10,8.657656,3020,26146.12
43216,L15,16261,A20,B24,C34,PCS,219,5,D,C10,8.657656,1095,9480.13
43216,L15,16261,A20,B24,C34,PCS,661,5,D,C10,8.657656,3305,28613.55
43220,L15,16570,A10,B26,C31,PCS,458,9.65,D,C04,5.388146,4419.7,23813.99
43220,L15,16570,A10,B26,C31,PCS,406,9.65,D,C04,5.388146,3917.9,21110.22
43220,L15,16570,A10,B26,C31,PCS,581,9.65,D,C04,5.388146,5606.65,30209.45
43220,L15,16570,A10,B26,C31,PCS,444,9.65,D,C04,5.388146,4284.6,23086.05
43220,L15,16570,A10,B26,C31,PCS,233,9.65,D,C04,5.388146,2248.45,12114.98
43220,L15,16570,A10,B26,C31,PCS,779,9.65,D,C04,5.388146,7517.35,40504.58
43220,L15,16570,A10,B26,C31,PCS,638,9.65,D,C04,5.388146,6156.7,33173.2
43220,L15,16570,A10,B26,C31,PCS,813,9.65,D,C04,5.388146,7845.45,42272.43
43220,L15,16570,A10,B26,C31,PCS,615,9.65,D,C04,5.388146,5934.75,31977.3
43220,L15,16570,A10,B26,C31,PCS,119,9.65,D,C04,5.388146,1148.35,6187.48
43198,L15,16780,A12,B28,C36,PCS,490,3.26,C,C03,7.133317,1597.4,11394.76
43198,L15,16780,A12,B28,C36,PCS,353,3.26,C,C03,7.133317,1150.78,8208.88
43198,L15,16780,A12,B28,C36,PCS,105,3.26,C,C03,7.133317,342.3,2441.73
43198,L15,16780,A12,B28,C36,PCS,325,3.26,C,C03,7.133317,1059.5,7557.75
43198,L15,16780,A12,B28,C36,PCS,74,3.26,C,C03,7.133317,241.24,1720.84
43198,L15,16780,A12,B28,C36,PCS,595,3.26,C,C03,7.133317,1939.7,13836.49
43198,L15,16780,A12,B28,C36,PCS,987,3.26,C,C03,7.133317,3217.62,22952.3
43198,L15,16780,A12,B28,C36,PCS,576,3.26,C,C03,7.133317,1877.76,13394.66
43198,L15,16780,A12,B28,C36,PCS,251,3.26,C,C03,7.133317,818.26,5836.91
43198,L15,16780,A12,B28,C36,PCS,382,3.26,C,C03,7.133317,1245.32,8883.26
43212,L15,17115,A14,B25,C33,PCS,874,8.41,D,C03,7.133317,7350.34,52432.31
43212,L15,17115,A14,B25,C33,PCS,971,8.41,D,C03,7.133317,8166.11,58251.45
43212,L15,17115,A14,B25,C33,PCS,695,8.41,D,C03,7.133317,5844.95,41693.88
43212,L15,17115,A14,B25,C33,PCS,915,8.41,D,C03,7.133317,7695.15,54891.94
43212,L15,17115,A14,B25,C33,PCS,581,8.41,D,C03,7.133317,4886.21,34854.88
43212,L15,17115,A14,B25,C33,PCS,5,8.41,D,C03,7.133317,42.05,299.96
43212,L15,17115,A14,B25,C33,PCS,707,8.41,D,C03,7.133317,5945.87,42413.78
43212,L15,17115,A14,B25,C33,PCS,412,8.41,D,C03,7.133317,3464.92,24716.37
43212,L15,17115,A14,B25,C33,PCS,630,8.41,D,C03,7.133317,5298.3,37794.45
43212,L15,17115,A14,B25,C33,PCS,423,8.41,D,C03,7.133317,3557.43,25376.28
43199,L15,17134,A20,B25,C37,PCS,633,9.2,D,C03,7.133317,5823.6,41541.58
43199,L15,17134,A20,B25,C37,PCS,90,9.2,D,C03,7.133317,828,5906.39
43199,L15,17134,A20,B25,C37,PCS,124,9.2,D,C03,7.133317,1140.8,8137.69
43199,L15,17134,A20,B25,C37,PCS,283,9.2,D,C03,7.133317,2603.6,18572.3
43199,L15,17134,A20,B25,C37,PCS,435,9.2,D,C03,7.133317,4002,28547.53
43199,L15,17134,A20,B25,C37,PCS,766,9.2,D,C03,7.133317,7047.2,50269.91
43199,L15,17134,A20,B25,C37,PCS,237,9.2,D,C03,7.133317,2180.4,15553.48
43199,L15,17134,A20,B25,C37,PCS,141,9.2,D,C03,7.133317,1297.2,9253.34
43199,L15,17134,A20,B25,C37,PCS,873,9.2,D,C03,7.133317,8031.6,57291.95
43199,L15,17134,A20,B25,C37,PCS,307,9.2,D,C03,7.133317,2824.4,20147.34
43194,L15,17514,A13,B20,C36,PCS,914,2.01,C,C01,6.825646,1837.14,12539.67
43194,L15,17514,A13,B20,C36,PCS,740,2.01,C,C01,6.825646,1487.4,10152.47
43194,L15,17514,A13,B20,C36,PCS,769,2.01,C,C01,6.825646,1545.69,10550.33
43194,L15,17514,A13,B20,C36,PCS,447,2.01,C,C01,6.825646,898.47,6132.64
43194,L15,17514,A13,B20,C36,PCS,180,2.01,C,C01,6.825646,361.8,2469.52
43194,L15,17514,A13,B20,C36,PCS,977,2.01,C,C01,6.825646,1963.77,13404
43194,L15,17514,A13,B20,C36,PCS,163,2.01,C,C01,6.825646,327.63,2236.29
43194,L15,17514,A13,B20,C36,PCS,937,2.01,C,C01,6.825646,1883.37,12855.22
43194,L15,17514,A13,B20,C36,PCS,676,2.01,C,C01,6.825646,1358.76,9274.41
43194,L15,17514,A13,B20,C36,PCS,703,2.01,C,C01,6.825646,1413.03,9644.84
43209,L15,17521,A13,B28,C39,PCS,233,6.51,D,C10,8.657656,1516.83,13132.19
43209,L15,17521,A13,B28,C39,PCS,991,6.51,D,C10,8.657656,6451.41,55854.09
43209,L15,17521,A13,B28,C39,PCS,352,6.51,D,C10,8.657656,2291.52,19839.19
43209,L15,17521,A13,B28,C39,PCS,809,6.51,D,C10,8.657656,5266.59,45596.32
43209,L15,17521,A13,B28,C39,PCS,897,6.51,D,C10,8.657656,5839.47,50556.12
43209,L15,17521,A13,B28,C39,PCS,183,6.51,D,C10,8.657656,1191.33,10314.13
43209,L15,17521,A13,B28,C39,PCS,581,6.51,D,C10,8.657656,3782.31,32745.94
43209,L15,17521,A13,B28,C39,PCS,555,6.51,D,C10,8.657656,3613.05,31280.54
43209,L15,17521,A13,B28,C39,PCS,733,6.51,D,C10,8.657656,4771.83,41312.86
43209,L15,17521,A13,B28,C39,PCS,707,6.51,D,C10,8.657656,4602.57,39847.47
43220,L15,17712,A15,B24,C37,PCS,76,9.65,C,C04,5.388146,733.4,3951.67
43220,L15,17712,A15,B24,C37,PCS,313,9.65,C,C04,5.388146,3020.45,16274.63
43220,L15,17712,A15,B24,C37,PCS,104,9.65,C,C04,5.388146,1003.6,5407.54
43220,L15,17712,A15,B24,C37,PCS,490,9.65,C,C04,5.388146,4728.5,25477.85
43220,L15,17712,A15,B24,C37,PCS,318,9.65,C,C04,5.388146,3068.7,16534.6
43220,L15,17712,A15,B24,C37,PCS,855,9.65,C,C04,5.388146,8250.75,44456.25
43220,L15,17712,A15,B24,C37,PCS,453,9.65,C,C04,5.388146,4371.45,23554.01
43220,L15,17712,A15,B24,C37,PCS,53,9.65,C,C04,5.388146,511.45,2755.77
43220,L15,17712,A15,B24,C37,PCS,541,9.65,C,C04,5.388146,5220.65,28129.62
43220,L15,17712,A15,B24,C37,PCS,688,9.65,C,C04,5.388146,6639.2,35772.98
43191,L15,17717,A18,B26,C37,PCS,577,1.61,C,C01,6.825646,928.97,6340.82
43191,L15,17717,A18,B26,C37,PCS,449,1.61,C,C01,6.825646,722.89,4934.19
43191,L15,17717,A18,B26,C37,PCS,150,1.61,C,C01,6.825646,241.5,1648.39
43191,L15,17717,A18,B26,C37,PCS,290,1.61,C,C01,6.825646,466.9,3186.89
43191,L15,17717,A18,B26,C37,PCS,425,1.61,C,C01,6.825646,684.25,4670.45
43191,L15,17717,A18,B26,C37,PCS,602,1.61,C,C01,6.825646,969.22,6615.55
43191,L15,17717,A18,B26,C37,PCS,152,1.61,C,C01,6.825646,244.72,1670.37
43191,L15,17717,A18,B26,C37,PCS,819,1.61,C,C01,6.825646,1318.59,9000.23
43191,L15,17717,A18,B26,C37,PCS,785,1.61,C,C01,6.825646,1263.85,8626.59
43191,L15,17717,A18,B26,C37,PCS,188,1.61,C,C01,6.825646,302.68,2065.99
43219,L15,17744,A12,B23,C36,PCS,237,1.39,D,C06,3.547054,329.43,1168.51
43219,L15,17744,A12,B23,C36,PCS,644,1.39,D,C06,3.547054,895.16,3175.18
43219,L15,17744,A12,B23,C36,PCS,224,1.39,D,C06,3.547054,311.36,1104.41
43219,L15,17744,A12,B23,C36,PCS,269,1.39,D,C06,3.547054,373.91,1326.28
43219,L15,17744,A12,B23,C36,PCS,746,1.39,D,C06,3.547054,1036.94,3678.08
43219,L15,17744,A12,B23,C36,PCS,487,1.39,D,C06,3.547054,676.93,2401.11
43219,L15,17744,A12,B23,C36,PCS,20,1.39,D,C06,3.547054,27.8,98.61
43219,L15,17744,A12,B23,C36,PCS,65,1.39,D,C06,3.547054,90.35,320.48
43219,L15,17744,A12,B23,C36,PCS,499,1.39,D,C06,3.547054,693.61,2460.27
43219,L15,17744,A12,B23,C36,PCS,590,1.39,D,C06,3.547054,820.1,2908.94
43199,L15,17745,A17,B29,C34,PCS,711,5.4,C,C02,9.912483,3839.4,38057.99
43199,L15,17745,A17,B29,C34,PCS,995,5.4,C,C02,9.912483,5373,53259.77
43199,L15,17745,A17,B29,C34,PCS,102,5.4,C,C02,9.912483,550.8,5459.8
43199,L15,17745,A17,B29,C34,PCS,210,5.4,C,C02,9.912483,1134,11240.76
43199,L15,17745,A17,B29,C34,PCS,347,5.4,C,C02,9.912483,1873.8,18574.01
43199,L15,17745,A17,B29,C34,PCS,727,5.4,C,C02,9.912483,3925.8,38914.43
43199,L15,17745,A17,B29,C34,PCS,633,5.4,C,C02,9.912483,3418.2,33882.85
43199,L15,17745,A17,B29,C34,PCS,606,5.4,C,C02,9.912483,3272.4,32437.61
43199,L15,17745,A17,B29,C34,PCS,535,5.4,C,C02,9.912483,2889,28637.16
43199,L15,17745,A17,B29,C34,PCS,332,5.4,C,C02,9.912483,1792.8,17771.1
43213,L15,17790,A13,B24,C34,PCS,442,6.41,C,C06,3.547054,2833.22,10049.58
43213,L15,17790,A13,B24,C34,PCS,709,6.41,C,C06,3.547054,4544.69,16120.26
43213,L15,17790,A13,B24,C34,PCS,899,6.41,C,C06,3.547054,5762.59,20440.22
43213,L15,17790,A13,B24,C34,PCS,907,6.41,C,C06,3.547054,5813.87,20622.11
43213,L15,17790,A13,B24,C34,PCS,240,6.41,C,C06,3.547054,1538.4,5456.79
43213,L15,17790,A13,B24,C34,PCS,526,6.41,C,C06,3.547054,3371.66,11959.46
43213,L15,17790,A13,B24,C34,PCS,906,6.41,C,C06,3.547054,5807.46,20599.37
43213,L15,17790,A13,B24,C34,PCS,240,6.41,C,C06,3.547054,1538.4,5456.79
43213,L15,17790,A13,B24,C34,PCS,92,6.41,C,C06,3.547054,589.72,2091.77
43213,L15,17790,A13,B24,C34,PCS,600,6.41,C,C06,3.547054,3846,13641.97
43200,L15,17876,A11,B28,C36,PCS,30,8.38,C,C08,1.496196,251.4,376.14
43200,L15,17876,A11,B28,C36,PCS,772,8.38,C,C08,1.496196,6469.36,9679.43
43200,L15,17876,A11,B28,C36,PCS,371,8.38,C,C08,1.496196,3108.98,4651.64
43200,L15,17876,A11,B28,C36,PCS,988,8.38,C,C08,1.496196,8279.44,12387.67
43200,L15,17876,A11,B28,C36,PCS,433,8.38,C,C08,1.496196,3628.54,5429.01
43200,L15,17876,A11,B28,C36,PCS,371,8.38,C,C08,1.496196,3108.98,4651.64
43200,L15,17876,A11,B28,C36,PCS,246,8.38,C,C08,1.496196,2061.48,3084.38
43200,L15,17876,A11,B28,C36,PCS,321,8.38,C,C08,1.496196,2689.98,4024.74
43200,L15,17876,A11,B28,C36,PCS,741,8.38,C,C08,1.496196,6209.58,9290.75
43200,L15,17876,A11,B28,C36,PCS,293,8.38,C,C08,1.496196,2455.34,3673.67
43193,L15,17914,A20,B24,C30,PCS,75,6.35,D,C06,3.547054,476.25,1689.28
43193,L15,17914,A20,B24,C30,PCS,343,6.35,D,C06,3.547054,2178.05,7725.66
43193,L15,17914,A20,B24,C30,PCS,482,6.35,D,C06,3.547054,3060.7,10856.47
43193,L15,17914,A20,B24,C30,PCS,898,6.35,D,C06,3.547054,5702.3,20226.37
43193,L15,17914,A20,B24,C30,PCS,291,6.35,D,C06,3.547054,1847.85,6554.42
43193,L15,17914,A20,B24,C30,PCS,730,6.35,D,C06,3.547054,4635.5,16442.37
43193,L15,17914,A20,B24,C30,PCS,265,6.35,D,C06,3.547054,1682.75,5968.81
43193,L15,17914,A20,B24,C30,PCS,43,6.35,D,C06,3.547054,273.05,968.52
43193,L15,17914,A20,B24,C30,PCS,866,6.35,D,C06,3.547054,5499.1,19505.6
43193,L15,17914,A20,B24,C30,PCS,530,6.35,D,C06,3.547054,3365.5,11937.61
43209,L15,18189,A12,B25,C37,PCS,389,7.86,C,C03,7.133317,3057.54,21810.4
43209,L15,18189,A12,B25,C37,PCS,138,7.86,C,C03,7.133317,1084.68,7737.37
43209,L15,18189,A12,B25,C37,PCS,743,7.86,C,C03,7.133317,5839.98,41658.43
43209,L15,18189,A12,B25,C37,PCS,397,7.86,C,C03,7.133317,3120.42,22258.95
43209,L15,18189,A12,B25,C37,PCS,238,7.86,C,C03,7.133317,1870.68,13344.15
43209,L15,18189,A12,B25,C37,PCS,737,7.86,C,C03,7.133317,5792.82,41322.02
43209,L15,18189,A12,B25,C37,PCS,847,7.86,C,C03,7.133317,6657.42,47489.49
43209,L15,18189,A12,B25,C37,PCS,606,7.86,C,C03,7.133317,4763.16,33977.13
43209,L15,18189,A12,B25,C37,PCS,381,7.86,C,C03,7.133317,2994.66,21361.86
43209,L15,18189,A12,B25,C37,PCS,424,7.86,C,C03,7.133317,3332.64,23772.78
43206,L15,18281,A17,B22,C36,PCS,604,4.22,C,C02,9.912483,2548.88,25265.73
43206,L15,18281,A17,B22,C36,PCS,690,4.22,C,C02,9.912483,2911.8,28863.17
43206,L15,18281,A17,B22,C36,PCS,406,4.22,C,C02,9.912483,1713.32,16983.26
43206,L15,18281,A17,B22,C36,PCS,746,4.22,C,C02,9.912483,3148.12,31205.69
43206,L15,18281,A17,B22,C36,PCS,740,4.22,C,C02,9.912483,3122.8,30954.7
43206,L15,18281,A17,B22,C36,PCS,555,4.22,C,C02,9.912483,2342.1,23216.03
43206,L15,18281,A17,B22,C36,PCS,114,4.22,C,C02,9.912483,481.08,4768.7
43206,L15,18281,A17,B22,C36,PCS,880,4.22,C,C02,9.912483,3713.6,36811
43206,L15,18281,A17,B22,C36,PCS,346,4.22,C,C02,9.912483,1460.12,14473.41
43206,L15,18281,A17,B22,C36,PCS,643,4.22,C,C02,9.912483,2713.46,26897.13
43208,L15,18315,A13,B25,C33,PCS,505,9.72,C,C01,6.825646,4908.6,33504.37
43208,L15,18315,A13,B25,C33,PCS,509,9.72,C,C01,6.825646,4947.48,33769.75
43208,L15,18315,A13,B25,C33,PCS,591,9.72,C,C01,6.825646,5744.52,39210.06
43208,L15,18315,A13,B25,C33,PCS,582,9.72,C,C01,6.825646,5657.04,38612.95
43208,L15,18315,A13,B25,C33,PCS,876,9.72,C,C01,6.825646,8514.72,58118.46
43208,L15,18315,A13,B25,C33,PCS,332,9.72,C,C01,6.825646,3227.04,22026.63
43208,L15,18315,A13,B25,C33,PCS,599,9.72,C,C01,6.825646,5822.28,39740.82
43208,L15,18315,A13,B25,C33,PCS,895,9.72,C,C01,6.825646,8699.4,59379.02
43208,L15,18315,A13,B25,C33,PCS,835,9.72,C,C01,6.825646,8116.2,55398.31
43208,L15,18315,A13,B25,C33,PCS,123,9.72,C,C01,6.825646,1195.56,8160.47
43200,L15,18338,A11,B29,C33,PCS,932,8.38,D,C08,1.496196,7810.16,11685.53
43200,L15,18338,A11,B29,C33,PCS,130,8.38,D,C08,1.496196,1089.4,1629.96
43200,L15,18338,A11,B29,C33,PCS,994,8.38,D,C08,1.496196,8329.72,12462.89
43200,L15,18338,A11,B29,C33,PCS,114,8.38,D,C08,1.496196,955.32,1429.35
43200,L15,18338,A11,B29,C33,PCS,770,8.38,D,C08,1.496196,6452.6,9654.35
43200,L15,18338,A11,B29,C33,PCS,113,8.38,D,C08,1.496196,946.94,1416.81
43200,L15,18338,A11,B29,C33,PCS,267,8.38,D,C08,1.496196,2237.46,3347.68
43200,L15,18338,A11,B29,C33,PCS,457,8.38,D,C08,1.496196,3829.66,5729.92
43200,L15,18338,A11,B29,C33,PCS,628,8.38,D,C08,1.496196,5262.64,7873.94
43200,L15,18338,A11,B29,C33,PCS,158,8.38,D,C08,1.496196,1324.04,1981.02
43199,L15,18376,A14,B22,C30,PCS,280,4.32,D,C04,5.388146,1209.6,6517.5
43199,L15,18376,A14,B22,C30,PCS,431,4.32,D,C04,5.388146,1861.92,10032.3
43199,L15,18376,A14,B22,C30,PCS,983,4.32,D,C04,5.388146,4246.56,22881.09
43199,L15,18376,A14,B22,C30,PCS,775,4.32,D,C04,5.388146,3348,18039.51
43199,L15,18376,A14,B22,C30,PCS,226,4.32,D,C04,5.388146,976.32,5260.55
43199,L15,18376,A14,B22,C30,PCS,285,4.32,D,C04,5.388146,1231.2,6633.89
43199,L15,18376,A14,B22,C30,PCS,203,4.32,D,C04,5.388146,876.96,4725.19
43199,L15,18376,A14,B22,C30,PCS,306,4.32,D,C04,5.388146,1321.92,7122.7
43199,L15,18376,A14,B22,C30,PCS,699,4.32,D,C04,5.388146,3019.68,16270.48
43199,L15,18376,A14,B22,C30,PCS,931,4.32,D,C04,5.388146,4021.92,21670.69
43193,L15,18578,A16,B25,C32,PCS,917,6.71,C,C07,1.358577,6153.07,8359.42
43193,L15,18578,A16,B25,C32,PCS,48,6.71,C,C07,1.358577,322.08,437.57
43193,L15,18578,A16,B25,C32,PCS,981,6.71,C,C07,1.358577,6582.51,8942.85
43193,L15,18578,A16,B25,C32,PCS,512,6.71,C,C07,1.358577,3435.52,4667.42
43193,L15,18578,A16,B25,C32,PCS,550,6.71,C,C07,1.358577,3690.5,5013.83
43193,L15,18578,A16,B25,C32,PCS,795,6.71,C,C07,1.358577,5334.45,7247.26
43193,L15,18578,A16,B25,C32,PCS,869,6.71,C,C07,1.358577,5830.99,7921.85
43193,L15,18578,A16,B25,C32,PCS,81,6.71,C,C07,1.358577,543.51,738.4
43193,L15,18578,A16,B25,C32,PCS,625,6.71,C,C07,1.358577,4193.75,5697.53
43193,L15,18578,A16,B25,C32,PCS,924,6.71,C,C07,1.358577,6200.04,8423.23
43208,L15,18593,A10,B25,C37,PCS,585,1.7,C,C07,1.358577,994.5,1351.1
43208,L15,18593,A10,B25,C37,PCS,956,1.7,C,C07,1.358577,1625.2,2207.96
43208,L15,18593,A10,B25,C37,PCS,103,1.7,C,C07,1.358577,175.1,237.89
43208,L15,18593,A10,B25,C37,PCS,409,1.7,C,C07,1.358577,695.3,944.62
43208,L15,18593,A10,B25,C37,PCS,22,1.7,C,C07,1.358577,37.4,50.81
43208,L15,18593,A10,B25,C37,PCS,632,1.7,C,C07,1.358577,1074.4,1459.66
43208,L15,18593,A10,B25,C37,PCS,786,1.7,C,C07,1.358577,1336.2,1815.33
43208,L15,18593,A10,B25,C37,PCS,929,1.7,C,C07,1.358577,1579.3,2145.6
43208,L15,18593,A10,B25,C37,PCS,228,1.7,C,C07,1.358577,387.6,526.58
43208,L15,18593,A10,B25,C37,PCS,734,1.7,C,C07,1.358577,1247.8,1695.23
43194,L15,18684,A15,B24,C34,PCS,523,5.83,C,C03,7.133317,3049.09,21750.13
43194,L15,18684,A15,B24,C34,PCS,64,5.83,C,C03,7.133317,373.12,2661.58
43194,L15,18684,A15,B24,C34,PCS,50,5.83,C,C03,7.133317,291.5,2079.36
43194,L15,18684,A15,B24,C34,PCS,902,5.83,C,C03,7.133317,5258.66,37511.69
43194,L15,18684,A15,B24,C34,PCS,476,5.83,C,C03,7.133317,2775.08,19795.53
43194,L15,18684,A15,B24,C34,PCS,20,5.83,C,C03,7.133317,116.6,831.74
43194,L15,18684,A15,B24,C34,PCS,771,5.83,C,C03,7.133317,4494.93,32063.76
43194,L15,18684,A15,B24,C34,PCS,135,5.83,C,C03,7.133317,787.05,5614.28
43194,L15,18684,A15,B24,C34,PCS,258,5.83,C,C03,7.133317,1504.14,10729.51
43194,L15,18684,A15,B24,C34,PCS,862,5.83,C,C03,7.133317,5025.46,35848.2
43217,L15,18708,A20,B22,C36,PCS,854,1.81,C,C09,1.199464,1545.74,1854.06
43217,L15,18708,A20,B22,C36,PCS,913,1.81,C,C09,1.199464,1652.53,1982.15
43217,L15,18708,A20,B22,C36,PCS,95,1.81,C,C09,1.199464,171.95,206.25
43217,L15,18708,A20,B22,C36,PCS,387,1.81,C,C09,1.199464,700.47,840.19
43217,L15,18708,A20,B22,C36,PCS,153,1.81,C,C09,1.199464,276.93,332.17
43217,L15,18708,A20,B22,C36,PCS,747,1.81,C,C09,1.199464,1352.07,1621.76
43217,L15,18708,A20,B22,C36,PCS,43,1.81,C,C09,1.199464,77.83,93.35
43217,L15,18708,A20,B22,C36,PCS,734,1.81,C,C09,1.199464,1328.54,1593.54
43217,L15,18708,A20,B22,C36,PCS,868,1.81,C,C09,1.199464,1571.08,1884.45
43217,L15,18708,A20,B22,C36,PCS,722,1.81,C,C09,1.199464,1306.82,1567.48
43191,L15,18810,A20,B30,C36,PCS,334,1.61,D,C01,6.825646,537.74,3670.42
43191,L15,18810,A20,B30,C36,PCS,665,1.61,D,C01,6.825646,1070.65,7307.88
43191,L15,18810,A20,B30,C36,PCS,226,1.61,D,C01,6.825646,363.86,2483.58
43191,L15,18810,A20,B30,C36,PCS,795,1.61,D,C01,6.825646,1279.95,8736.49
43191,L15,18810,A20,B30,C36,PCS,680,1.61,D,C01,6.825646,1094.8,7472.72
43191,L15,18810,A20,B30,C36,PCS,709,1.61,D,C01,6.825646,1141.49,7791.41
43191,L15,18810,A20,B30,C36,PCS,879,1.61,D,C01,6.825646,1415.19,9659.59
43191,L15,18810,A20,B30,C36,PCS,389,1.61,D,C01,6.825646,626.29,4274.83
43191,L15,18810,A20,B30,C36,PCS,464,1.61,D,C01,6.825646,747.04,5099.03
43191,L15,18810,A20,B30,C36,PCS,429,1.61,D,C01,6.825646,690.69,4714.41
43203,L15,18820,A10,B29,C40,PCS,134,6.02,C,C10,8.657656,806.68,6983.96
43203,L15,18820,A10,B29,C40,PCS,593,6.02,C,C10,8.657656,3569.86,30906.62
43203,L15,18820,A10,B29,C40,PCS,149,6.02,C,C10,8.657656,896.98,7765.74
43203,L15,18820,A10,B29,C40,PCS,211,6.02,C,C10,8.657656,1270.22,10997.13
43203,L15,18820,A10,B29,C40,PCS,770,6.02,C,C10,8.657656,4635.4,40131.7
43203,L15,18820,A10,B29,C40,PCS,503,6.02,C,C10,8.657656,3028.06,26215.9
43203,L15,18820,A10,B29,C40,PCS,376,6.02,C,C10,8.657656,2263.52,19596.78
43203,L15,18820,A10,B29,C40,PCS,851,6.02,C,C10,8.657656,5123.02,44353.34
43203,L15,18820,A10,B29,C40,PCS,119,6.02,C,C10,8.657656,716.38,6202.17
43203,L15,18820,A10,B29,C40,PCS,390,6.02,C,C10,8.657656,2347.8,20326.44
43212,L15,18827,A17,B27,C34,PCS,16,8.41,D,C03,7.133317,134.56,959.86
43212,L15,18827,A17,B27,C34,PCS,171,8.41,D,C03,7.133317,1438.11,10258.49
43212,L15,18827,A17,B27,C34,PCS,524,8.41,D,C03,7.133317,4406.84,31435.39
43212,L15,18827,A17,B27,C34,PCS,647,8.41,D,C03,7.133317,5441.27,38814.3
43212,L15,18827,A17,B27,C34,PCS,501,8.41,D,C03,7.133317,4213.41,30055.59
43212,L15,18827,A17,B27,C34,PCS,32,8.41,D,C03,7.133317,269.12,1919.72
43212,L15,18827,A17,B27,C34,PCS,542,8.41,D,C03,7.133317,4558.22,32515.23
43212,L15,18827,A17,B27,C34,PCS,964,8.41,D,C03,7.133317,8107.24,57831.51
43212,L15,18827,A17,B27,C34,PCS,388,8.41,D,C03,7.133317,3263.08,23276.58
43212,L15,18827,A17,B27,C34,PCS,867,8.41,D,C03,7.133317,7291.47,52012.37
43191,L15,18885,A20,B21,C37,PCS,387,9.64,D,C09,1.199464,3730.68,4474.82
43191,L15,18885,A20,B21,C37,PCS,787,9.64,D,C09,1.199464,7586.68,9099.95
43191,L15,18885,A20,B21,C37,PCS,276,9.64,D,C09,1.199464,2660.64,3191.34
43191,L15,18885,A20,B21,C37,PCS,683,9.64,D,C09,1.199464,6584.12,7897.41
43191,L15,18885,A20,B21,C37,PCS,740,9.64,D,C09,1.199464,7133.6,8556.5
43191,L15,18885,A20,B21,C37,PCS,847,9.64,D,C09,1.199464,8165.08,9793.72
43191,L15,18885,A20,B21,C37,PCS,525,9.64,D,C09,1.199464,5061,6070.49
43191,L15,18885,A20,B21,C37,PCS,331,9.64,D,C09,1.199464,3190.84,3827.3
43191,L15,18885,A20,B21,C37,PCS,256,9.64,D,C09,1.199464,2467.84,2960.09
43191,L15,18885,A20,B21,C37,PCS,403,9.64,D,C09,1.199464,3884.92,4659.82
43212,L15,19012,A16,B20,C35,PCS,561,5.77,C,C02,9.912483,3236.97,32086.41
43212,L15,19012,A16,B20,C35,PCS,708,5.77,C,C02,9.912483,4085.16,40494.08
43212,L15,19012,A16,B20,C35,PCS,716,5.77,C,C02,9.912483,4131.32,40951.64
43212,L15,19012,A16,B20,C35,PCS,536,5.77,C,C02,9.912483,3092.72,30656.53
43212,L15,19012,A16,B20,C35,PCS,88,5.77,C,C02,9.912483,507.76,5033.16
43212,L15,19012,A16,B20,C35,PCS,537,5.77,C,C02,9.912483,3098.49,30713.73
43212,L15,19012,A16,B20,C35,PCS,719,5.77,C,C02,9.912483,4148.63,41123.22
43212,L15,19012,A16,B20,C35,PCS,115,5.77,C,C02,9.912483,663.55,6577.43
43212,L15,19012,A16,B20,C35,PCS,20,5.77,C,C02,9.912483,115.4,1143.9
43212,L15,19012,A16,B20,C35,PCS,10,5.77,C,C02,9.912483,57.7,571.95
43213,L15,19023,A17,B25,C40,PCS,885,1.61,C,C03,7.133317,1424.85,10163.91
43213,L15,19023,A17,B25,C40,PCS,916,1.61,C,C03,7.133317,1474.76,10519.93
43213,L15,19023,A17,B25,C40,PCS,50,1.61,C,C03,7.133317,80.5,574.23
43213,L15,19023,A17,B25,C40,PCS,774,1.61,C,C03,7.133317,1246.14,8889.11
43213,L15,19023,A17,B25,C40,PCS,898,1.61,C,C03,7.133317,1445.78,10313.21
43213,L15,19023,A17,B25,C40,PCS,81,1.61,C,C03,7.133317,130.41,930.26
43213,L15,19023,A17,B25,C40,PCS,435,1.61,C,C03,7.133317,700.35,4995.82
43213,L15,19023,A17,B25,C40,PCS,694,1.61,C,C03,7.133317,1117.34,7970.34
43213,L15,19023,A17,B25,C40,PCS,783,1.61,C,C03,7.133317,1260.63,8992.47
43213,L15,19023,A17,B25,C40,PCS,602,1.61,C,C03,7.133317,969.22,6913.75
43213,L15,19118,A15,B20,C33,PCS,626,6.41,C,C06,3.547054,4012.66,14233.12
43213,L15,19118,A15,B20,C33,PCS,867,6.41,C,C06,3.547054,5557.47,19712.65
43213,L15,19118,A15,B20,C33,PCS,156,6.41,C,C06,3.547054,999.96,3546.91
43213,L15,19118,A15,B20,C33,PCS,911,6.41,C,C06,3.547054,5839.51,20713.06
43213,L15,19118,A15,B20,C33,PCS,110,6.41,C,C06,3.547054,705.1,2501.03
43213,L15,19118,A15,B20,C33,PCS,762,6.41,C,C06,3.547054,4884.42,17325.3
43213,L15,19118,A15,B20,C33,PCS,558,6.41,C,C06,3.547054,3576.78,12687.03
43213,L15,19118,A15,B20,C33,PCS,929,6.41,C,C06,3.547054,5954.89,21122.32
43213,L15,19118,A15,B20,C33,PCS,263,6.41,C,C06,3.547054,1685.83,5979.73
43213,L15,19118,A15,B20,C33,PCS,378,6.41,C,C06,3.547054,2422.98,8594.44
43212,L15,19206,A20,B24,C38,PCS,75,5.77,D,C02,9.912483,432.75,4289.63
43212,L15,19206,A20,B24,C38,PCS,685,5.77,D,C02,9.912483,3952.45,39178.59
43212,L15,19206,A20,B24,C38,PCS,224,5.77,D,C02,9.912483,1292.48,12811.69
43212,L15,19206,A20,B24,C38,PCS,352,5.77,D,C02,9.912483,2031.04,20132.65
43212,L15,19206,A20,B24,C38,PCS,967,5.77,D,C02,9.912483,5579.59,55307.59
43212,L15,19206,A20,B24,C38,PCS,993,5.77,D,C02,9.912483,5729.61,56794.66
43212,L15,19206,A20,B24,C38,PCS,386,5.77,D,C02,9.912483,2227.22,22077.28
43212,L15,19206,A20,B24,C38,PCS,335,5.77,D,C02,9.912483,1932.95,19160.33
43212,L15,19206,A20,B24,C38,PCS,680,5.77,D,C02,9.912483,3923.6,38892.62
43212,L15,19206,A20,B24,C38,PCS,826,5.77,D,C02,9.912483,4766.02,47243.09
43208,L15,19209,A20,B23,C32,PCS,882,8.45,C,C07,1.358577,7452.9,10125.34
43208,L15,19209,A20,B23,C32,PCS,363,8.45,C,C07,1.358577,3067.35,4167.23
43208,L15,19209,A20,B23,C32,PCS,518,8.45,C,C07,1.358577,4377.1,5946.63
43208,L15,19209,A20,B23,C32,PCS,231,8.45,C,C07,1.358577,1951.95,2651.87
43208,L15,19209,A20,B23,C32,PCS,217,8.45,C,C07,1.358577,1833.65,2491.15
43208,L15,19209,A20,B23,C32,PCS,662,8.45,C,C07,1.358577,5593.9,7599.74
43208,L15,19209,A20,B23,C32,PCS,43,8.45,C,C07,1.358577,363.35,493.64
43208,L15,19209,A20,B23,C32,PCS,312,8.45,C,C07,1.358577,2636.4,3581.75
43208,L15,19209,A20,B23,C32,PCS,912,8.45,C,C07,1.358577,7706.4,10469.74
43208,L15,19209,A20,B23,C32,PCS,166,8.45,C,C07,1.358577,1402.7,1905.68
43206,L15,19252,A11,B28,C38,PCS,977,1.51,D,C04,5.388146,1475.27,7948.97
43206,L15,19252,A11,B28,C38,PCS,79,1.51,D,C04,5.388146,119.29,642.75
43206,L15,19252,A11,B28,C38,PCS,125,1.51,D,C04,5.388146,188.75,1017.01
43206,L15,19252,A11,B28,C38,PCS,602,1.51,D,C04,5.388146,909.02,4897.93
43206,L15,19252,A11,B28,C38,PCS,420,1.51,D,C04,5.388146,634.2,3417.16
43206,L15,19252,A11,B28,C38,PCS,590,1.51,D,C04,5.388146,890.9,4800.3
43206,L15,19252,A11,B28,C38,PCS,372,1.51,D,C04,5.388146,561.72,3026.63
43206,L15,19252,A11,B28,C38,PCS,693,1.51,D,C04,5.388146,1046.43,5638.32
43206,L15,19252,A11,B28,C38,PCS,995,1.51,D,C04,5.388146,1502.45,8095.42
43206,L15,19252,A11,B28,C38,PCS,740,1.51,D,C04,5.388146,1117.4,6020.71
43197,L15,19388,A16,B24,C38,PCS,157,1.21,C,C10,8.657656,189.97,1644.69
43197,L15,19388,A16,B24,C38,PCS,71,1.21,C,C10,8.657656,85.91,743.78
43197,L15,19388,A16,B24,C38,PCS,229,1.21,C,C10,8.657656,277.09,2398.95
43197,L15,19388,A16,B24,C38,PCS,127,1.21,C,C10,8.657656,153.67,1330.42
43197,L15,19388,A16,B24,C38,PCS,267,1.21,C,C10,8.657656,323.07,2797.03
43197,L15,19388,A16,B24,C38,PCS,342,1.21,C,C10,8.657656,413.82,3582.71
43197,L15,19388,A16,B24,C38,PCS,938,1.21,C,C10,8.657656,1134.98,9826.27
43197,L15,19388,A16,B24,C38,PCS,952,1.21,C,C10,8.657656,1151.92,9972.93
43197,L15,19388,A16,B24,C38,PCS,956,1.21,C,C10,8.657656,1156.76,10014.83
43197,L15,19388,A16,B24,C38,PCS,427,1.21,C,C10,8.657656,516.67,4473.15
43197,L15,19597,A19,B26,C40,PCS,696,1.21,D,C10,8.657656,842.16,7291.13
43197,L15,19597,A19,B26,C40,PCS,904,1.21,D,C10,8.657656,1093.84,9470.09
43197,L15,19597,A19,B26,C40,PCS,329,1.21,D,C10,8.657656,398.09,3446.53
43197,L15,19597,A19,B26,C40,PCS,883,1.21,D,C10,8.657656,1068.43,9250.1
43197,L15,19597,A19,B26,C40,PCS,206,1.21,D,C10,8.657656,249.26,2158.01
43197,L15,19597,A19,B26,C40,PCS,611,1.21,D,C10,8.657656,739.31,6400.69
43197,L15,19597,A19,B26,C40,PCS,202,1.21,D,C10,8.657656,244.42,2116.1
43197,L15,19597,A19,B26,C40,PCS,373,1.21,D,C10,8.657656,451.33,3907.46
43197,L15,19597,A19,B26,C40,PCS,59,1.21,D,C10,8.657656,71.39,618.07
43197,L15,19597,A19,B26,C40,PCS,929,1.21,D,C10,8.657656,1124.09,9731.98
43208,L15,19610,A15,B29,C36,PCS,12,6.32,C,C02,9.912483,75.84,751.76
43208,L15,19610,A15,B29,C36,PCS,215,6.32,C,C02,9.912483,1358.8,13469.08
43208,L15,19610,A15,B29,C36,PCS,110,6.32,C,C02,9.912483,695.2,6891.16
43208,L15,19610,A15,B29,C36,PCS,383,6.32,C,C02,9.912483,2420.56,23993.76
43208,L15,19610,A15,B29,C36,PCS,732,6.32,C,C02,9.912483,4626.24,45857.53
43208,L15,19610,A15,B29,C36,PCS,807,6.32,C,C02,9.912483,5100.24,50556.04
43208,L15,19610,A15,B29,C36,PCS,623,6.32,C,C02,9.912483,3937.36,39029.01
43208,L15,19610,A15,B29,C36,PCS,916,6.32,C,C02,9.912483,5789.12,57384.55
43208,L15,19610,A15,B29,C36,PCS,868,6.32,C,C02,9.912483,5485.76,54377.5
43208,L15,19610,A15,B29,C36,PCS,601,6.32,C,C02,9.912483,3798.32,37650.78
43217,L15,19651,A16,B28,C32,PCS,511,7,C,C10,8.657656,3577,30968.44
43217,L15,19651,A16,B28,C32,PCS,252,7,C,C10,8.657656,1764,15272.11
43217,L15,19651,A16,B28,C32,PCS,645,7,C,C10,8.657656,4515,39089.32
43217,L15,19651,A16,B28,C32,PCS,849,7,C,C10,8.657656,5943,51452.45
43217,L15,19651,A16,B28,C32,PCS,781,7,C,C10,8.657656,5467,47331.41
43217,L15,19651,A16,B28,C32,PCS,95,7,C,C10,8.657656,665,5757.34
43217,L15,19651,A16,B28,C32,PCS,427,7,C,C10,8.657656,2989,25877.73
43217,L15,19651,A16,B28,C32,PCS,521,7,C,C10,8.657656,3647,31574.47
43217,L15,19651,A16,B28,C32,PCS,92,7,C,C10,8.657656,644,5575.53
43217,L15,19651,A16,B28,C32,PCS,94,7,C,C10,8.657656,658,5696.74
43207,L15,19679,A10,B25,C32,PCS,316,4.46,C,C02,9.912483,1409.36,13970.26
43207,L15,19679,A10,B25,C32,PCS,116,4.46,C,C02,9.912483,517.36,5128.32
43207,L15,19679,A10,B25,C32,PCS,27,4.46,C,C02,9.912483,120.42,1193.66
43207,L15,19679,A10,B25,C32,PCS,469,4.46,C,C02,9.912483,2091.74,20734.34
43207,L15,19679,A10,B25,C32,PCS,580,4.46,C,C02,9.912483,2586.8,25641.61
43207,L15,19679,A10,B25,C32,PCS,579,4.46,C,C02,9.912483,2582.34,25597.4
43207,L15,19679,A10,B25,C32,PCS,715,4.46,C,C02,9.912483,3188.9,31609.92
43207,L15,19679,A10,B25,C32,PCS,656,4.46,C,C02,9.912483,2925.76,29001.55
43207,L15,19679,A10,B25,C32,PCS,661,4.46,C,C02,9.912483,2948.06,29222.59
43207,L15,19679,A10,B25,C32,PCS,564,4.46,C,C02,9.912483,2515.44,24934.26
43200,L15,19824,A19,B20,C34,PCS,69,7.42,C,C03,7.133317,511.98,3652.12
43200,L15,19824,A19,B20,C34,PCS,954,7.42,C,C03,7.133317,7078.68,50494.47
43200,L15,19824,A19,B20,C34,PCS,974,7.42,C,C03,7.133317,7227.08,51553.05
43200,L15,19824,A19,B20,C34,PCS,390,7.42,C,C03,7.133317,2893.8,20642.39
43200,L15,19824,A19,B20,C34,PCS,186,7.42,C,C03,7.133317,1380.12,9844.83
43200,L15,19824,A19,B20,C34,PCS,25,7.42,C,C03,7.133317,185.5,1323.23
43200,L15,19824,A19,B20,C34,PCS,206,7.42,C,C03,7.133317,1528.52,10903.42
43200,L15,19824,A19,B20,C34,PCS,639,7.42,C,C03,7.133317,4741.38,33821.77
43200,L15,19824,A19,B20,C34,PCS,810,7.42,C,C03,7.133317,6010.2,42872.66
43200,L15,19824,A19,B20,C34,PCS,982,7.42,C,C03,7.133317,7286.44,51976.49
43251,L15,10031,A18,B26,C31,PCS,256,7.71,C,C06,3.547054,1973.76,7001.03
43251,L15,10031,A18,B26,C31,PCS,170,7.71,C,C06,3.547054,1310.7,4649.12
43251,L15,10031,A18,B26,C31,PCS,537,7.71,C,C06,3.547054,4140.27,14685.76
43251,L15,10031,A18,B26,C31,PCS,234,7.71,C,C06,3.547054,1804.14,6399.38
43251,L15,10031,A18,B26,C31,PCS,702,7.71,C,C06,3.547054,5412.42,19198.15
43251,L15,10031,A18,B26,C31,PCS,866,7.71,C,C06,3.547054,6676.86,23683.18
43251,L15,10031,A18,B26,C31,PCS,547,7.71,C,C06,3.547054,4217.37,14959.24
43251,L15,10031,A18,B26,C31,PCS,89,7.71,C,C06,3.547054,686.19,2433.95
43251,L15,10031,A18,B26,C31,PCS,548,7.71,C,C06,3.547054,4225.08,14986.59
43251,L15,10031,A18,B26,C31,PCS,788,7.71,C,C06,3.547054,6075.48,21550.06
43244,L15,10145,A12,B27,C39,PCS,870,1.97,D,C04,5.388146,1713.9,9234.74
43244,L15,10145,A12,B27,C39,PCS,912,1.97,D,C04,5.388146,1796.64,9680.56
43244,L15,10145,A12,B27,C39,PCS,10,1.97,D,C04,5.388146,19.7,106.15
43244,L15,10145,A12,B27,C39,PCS,993,1.97,D,C04,5.388146,1956.21,10540.35
43244,L15,10145,A12,B27,C39,PCS,428,1.97,D,C04,5.388146,843.16,4543.07
43244,L15,10145,A12,B27,C39,PCS,53,1.97,D,C04,5.388146,104.41,562.58
43244,L15,10145,A12,B27,C39,PCS,190,1.97,D,C04,5.388146,374.3,2016.78
43244,L15,10145,A12,B27,C39,PCS,862,1.97,D,C04,5.388146,1698.14,9149.83
43244,L15,10145,A12,B27,C39,PCS,122,1.97,D,C04,5.388146,240.34,1294.99
43244,L15,10145,A12,B27,C39,PCS,554,1.97,D,C04,5.388146,1091.38,5880.51
43240,L15,10155,A10,B22,C34,PCS,696,9.94,C,C07,1.358577,6918.24,9398.96
43240,L15,10155,A10,B22,C34,PCS,294,9.94,C,C07,1.358577,2922.36,3970.25
43240,L15,10155,A10,B22,C34,PCS,494,9.94,C,C07,1.358577,4910.36,6671.1
43240,L15,10155,A10,B22,C34,PCS,437,9.94,C,C07,1.358577,4343.78,5901.36
43240,L15,10155,A10,B22,C34,PCS,16,9.94,C,C07,1.358577,159.04,216.07
43240,L15,10155,A10,B22,C34,PCS,49,9.94,C,C07,1.358577,487.06,661.71
43240,L15,10155,A10,B22,C34,PCS,326,9.94,C,C07,1.358577,3240.44,4402.39
43240,L15,10155,A10,B22,C34,PCS,686,9.94,C,C07,1.358577,6818.84,9263.92
43240,L15,10155,A10,B22,C34,PCS,49,9.94,C,C07,1.358577,487.06,661.71
43240,L15,10155,A10,B22,C34,PCS,25,9.94,C,C07,1.358577,248.5,337.61
43236,L15,10250,A18,B26,C35,PCS,155,3.6,C,C06,3.547054,558,1979.26
43236,L15,10250,A18,B26,C35,PCS,350,3.6,C,C06,3.547054,1260,4469.29
43236,L15,10250,A18,B26,C35,PCS,495,3.6,C,C06,3.547054,1782,6320.85
43236,L15,10250,A18,B26,C35,PCS,90,3.6,C,C06,3.547054,324,1149.25
43236,L15,10250,A18,B26,C35,PCS,272,3.6,C,C06,3.547054,979.2,3473.28
43236,L15,10250,A18,B26,C35,PCS,687,3.6,C,C06,3.547054,2473.2,8772.57
43236,L15,10250,A18,B26,C35,PCS,509,3.6,C,C06,3.547054,1832.4,6499.62
43236,L15,10250,A18,B26,C35,PCS,617,3.6,C,C06,3.547054,2221.2,7878.72
43236,L15,10250,A18,B26,C35,PCS,327,3.6,C,C06,3.547054,1177.2,4175.59
43236,L15,10250,A18,B26,C35,PCS,413,3.6,C,C06,3.547054,1486.8,5273.76
43245,L15,10436,A18,B21,C35,PCS,996,2.53,C,C07,1.358577,2519.88,3423.45
43245,L15,10436,A18,B21,C35,PCS,266,2.53,C,C07,1.358577,672.98,914.3
43245,L15,10436,A18,B21,C35,PCS,824,2.53,C,C07,1.358577,2084.72,2832.25
43245,L15,10436,A18,B21,C35,PCS,311,2.53,C,C07,1.358577,786.83,1068.97
43245,L15,10436,A18,B21,C35,PCS,581,2.53,C,C07,1.358577,1469.93,1997.01
43245,L15,10436,A18,B21,C35,PCS,658,2.53,C,C07,1.358577,1664.74,2261.68
43245,L15,10436,A18,B21,C35,PCS,523,2.53,C,C07,1.358577,1323.19,1797.66
43245,L15,10436,A18,B21,C35,PCS,555,2.53,C,C07,1.358577,1404.15,1907.65
43245,L15,10436,A18,B21,C35,PCS,722,2.53,C,C07,1.358577,1826.66,2481.66
43245,L15,10436,A18,B21,C35,PCS,304,2.53,C,C07,1.358577,769.12,1044.91
43240,L15,10703,A14,B26,C31,PCS,275,4.82,D,C07,1.358577,1325.5,1800.79
43240,L15,10703,A14,B26,C31,PCS,292,4.82,D,C07,1.358577,1407.44,1912.12
43240,L15,10703,A14,B26,C31,PCS,86,4.82,D,C07,1.358577,414.52,563.16
43240,L15,10703,A14,B26,C31,PCS,699,4.82,D,C07,1.358577,3369.18,4577.29
43240,L15,10703,A14,B26,C31,PCS,445,4.82,D,C07,1.358577,2144.9,2914.01
43240,L15,10703,A14,B26,C31,PCS,910,4.82,D,C07,1.358577,4386.2,5958.99
43240,L15,10703,A14,B26,C31,PCS,945,4.82,D,C07,1.358577,4554.9,6188.18
43240,L15,10703,A14,B26,C31,PCS,318,4.82,D,C07,1.358577,1532.76,2082.37
43240,L15,10703,A14,B26,C31,PCS,514,4.82,D,C07,1.358577,2477.48,3365.85
43240,L15,10703,A14,B26,C31,PCS,966,4.82,D,C07,1.358577,4656.12,6325.7
43248,L15,10864,A11,B20,C33,PCS,915,1.61,D,C03,7.133317,1473.15,10508.45
43248,L15,10864,A11,B20,C33,PCS,210,1.61,D,C03,7.133317,338.1,2411.77
43248,L15,10864,A11,B20,C33,PCS,616,1.61,D,C03,7.133317,991.76,7074.54
43248,L15,10864,A11,B20,C33,PCS,729,1.61,D,C03,7.133317,1173.69,8372.3
43248,L15,10864,A11,B20,C33,PCS,725,1.61,D,C03,7.133317,1167.25,8326.36
43248,L15,10864,A11,B20,C33,PCS,987,1.61,D,C03,7.133317,1589.07,11335.34
43248,L15,10864,A11,B20,C33,PCS,402,1.61,D,C03,7.133317,647.22,4616.83
43248,L15,10864,A11,B20,C33,PCS,999,1.61,D,C03,7.133317,1608.39,11473.16
43248,L15,10864,A11,B20,C33,PCS,893,1.61,D,C03,7.133317,1437.73,10255.78
43248,L15,10864,A11,B20,C33,PCS,545,1.61,D,C03,7.133317,877.45,6259.13
43225,L15,10932,A18,B28,C35,PCS,476,9.65,D,C06,3.547054,4593.4,16293.04
43225,L15,10932,A18,B28,C35,PCS,49,9.65,D,C06,3.547054,472.85,1677.22
43225,L15,10932,A18,B28,C35,PCS,39,9.65,D,C06,3.547054,376.35,1334.93
43225,L15,10932,A18,B28,C35,PCS,973,9.65,D,C06,3.547054,9389.45,33304.89
43225,L15,10932,A18,B28,C35,PCS,687,9.65,D,C06,3.547054,6629.55,23515.37
43225,L15,10932,A18,B28,C35,PCS,670,9.65,D,C06,3.547054,6465.5,22933.48
43225,L15,10932,A18,B28,C35,PCS,912,9.65,D,C06,3.547054,8800.8,31216.91
43225,L15,10932,A18,B28,C35,PCS,655,9.65,D,C06,3.547054,6320.75,22420.04
43225,L15,10932,A18,B28,C35,PCS,143,9.65,D,C06,3.547054,1379.95,4894.76
43225,L15,10932,A18,B28,C35,PCS,691,9.65,D,C06,3.547054,6668.15,23652.29
43245,L15,10951,A13,B27,C37,PCS,300,2.53,D,C07,1.358577,759,1031.16
43245,L15,10951,A13,B27,C37,PCS,107,2.53,D,C07,1.358577,270.71,367.78
43245,L15,10951,A13,B27,C37,PCS,734,2.53,D,C07,1.358577,1857.02,2522.9
43245,L15,10951,A13,B27,C37,PCS,621,2.53,D,C07,1.358577,1571.13,2134.5
43245,L15,10951,A13,B27,C37,PCS,631,2.53,D,C07,1.358577,1596.43,2168.87
43245,L15,10951,A13,B27,C37,PCS,497,2.53,D,C07,1.358577,1257.41,1708.29
43245,L15,10951,A13,B27,C37,PCS,487,2.53,D,C07,1.358577,1232.11,1673.92
43245,L15,10951,A13,B27,C37,PCS,284,2.53,D,C07,1.358577,718.52,976.16
43245,L15,10951,A13,B27,C37,PCS,730,2.53,D,C07,1.358577,1846.9,2509.16
43245,L15,10951,A13,B27,C37,PCS,177,2.53,D,C07,1.358577,447.81,608.38
43251,L15,11203,A19,B20,C36,PCS,954,4.03,C,C05,3.40242,3844.62,13081.01
43251,L15,11203,A19,B20,C36,PCS,157,4.03,C,C05,3.40242,632.71,2152.75
43251,L15,11203,A19,B20,C36,PCS,151,4.03,C,C05,3.40242,608.53,2070.47
43251,L15,11203,A19,B20,C36,PCS,103,4.03,C,C05,3.40242,415.09,1412.31
43251,L15,11203,A19,B20,C36,PCS,444,4.03,C,C05,3.40242,1789.32,6088.02
43251,L15,11203,A19,B20,C36,PCS,828,4.03,C,C05,3.40242,3336.84,11353.33
43251,L15,11203,A19,B20,C36,PCS,23,4.03,C,C05,3.40242,92.69,315.37
43251,L15,11203,A19,B20,C36,PCS,5,4.03,C,C05,3.40242,20.15,68.56
43251,L15,11203,A19,B20,C36,PCS,241,4.03,C,C05,3.40242,971.23,3304.53
43251,L15,11203,A19,B20,C36,PCS,305,4.03,C,C05,3.40242,1229.15,4182.08
43237,L15,11334,A10,B25,C34,PCS,867,1.37,C,C06,3.547054,1187.79,4213.16
43237,L15,11334,A10,B25,C34,PCS,93,1.37,C,C06,3.547054,127.41,451.93
43237,L15,11334,A10,B25,C34,PCS,382,1.37,C,C06,3.547054,523.34,1856.32
43237,L15,11334,A10,B25,C34,PCS,268,1.37,C,C06,3.547054,367.16,1302.34
43237,L15,11334,A10,B25,C34,PCS,241,1.37,C,C06,3.547054,330.17,1171.13
43237,L15,11334,A10,B25,C34,PCS,391,1.37,C,C06,3.547054,535.67,1900.05
43237,L15,11334,A10,B25,C34,PCS,354,1.37,C,C06,3.547054,484.98,1720.25
43237,L15,11334,A10,B25,C34,PCS,207,1.37,C,C06,3.547054,283.59,1005.91
43237,L15,11334,A10,B25,C34,PCS,638,1.37,C,C06,3.547054,874.06,3100.34
43237,L15,11334,A10,B25,C34,PCS,29,1.37,C,C06,3.547054,39.73,140.92
43237,L15,11360,A13,B29,C34,PCS,501,1.72,D,C06,3.547054,861.72,3056.57
43237,L15,11360,A13,B29,C34,PCS,396,1.72,D,C06,3.547054,681.12,2415.97
43237,L15,11360,A13,B29,C34,PCS,511,1.72,D,C06,3.547054,878.92,3117.58
43237,L15,11360,A13,B29,C34,PCS,157,1.72,D,C06,3.547054,270.04,957.85
43237,L15,11360,A13,B29,C34,PCS,714,1.72,D,C06,3.547054,1228.08,4356.07
43237,L15,11360,A13,B29,C34,PCS,327,1.72,D,C06,3.547054,562.44,1995.01
43237,L15,11360,A13,B29,C34,PCS,240,1.72,D,C06,3.547054,412.8,1464.22
43237,L15,11360,A13,B29,C34,PCS,949,1.72,D,C06,3.547054,1632.28,5789.79
43237,L15,11360,A13,B29,C34,PCS,415,1.72,D,C06,3.547054,713.8,2531.89
43237,L15,11360,A13,B29,C34,PCS,382,1.72,D,C06,3.547054,657.04,2330.56
43239,L15,11793,A10,B29,C32,PCS,938,5.33,C,C08,1.496196,4999.54,7480.29
43239,L15,11793,A10,B29,C32,PCS,126,5.33,C,C08,1.496196,671.58,1004.82
43239,L15,11793,A10,B29,C32,PCS,388,5.33,C,C08,1.496196,2068.04,3094.19
43239,L15,11793,A10,B29,C32,PCS,661,5.33,C,C08,1.496196,3523.13,5271.29
43239,L15,11793,A10,B29,C32,PCS,848,5.33,C,C08,1.496196,4519.84,6762.57
43239,L15,11793,A10,B29,C32,PCS,110,5.33,C,C08,1.496196,586.3,877.22
43239,L15,11793,A10,B29,C32,PCS,145,5.33,C,C08,1.496196,772.85,1156.34
43239,L15,11793,A10,B29,C32,PCS,681,5.33,C,C08,1.496196,3629.73,5430.79
43239,L15,11793,A10,B29,C32,PCS,185,5.33,C,C08,1.496196,986.05,1475.32
43239,L15,11793,A10,B29,C32,PCS,204,5.33,C,C08,1.496196,1087.32,1626.84
43240,L15,11814,A20,B29,C31,PCS,853,4.82,D,C07,1.358577,4111.46,5585.73
43240,L15,11814,A20,B29,C31,PCS,11,4.82,D,C07,1.358577,53.02,72.03
43240,L15,11814,A20,B29,C31,PCS,38,4.82,D,C07,1.358577,183.16,248.84
43240,L15,11814,A20,B29,C31,PCS,82,4.82,D,C07,1.358577,395.24,536.96
43240,L15,11814,A20,B29,C31,PCS,610,4.82,D,C07,1.358577,2940.2,3994.49
43240,L15,11814,A20,B29,C31,PCS,786,4.82,D,C07,1.358577,3788.52,5147
43240,L15,11814,A20,B29,C31,PCS,632,4.82,D,C07,1.358577,3046.24,4138.55
43240,L15,11814,A20,B29,C31,PCS,473,4.82,D,C07,1.358577,2279.86,3097.37
43240,L15,11814,A20,B29,C31,PCS,628,4.82,D,C07,1.358577,3026.96,4112.36
43240,L15,11814,A20,B29,C31,PCS,708,4.82,D,C07,1.358577,3412.56,4636.23
43226,L15,11994,A14,B23,C31,PCS,154,4.04,C,C10,8.657656,622.16,5386.45
43226,L15,11994,A14,B23,C31,PCS,102,4.04,C,C10,8.657656,412.08,3567.65
43226,L15,11994,A14,B23,C31,PCS,284,4.04,C,C10,8.657656,1147.36,9933.45
43226,L15,11994,A14,B23,C31,PCS,331,4.04,C,C10,8.657656,1337.24,11577.36
43226,L15,11994,A14,B23,C31,PCS,627,4.04,C,C10,8.657656,2533.08,21930.54
43226,L15,11994,A14,B23,C31,PCS,718,4.04,C,C10,8.657656,2900.72,25113.44
43226,L15,11994,A14,B23,C31,PCS,634,4.04,C,C10,8.657656,2561.36,22175.37
43226,L15,11994,A14,B23,C31,PCS,244,4.04,C,C10,8.657656,985.76,8534.37
43226,L15,11994,A14,B23,C31,PCS,527,4.04,C,C10,8.657656,2129.08,18432.84
43226,L15,11994,A14,B23,C31,PCS,54,4.04,C,C10,8.657656,218.16,1888.75
43238,L15,12351,A15,B27,C36,PCS,329,2.11,D,C06,3.547054,694.19,2462.33
43238,L15,12351,A15,B27,C36,PCS,711,2.11,D,C06,3.547054,1500.21,5321.33
43238,L15,12351,A15,B27,C36,PCS,78,2.11,D,C06,3.547054,164.58,583.77
43238,L15,12351,A15,B27,C36,PCS,956,2.11,D,C06,3.547054,2017.16,7154.98
43238,L15,12351,A15,B27,C36,PCS,24,2.11,D,C06,3.547054,50.64,179.62
43238,L15,12351,A15,B27,C36,PCS,558,2.11,D,C06,3.547054,1177.38,4176.23
43238,L15,12351,A15,B27,C36,PCS,360,2.11,D,C06,3.547054,759.6,2694.34
43238,L15,12351,A15,B27,C36,PCS,248,2.11,D,C06,3.547054,523.28,1856.1
43238,L15,12351,A15,B27,C36,PCS,965,2.11,D,C06,3.547054,2036.15,7222.33
43238,L15,12351,A15,B27,C36,PCS,418,2.11,D,C06,3.547054,881.98,3128.43
43227,L15,12420,A13,B22,C37,PCS,849,5.73,D,C06,3.547054,4864.77,17255.6
43227,L15,12420,A13,B22,C37,PCS,943,5.73,D,C06,3.547054,5403.39,19166.12
43227,L15,12420,A13,B22,C37,PCS,591,5.73,D,C06,3.547054,3386.43,12011.85
43227,L15,12420,A13,B22,C37,PCS,59,5.73,D,C06,3.547054,338.07,1199.15
43227,L15,12420,A13,B22,C37,PCS,354,5.73,D,C06,3.547054,2028.42,7194.92
43227,L15,12420,A13,B22,C37,PCS,381,5.73,D,C06,3.547054,2183.13,7743.68
43227,L15,12420,A13,B22,C37,PCS,365,5.73,D,C06,3.547054,2091.45,7418.49
43227,L15,12420,A13,B22,C37,PCS,435,5.73,D,C06,3.547054,2492.55,8841.21
43227,L15,12420,A13,B22,C37,PCS,979,5.73,D,C06,3.547054,5609.67,19897.8
43227,L15,12420,A13,B22,C37,PCS,525,5.73,D,C06,3.547054,3008.25,10670.43
43221,L15,12593,A19,B26,C34,PCS,618,2.89,C,C05,3.40242,1786.02,6076.79
43221,L15,12593,A19,B26,C34,PCS,368,2.89,C,C05,3.40242,1063.52,3618.54
43221,L15,12593,A19,B26,C34,PCS,787,2.89,C,C05,3.40242,2274.43,7738.57
43221,L15,12593,A19,B26,C34,PCS,387,2.89,C,C05,3.40242,1118.43,3805.37
43221,L15,12593,A19,B26,C34,PCS,490,2.89,C,C05,3.40242,1416.1,4818.17
43221,L15,12593,A19,B26,C34,PCS,236,2.89,C,C05,3.40242,682.04,2320.59
43221,L15,12593,A19,B26,C34,PCS,574,2.89,C,C05,3.40242,1658.86,5644.14
43221,L15,12593,A19,B26,C34,PCS,269,2.89,C,C05,3.40242,777.41,2645.08
43221,L15,12593,A19,B26,C34,PCS,915,2.89,C,C05,3.40242,2644.35,8997.19
43221,L15,12593,A19,B26,C34,PCS,757,2.89,C,C05,3.40242,2187.73,7443.58
43235,L15,12699,A11,B29,C34,PCS,260,5.62,C,C08,1.496196,1461.2,2186.24
43235,L15,12699,A11,B29,C34,PCS,387,5.62,C,C08,1.496196,2174.94,3254.14
43235,L15,12699,A11,B29,C34,PCS,154,5.62,C,C08,1.496196,865.48,1294.93
43235,L15,12699,A11,B29,C34,PCS,381,5.62,C,C08,1.496196,2141.22,3203.68
43235,L15,12699,A11,B29,C34,PCS,791,5.62,C,C08,1.496196,4445.42,6651.22
43235,L15,12699,A11,B29,C34,PCS,806,5.62,C,C08,1.496196,4529.72,6777.35
43235,L15,12699,A11,B29,C34,PCS,624,5.62,C,C08,1.496196,3506.88,5246.98
43235,L15,12699,A11,B29,C34,PCS,169,5.62,C,C08,1.496196,949.78,1421.06
43235,L15,12699,A11,B29,C34,PCS,764,5.62,C,C08,1.496196,4293.68,6424.19
43235,L15,12699,A11,B29,C34,PCS,741,5.62,C,C08,1.496196,4164.42,6230.79
43236,L15,12760,A16,B28,C34,PCS,922,3.6,C,C06,3.547054,3319.2,11773.38
43236,L15,12760,A16,B28,C34,PCS,659,3.6,C,C06,3.547054,2372.4,8415.03
43236,L15,12760,A16,B28,C34,PCS,437,3.6,C,C06,3.547054,1573.2,5580.23
43236,L15,12760,A16,B28,C34,PCS,243,3.6,C,C06,3.547054,874.8,3102.96
43236,L15,12760,A16,B28,C34,PCS,574,3.6,C,C06,3.547054,2066.4,7329.63
43236,L15,12760,A16,B28,C34,PCS,319,3.6,C,C06,3.547054,1148.4,4073.44
43236,L15,12760,A16,B28,C34,PCS,648,3.6,C,C06,3.547054,2332.8,8274.57
43236,L15,12760,A16,B28,C34,PCS,897,3.6,C,C06,3.547054,3229.2,11454.15
43236,L15,12760,A16,B28,C34,PCS,237,3.6,C,C06,3.547054,853.2,3026.35
43236,L15,12760,A16,B28,C34,PCS,760,3.6,C,C06,3.547054,2736,9704.74
43251,L15,12821,A12,B27,C32,PCS,629,7.71,C,C06,3.547054,4849.59,17201.76
43251,L15,12821,A12,B27,C32,PCS,94,7.71,C,C06,3.547054,724.74,2570.69
43251,L15,12821,A12,B27,C32,PCS,957,7.71,C,C06,3.547054,7378.47,26171.83
43251,L15,12821,A12,B27,C32,PCS,609,7.71,C,C06,3.547054,4695.39,16654.8
43251,L15,12821,A12,B27,C32,PCS,409,7.71,C,C06,3.547054,3153.39,11185.24
43251,L15,12821,A12,B27,C32,PCS,537,7.71,C,C06,3.547054,4140.27,14685.76
43251,L15,12821,A12,B27,C32,PCS,813,7.71,C,C06,3.547054,6268.23,22233.75
43251,L15,12821,A12,B27,C32,PCS,418,7.71,C,C06,3.547054,3222.78,11431.37
43251,L15,12821,A12,B27,C32,PCS,59,7.71,C,C06,3.547054,454.89,1613.52
43251,L15,12821,A12,B27,C32,PCS,911,7.71,C,C06,3.547054,7023.81,24913.83
43235,L15,13084,A12,B27,C38,PCS,195,5.62,C,C08,1.496196,1095.9,1639.68
43235,L15,13084,A12,B27,C38,PCS,994,5.62,C,C08,1.496196,5586.28,8358.17
43235,L15,13084,A12,B27,C38,PCS,119,5.62,C,C08,1.496196,668.78,1000.63
43235,L15,13084,A12,B27,C38,PCS,430,5.62,C,C08,1.496196,2416.6,3615.71
43235,L15,13084,A12,B27,C38,PCS,906,5.62,C,C08,1.496196,5091.72,7618.21
43235,L15,13084,A12,B27,C38,PCS,981,5.62,C,C08,1.496196,5513.22,8248.86
43235,L15,13084,A12,B27,C38,PCS,740,5.62,C,C08,1.496196,4158.8,6222.38
43235,L15,13084,A12,B27,C38,PCS,24,5.62,C,C08,1.496196,134.88,201.81
43235,L15,13084,A12,B27,C38,PCS,184,5.62,C,C08,1.496196,1034.08,1547.19
43235,L15,13084,A12,B27,C38,PCS,506,5.62,C,C08,1.496196,2843.72,4254.76
43250,L15,13307,A13,B27,C37,PCS,389,8.94,D,C10,8.657656,3477.66,30108.38
43250,L15,13307,A13,B27,C37,PCS,268,8.94,D,C10,8.657656,2395.92,20743.05
43250,L15,13307,A13,B27,C37,PCS,838,8.94,D,C10,8.657656,7491.72,64860.73
43250,L15,13307,A13,B27,C37,PCS,759,8.94,D,C10,8.657656,6785.46,58746.18
43250,L15,13307,A13,B27,C37,PCS,340,8.94,D,C10,8.657656,3039.6,26315.81
43250,L15,13307,A13,B27,C37,PCS,306,8.94,D,C10,8.657656,2735.64,23684.23
43250,L15,13307,A13,B27,C37,PCS,43,8.94,D,C10,8.657656,384.42,3328.18
43250,L15,13307,A13,B27,C37,PCS,126,8.94,D,C10,8.657656,1126.44,9752.33
43250,L15,13307,A13,B27,C37,PCS,509,8.94,D,C10,8.657656,4550.46,39396.32
43250,L15,13307,A13,B27,C37,PCS,511,8.94,D,C10,8.657656,4568.34,39551.12
43232,L15,13434,A20,B20,C38,PCS,745,4.84,D,C08,1.496196,3605.8,5394.98
43232,L15,13434,A20,B20,C38,PCS,59,4.84,D,C08,1.496196,285.56,427.25
43232,L15,13434,A20,B20,C38,PCS,821,4.84,D,C08,1.496196,3973.64,5945.34
43232,L15,13434,A20,B20,C38,PCS,513,4.84,D,C08,1.496196,2482.92,3714.93
43232,L15,13434,A20,B20,C38,PCS,359,4.84,D,C08,1.496196,1737.56,2599.73
43232,L15,13434,A20,B20,C38,PCS,819,4.84,D,C08,1.496196,3963.96,5930.86
43232,L15,13434,A20,B20,C38,PCS,415,4.84,D,C08,1.496196,2008.6,3005.26
43232,L15,13434,A20,B20,C38,PCS,990,4.84,D,C08,1.496196,4791.6,7169.17
43232,L15,13434,A20,B20,C38,PCS,211,4.84,D,C08,1.496196,1021.24,1527.98
43232,L15,13434,A20,B20,C38,PCS,34,4.84,D,C08,1.496196,164.56,246.21
43225,L15,13595,A10,B29,C35,PCS,464,2.85,C,C08,1.496196,1322.4,1978.57
43225,L15,13595,A10,B29,C35,PCS,664,2.85,C,C08,1.496196,1892.4,2831.4
43225,L15,13595,A10,B29,C35,PCS,362,2.85,C,C08,1.496196,1031.7,1543.63
43225,L15,13595,A10,B29,C35,PCS,522,2.85,C,C08,1.496196,1487.7,2225.89
43225,L15,13595,A10,B29,C35,PCS,562,2.85,C,C08,1.496196,1601.7,2396.46
43225,L15,13595,A10,B29,C35,PCS,622,2.85,C,C08,1.496196,1772.7,2652.31
43225,L15,13595,A10,B29,C35,PCS,90,2.85,C,C08,1.496196,256.5,383.77
43225,L15,13595,A10,B29,C35,PCS,339,2.85,C,C08,1.496196,966.15,1445.55
43225,L15,13595,A10,B29,C35,PCS,885,2.85,C,C08,1.496196,2522.25,3773.78
43225,L15,13595,A10,B29,C35,PCS,684,2.85,C,C08,1.496196,1949.4,2916.68
43245,L15,13685,A17,B26,C36,PCS,111,2.53,D,C07,1.358577,280.83,381.53
43245,L15,13685,A17,B26,C36,PCS,951,2.53,D,C07,1.358577,2406.03,3268.78
43245,L15,13685,A17,B26,C36,PCS,526,2.53,D,C07,1.358577,1330.78,1807.97
43245,L15,13685,A17,B26,C36,PCS,14,2.53,D,C07,1.358577,35.42,48.12
43245,L15,13685,A17,B26,C36,PCS,858,2.53,D,C07,1.358577,2170.74,2949.12
43245,L15,13685,A17,B26,C36,PCS,532,2.53,D,C07,1.358577,1345.96,1828.59
43245,L15,13685,A17,B26,C36,PCS,60,2.53,D,C07,1.358577,151.8,206.23
43245,L15,13685,A17,B26,C36,PCS,723,2.53,D,C07,1.358577,1829.19,2485.1
43245,L15,13685,A17,B26,C36,PCS,906,2.53,D,C07,1.358577,2292.18,3114.1
43245,L15,13685,A17,B26,C36,PCS,623,2.53,D,C07,1.358577,1576.19,2141.38
43248,L15,13831,A14,B20,C31,PCS,425,5.01,C,C03,7.133317,2129.25,15188.62
43248,L15,13831,A14,B20,C31,PCS,307,5.01,C,C03,7.133317,1538.07,10971.54
43248,L15,13831,A14,B20,C31,PCS,683,5.01,C,C03,7.133317,3421.83,24409
43248,L15,13831,A14,B20,C31,PCS,603,5.01,C,C03,7.133317,3021.03,21549.96
43248,L15,13831,A14,B20,C31,PCS,898,5.01,C,C03,7.133317,4498.98,32092.65
43248,L15,13831,A14,B20,C31,PCS,176,5.01,C,C03,7.133317,881.76,6289.87
43248,L15,13831,A14,B20,C31,PCS,354,5.01,C,C03,7.133317,1773.54,12651.22
43248,L15,13831,A14,B20,C31,PCS,41,5.01,C,C03,7.133317,205.41,1465.25
43248,L15,13831,A14,B20,C31,PCS,524,5.01,C,C03,7.133317,2625.24,18726.67
43248,L15,13831,A14,B20,C31,PCS,325,5.01,C,C03,7.133317,1628.25,11614.82
43243,L15,13869,A10,B28,C32,PCS,505,8.82,D,C06,3.547054,4454.1,15798.93
43243,L15,13869,A10,B28,C32,PCS,531,8.82,D,C06,3.547054,4683.42,16612.34
43243,L15,13869,A10,B28,C32,PCS,616,8.82,D,C06,3.547054,5433.12,19271.57
43243,L15,13869,A10,B28,C32,PCS,237,8.82,D,C06,3.547054,2090.34,7414.55
43243,L15,13869,A10,B28,C32,PCS,873,8.82,D,C06,3.547054,7699.86,27311.82
43243,L15,13869,A10,B28,C32,PCS,21,8.82,D,C06,3.547054,185.22,656.99
43243,L15,13869,A10,B28,C32,PCS,767,8.82,D,C06,3.547054,6764.94,23995.61
43243,L15,13869,A10,B28,C32,PCS,93,8.82,D,C06,3.547054,820.26,2909.51
43243,L15,13869,A10,B28,C32,PCS,488,8.82,D,C06,3.547054,4304.16,15267.09
43243,L15,13869,A10,B28,C32,PCS,869,8.82,D,C06,3.547054,7664.58,27186.68
43242,L15,13946,A10,B30,C30,PCS,908,3.44,C,C01,6.825646,3123.52,21320.04
43242,L15,13946,A10,B30,C30,PCS,431,3.44,C,C01,6.825646,1482.64,10119.98
43242,L15,13946,A10,B30,C30,PCS,744,3.44,C,C01,6.825646,2559.36,17469.29
43242,L15,13946,A10,B30,C30,PCS,744,3.44,C,C01,6.825646,2559.36,17469.29
43242,L15,13946,A10,B30,C30,PCS,442,3.44,C,C01,6.825646,1520.48,10378.26
43242,L15,13946,A10,B30,C30,PCS,550,3.44,C,C01,6.825646,1892,12914.12
43242,L15,13946,A10,B30,C30,PCS,138,3.44,C,C01,6.825646,474.72,3240.27
43242,L15,13946,A10,B30,C30,PCS,456,3.44,C,C01,6.825646,1568.64,10706.98
43242,L15,13946,A10,B30,C30,PCS,281,3.44,C,C01,6.825646,966.64,6597.94
43242,L15,13946,A10,B30,C30,PCS,524,3.44,C,C01,6.825646,1802.56,12303.64
43236,L15,14083,A20,B21,C39,PCS,861,1.61,D,C05,3.40242,1386.21,4716.47
43236,L15,14083,A20,B21,C39,PCS,94,1.61,D,C05,3.40242,151.34,514.92
43236,L15,14083,A20,B21,C39,PCS,788,1.61,D,C05,3.40242,1268.68,4316.58
43236,L15,14083,A20,B21,C39,PCS,765,1.61,D,C05,3.40242,1231.65,4190.59
43236,L15,14083,A20,B21,C39,PCS,91,1.61,D,C05,3.40242,146.51,498.49
43236,L15,14083,A20,B21,C39,PCS,723,1.61,D,C05,3.40242,1164.03,3960.52
43236,L15,14083,A20,B21,C39,PCS,218,1.61,D,C05,3.40242,350.98,1194.18
43236,L15,14083,A20,B21,C39,PCS,977,1.61,D,C05,3.40242,1572.97,5351.9
43236,L15,14083,A20,B21,C39,PCS,742,1.61,D,C05,3.40242,1194.62,4064.6
43236,L15,14083,A20,B21,C39,PCS,764,1.61,D,C05,3.40242,1230.04,4185.11
43230,L15,14142,A18,B30,C32,PCS,109,5.28,D,C03,7.133317,575.52,4105.37
43230,L15,14142,A18,B30,C32,PCS,853,5.28,D,C03,7.133317,4503.84,32127.32
43230,L15,14142,A18,B30,C32,PCS,44,5.28,D,C03,7.133317,232.32,1657.21
43230,L15,14142,A18,B30,C32,PCS,103,5.28,D,C03,7.133317,543.84,3879.38
43230,L15,14142,A18,B30,C32,PCS,546,5.28,D,C03,7.133317,2882.88,20564.5
43230,L15,14142,A18,B30,C32,PCS,489,5.28,D,C03,7.133317,2581.92,18417.65
43230,L15,14142,A18,B30,C32,PCS,744,5.28,D,C03,7.133317,3928.32,28021.95
43230,L15,14142,A18,B30,C32,PCS,754,5.28,D,C03,7.133317,3981.12,28398.59
43230,L15,14142,A18,B30,C32,PCS,181,5.28,D,C03,7.133317,955.68,6817.17
43230,L15,14142,A18,B30,C32,PCS,171,5.28,D,C03,7.133317,902.88,6440.53
43229,L15,14367,A13,B21,C36,PCS,865,5.49,D,C08,1.496196,4748.85,7105.21
43229,L15,14367,A13,B21,C36,PCS,943,5.49,D,C08,1.496196,5177.07,7745.91
43229,L15,14367,A13,B21,C36,PCS,887,5.49,D,C08,1.496196,4869.63,7285.92
43229,L15,14367,A13,B21,C36,PCS,562,5.49,D,C08,1.496196,3085.38,4616.33
43229,L15,14367,A13,B21,C36,PCS,981,5.49,D,C08,1.496196,5385.69,8058.05
43229,L15,14367,A13,B21,C36,PCS,970,5.49,D,C08,1.496196,5325.3,7967.69
43229,L15,14367,A13,B21,C36,PCS,599,5.49,D,C08,1.496196,3288.51,4920.26
43229,L15,14367,A13,B21,C36,PCS,142,5.49,D,C08,1.496196,779.58,1166.4
43229,L15,14367,A13,B21,C36,PCS,247,5.49,D,C08,1.496196,1356.03,2028.89
43229,L15,14367,A13,B21,C36,PCS,849,5.49,D,C08,1.496196,4661.01,6973.78
43247,L15,14741,A11,B23,C36,PCS,390,4.51,C,C07,1.358577,1758.9,2389.6
43247,L15,14741,A11,B23,C36,PCS,805,4.51,C,C07,1.358577,3630.55,4932.38
43247,L15,14741,A11,B23,C36,PCS,280,4.51,C,C07,1.358577,1262.8,1715.61
43247,L15,14741,A11,B23,C36,PCS,782,4.51,C,C07,1.358577,3526.82,4791.46
43247,L15,14741,A11,B23,C36,PCS,96,4.51,C,C07,1.358577,432.96,588.21
43247,L15,14741,A11,B23,C36,PCS,750,4.51,C,C07,1.358577,3382.5,4595.39
43247,L15,14741,A11,B23,C36,PCS,852,4.51,C,C07,1.358577,3842.52,5220.36
43247,L15,14741,A11,B23,C36,PCS,465,4.51,C,C07,1.358577,2097.15,2849.14
43247,L15,14741,A11,B23,C36,PCS,90,4.51,C,C07,1.358577,405.9,551.45
43247,L15,14741,A11,B23,C36,PCS,932,4.51,C,C07,1.358577,4203.32,5710.53
43235,L15,14748,A12,B21,C39,PCS,600,5.62,D,C08,1.496196,3372,5045.17
43235,L15,14748,A12,B21,C39,PCS,152,5.62,D,C08,1.496196,854.24,1278.11
43235,L15,14748,A12,B21,C39,PCS,435,5.62,D,C08,1.496196,2444.7,3657.75
43235,L15,14748,A12,B21,C39,PCS,141,5.62,D,C08,1.496196,792.42,1185.62
43235,L15,14748,A12,B21,C39,PCS,97,5.62,D,C08,1.496196,545.14,815.64
43235,L15,14748,A12,B21,C39,PCS,805,5.62,D,C08,1.496196,4524.1,6768.94
43235,L15,14748,A12,B21,C39,PCS,955,5.62,D,C08,1.496196,5367.1,8030.23
43235,L15,14748,A12,B21,C39,PCS,935,5.62,D,C08,1.496196,5254.7,7862.06
43235,L15,14748,A12,B21,C39,PCS,949,5.62,D,C08,1.496196,5333.38,7979.78
43235,L15,14748,A12,B21,C39,PCS,392,5.62,D,C08,1.496196,2203.04,3296.18
43232,L15,14797,A10,B29,C36,PCS,478,2.46,C,C10,8.657656,1175.88,10180.36
43232,L15,14797,A10,B29,C36,PCS,38,2.46,C,C10,8.657656,93.48,809.32
43232,L15,14797,A10,B29,C36,PCS,340,2.46,C,C10,8.657656,836.4,7241.26
43232,L15,14797,A10,B29,C36,PCS,331,2.46,C,C10,8.657656,814.26,7049.58
43232,L15,14797,A10,B29,C36,PCS,776,2.46,C,C10,8.657656,1908.96,16527.12
43232,L15,14797,A10,B29,C36,PCS,716,2.46,C,C10,8.657656,1761.36,15249.25
43232,L15,14797,A10,B29,C36,PCS,607,2.46,C,C10,8.657656,1493.22,12927.79
43232,L15,14797,A10,B29,C36,PCS,363,2.46,C,C10,8.657656,892.98,7731.11
43232,L15,14797,A10,B29,C36,PCS,592,2.46,C,C10,8.657656,1456.32,12608.32
43232,L15,14797,A10,B29,C36,PCS,780,2.46,C,C10,8.657656,1918.8,16612.31
43231,L15,14811,A20,B21,C31,PCS,952,2.04,C,C08,1.496196,1942.08,2905.73
43231,L15,14811,A20,B21,C31,PCS,803,2.04,C,C08,1.496196,1638.12,2450.95
43231,L15,14811,A20,B21,C31,PCS,452,2.04,C,C08,1.496196,922.08,1379.61
43231,L15,14811,A20,B21,C31,PCS,440,2.04,C,C08,1.496196,897.6,1342.99
43231,L15,14811,A20,B21,C31,PCS,229,2.04,C,C08,1.496196,467.16,698.96
43231,L15,14811,A20,B21,C31,PCS,871,2.04,C,C08,1.496196,1776.84,2658.5
43231,L15,14811,A20,B21,C31,PCS,205,2.04,C,C08,1.496196,418.2,625.71
43231,L15,14811,A20,B21,C31,PCS,468,2.04,C,C08,1.496196,954.72,1428.45
43231,L15,14811,A20,B21,C31,PCS,529,2.04,C,C08,1.496196,1079.16,1614.63
43231,L15,14811,A20,B21,C31,PCS,345,2.04,C,C08,1.496196,703.8,1053.02
43224,L15,14903,A16,B27,C35,PCS,371,7.65,D,C06,3.547054,2838.15,10067.07
43224,L15,14903,A16,B27,C35,PCS,807,7.65,D,C06,3.547054,6173.55,21897.92
43224,L15,14903,A16,B27,C35,PCS,64,7.65,D,C06,3.547054,489.6,1736.64
43224,L15,14903,A16,B27,C35,PCS,481,7.65,D,C06,3.547054,3679.65,13051.92
43224,L15,14903,A16,B27,C35,PCS,11,7.65,D,C06,3.547054,84.15,298.48
43224,L15,14903,A16,B27,C35,PCS,178,7.65,D,C06,3.547054,1361.7,4830.02
43224,L15,14903,A16,B27,C35,PCS,460,7.65,D,C06,3.547054,3519,12482.08
43224,L15,14903,A16,B27,C35,PCS,62,7.65,D,C06,3.547054,474.3,1682.37
43224,L15,14903,A16,B27,C35,PCS,336,7.65,D,C06,3.547054,2570.4,9117.35
43224,L15,14903,A16,B27,C35,PCS,231,7.65,D,C06,3.547054,1767.15,6268.18
43238,L15,14937,A15,B22,C37,PCS,542,8.96,D,C05,3.40242,4856.32,16523.24
43238,L15,14937,A15,B22,C37,PCS,261,8.96,D,C05,3.40242,2338.56,7956.76
43238,L15,14937,A15,B22,C37,PCS,852,8.96,D,C05,3.40242,7633.92,25973.8
43238,L15,14937,A15,B22,C37,PCS,633,8.96,D,C05,3.40242,5671.68,19297.44
43238,L15,14937,A15,B22,C37,PCS,671,8.96,D,C05,3.40242,6012.16,20455.89
43238,L15,14937,A15,B22,C37,PCS,990,8.96,D,C05,3.40242,8870.4,30180.83
43238,L15,14937,A15,B22,C37,PCS,435,8.96,D,C05,3.40242,3897.6,13261.27
43238,L15,14937,A15,B22,C37,PCS,875,8.96,D,C05,3.40242,7840,26674.97
43238,L15,14937,A15,B22,C37,PCS,72,8.96,D,C05,3.40242,645.12,2194.97
43238,L15,14937,A15,B22,C37,PCS,448,8.96,D,C05,3.40242,4014.08,13657.59
43223,L15,15055,A14,B29,C36,PCS,463,9.12,C,C10,8.657656,4222.56,36557.47
43223,L15,15055,A14,B29,C36,PCS,670,9.12,C,C10,8.657656,6110.4,52901.74
43223,L15,15055,A14,B29,C36,PCS,240,9.12,C,C10,8.657656,2188.8,18949.88
43223,L15,15055,A14,B29,C36,PCS,519,9.12,C,C10,8.657656,4733.28,40979.11
43223,L15,15055,A14,B29,C36,PCS,174,9.12,C,C10,8.657656,1586.88,13738.66
43223,L15,15055,A14,B29,C36,PCS,612,9.12,C,C10,8.657656,5581.44,48322.19
43223,L15,15055,A14,B29,C36,PCS,709,9.12,C,C10,8.657656,6466.08,55981.1
43223,L15,15055,A14,B29,C36,PCS,417,9.12,C,C10,8.657656,3803.04,32925.41
43223,L15,15055,A14,B29,C36,PCS,662,9.12,C,C10,8.657656,6037.44,52270.08
43223,L15,15055,A14,B29,C36,PCS,109,9.12,C,C10,8.657656,994.08,8606.4
43222,L15,15067,A20,B29,C32,PCS,184,9.85,C,C07,1.358577,1812.4,2462.28
43222,L15,15067,A20,B29,C32,PCS,75,9.85,C,C07,1.358577,738.75,1003.65
43222,L15,15067,A20,B29,C32,PCS,15,9.85,C,C07,1.358577,147.75,200.73
43222,L15,15067,A20,B29,C32,PCS,797,9.85,C,C07,1.358577,7850.45,10665.44
43222,L15,15067,A20,B29,C32,PCS,657,9.85,C,C07,1.358577,6471.45,8791.96
43222,L15,15067,A20,B29,C32,PCS,213,9.85,C,C07,1.358577,2098.05,2850.36
43222,L15,15067,A20,B29,C32,PCS,12,9.85,C,C07,1.358577,118.2,160.58
43222,L15,15067,A20,B29,C32,PCS,491,9.85,C,C07,1.358577,4836.35,6570.55
43222,L15,15067,A20,B29,C32,PCS,923,9.85,C,C07,1.358577,9091.55,12351.57
43222,L15,15067,A20,B29,C32,PCS,125,9.85,C,C07,1.358577,1231.25,1672.75
43249,L15,15084,A17,B27,C40,PCS,688,9.47,D,C10,8.657656,6515.36,56407.75
43249,L15,15084,A17,B27,C40,PCS,595,9.47,D,C10,8.657656,5634.65,48782.86
43249,L15,15084,A17,B27,C40,PCS,731,9.47,D,C10,8.657656,6922.57,59933.23
43249,L15,15084,A17,B27,C40,PCS,489,9.47,D,C10,8.657656,4630.83,40092.13
43249,L15,15084,A17,B27,C40,PCS,858,9.47,D,C10,8.657656,8125.26,70345.71
43249,L15,15084,A17,B27,C40,PCS,97,9.47,D,C10,8.657656,918.59,7952.84
43249,L15,15084,A17,B27,C40,PCS,808,9.47,D,C10,8.657656,7651.76,66246.31
43249,L15,15084,A17,B27,C40,PCS,469,9.47,D,C10,8.657656,4441.43,38452.37
43249,L15,15084,A17,B27,C40,PCS,371,9.47,D,C10,8.657656,3513.37,30417.55
43249,L15,15084,A17,B27,C40,PCS,136,9.47,D,C10,8.657656,1287.92,11150.37
43245,L15,15099,A16,B26,C37,PCS,14,3.1,C,C01,6.825646,43.4,296.23
43245,L15,15099,A16,B26,C37,PCS,216,3.1,C,C01,6.825646,669.6,4570.45
43245,L15,15099,A16,B26,C37,PCS,76,3.1,C,C01,6.825646,235.6,1608.12
43245,L15,15099,A16,B26,C37,PCS,753,3.1,C,C01,6.825646,2334.3,15933.11
43245,L15,15099,A16,B26,C37,PCS,550,3.1,C,C01,6.825646,1705,11637.73
43245,L15,15099,A16,B26,C37,PCS,901,3.1,C,C01,6.825646,2793.1,19064.71
43245,L15,15099,A16,B26,C37,PCS,281,3.1,C,C01,6.825646,871.1,5945.82
43245,L15,15099,A16,B26,C37,PCS,175,3.1,C,C01,6.825646,542.5,3702.91
43245,L15,15099,A16,B26,C37,PCS,632,3.1,C,C01,6.825646,1959.2,13372.81
43245,L15,15099,A16,B26,C37,PCS,185,3.1,C,C01,6.825646,573.5,3914.51
43250,L15,15107,A15,B27,C36,PCS,97,9.27,C,C04,5.388146,899.19,4844.97
43250,L15,15107,A15,B27,C36,PCS,607,9.27,C,C04,5.388146,5626.89,30318.5
43250,L15,15107,A15,B27,C36,PCS,527,9.27,C,C04,5.388146,4885.29,26322.66
43250,L15,15107,A15,B27,C36,PCS,677,9.27,C,C04,5.388146,6275.79,33814.87
43250,L15,15107,A15,B27,C36,PCS,376,9.27,C,C04,5.388146,3485.52,18780.49
43250,L15,15107,A15,B27,C36,PCS,655,9.27,C,C04,5.388146,6071.85,32716.01
43250,L15,15107,A15,B27,C36,PCS,616,9.27,C,C04,5.388146,5710.32,30768.04
43250,L15,15107,A15,B27,C36,PCS,315,9.27,C,C04,5.388146,2920.05,15733.66
43250,L15,15107,A15,B27,C36,PCS,666,9.27,C,C04,5.388146,6173.82,33265.44
43250,L15,15107,A15,B27,C36,PCS,939,9.27,C,C04,5.388146,8704.53,46901.28
43221,L15,15117,A13,B20,C40,PCS,652,4.36,D,C01,6.825646,2842.72,19403.4
43221,L15,15117,A13,B20,C40,PCS,387,4.36,D,C01,6.825646,1687.32,11517.05
43221,L15,15117,A13,B20,C40,PCS,222,4.36,D,C01,6.825646,967.92,6606.68
43221,L15,15117,A13,B20,C40,PCS,271,4.36,D,C01,6.825646,1181.56,8064.91
43221,L15,15117,A13,B20,C40,PCS,482,4.36,D,C01,6.825646,2101.52,14344.23
43221,L15,15117,A13,B20,C40,PCS,959,4.36,D,C01,6.825646,4181.24,28539.66
43221,L15,15117,A13,B20,C40,PCS,454,4.36,D,C01,6.825646,1979.44,13510.96
43221,L15,15117,A13,B20,C40,PCS,371,4.36,D,C01,6.825646,1617.56,11040.89
43221,L15,15117,A13,B20,C40,PCS,384,4.36,D,C01,6.825646,1674.24,11427.77
43221,L15,15117,A13,B20,C40,PCS,548,4.36,D,C01,6.825646,2389.28,16308.38
43244,L15,15261,A18,B22,C35,PCS,125,1.85,D,C05,3.40242,231.25,786.81
43244,L15,15261,A18,B22,C35,PCS,372,1.85,D,C05,3.40242,688.2,2341.55
43244,L15,15261,A18,B22,C35,PCS,500,1.85,D,C05,3.40242,925,3147.24
43244,L15,15261,A18,B22,C35,PCS,810,1.85,D,C05,3.40242,1498.5,5098.53
43244,L15,15261,A18,B22,C35,PCS,822,1.85,D,C05,3.40242,1520.7,5174.06
43244,L15,15261,A18,B22,C35,PCS,276,1.85,D,C05,3.40242,510.6,1737.28
43244,L15,15261,A18,B22,C35,PCS,934,1.85,D,C05,3.40242,1727.9,5879.04
43244,L15,15261,A18,B22,C35,PCS,402,1.85,D,C05,3.40242,743.7,2530.38
43244,L15,15261,A18,B22,C35,PCS,35,1.85,D,C05,3.40242,64.75,220.31
43244,L15,15261,A18,B22,C35,PCS,897,1.85,D,C05,3.40242,1659.45,5646.15
43240,L15,15264,A10,B21,C34,PCS,84,4.82,D,C07,1.358577,404.88,550.06
43240,L15,15264,A10,B21,C34,PCS,942,4.82,D,C07,1.358577,4540.44,6168.54
43240,L15,15264,A10,B21,C34,PCS,830,4.82,D,C07,1.358577,4000.6,5435.12
43240,L15,15264,A10,B21,C34,PCS,147,4.82,D,C07,1.358577,708.54,962.61
43240,L15,15264,A10,B21,C34,PCS,402,4.82,D,C07,1.358577,1937.64,2632.43
43240,L15,15264,A10,B21,C34,PCS,425,4.82,D,C07,1.358577,2048.5,2783.04
43240,L15,15264,A10,B21,C34,PCS,389,4.82,D,C07,1.358577,1874.98,2547.3
43240,L15,15264,A10,B21,C34,PCS,349,4.82,D,C07,1.358577,1682.18,2285.37
43240,L15,15264,A10,B21,C34,PCS,548,4.82,D,C07,1.358577,2641.36,3588.49
43240,L15,15264,A10,B21,C34,PCS,207,4.82,D,C07,1.358577,997.74,1355.51
43240,L15,15304,A15,B21,C37,PCS,546,9.94,C,C07,1.358577,5427.24,7373.32
43240,L15,15304,A15,B21,C37,PCS,87,9.94,C,C07,1.358577,864.78,1174.87
43240,L15,15304,A15,B21,C37,PCS,427,9.94,C,C07,1.358577,4244.38,5766.32
43240,L15,15304,A15,B21,C37,PCS,497,9.94,C,C07,1.358577,4940.18,6711.61
43240,L15,15304,A15,B21,C37,PCS,236,9.94,C,C07,1.358577,2345.84,3187
43240,L15,15304,A15,B21,C37,PCS,811,9.94,C,C07,1.358577,8061.34,10951.95
43240,L15,15304,A15,B21,C37,PCS,447,9.94,C,C07,1.358577,4443.18,6036.4
43240,L15,15304,A15,B21,C37,PCS,421,9.94,C,C07,1.358577,4184.74,5685.29
43240,L15,15304,A15,B21,C37,PCS,873,9.94,C,C07,1.358577,8677.62,11789.21
43240,L15,15304,A15,B21,C37,PCS,130,9.94,C,C07,1.358577,1292.2,1755.55
43221,L15,15321,A17,B21,C34,PCS,931,9.27,C,C05,3.40242,8630.37,29364.14
43221,L15,15321,A17,B21,C34,PCS,924,9.27,C,C05,3.40242,8565.48,29143.36
43221,L15,15321,A17,B21,C34,PCS,727,9.27,C,C05,3.40242,6739.29,22929.9
43221,L15,15321,A17,B21,C34,PCS,345,9.27,C,C05,3.40242,3198.15,10881.45
43221,L15,15321,A17,B21,C34,PCS,562,9.27,C,C05,3.40242,5209.74,17725.72
43221,L15,15321,A17,B21,C34,PCS,59,9.27,C,C05,3.40242,546.93,1860.89
43221,L15,15321,A17,B21,C34,PCS,852,9.27,C,C05,3.40242,7898.04,26872.45
43221,L15,15321,A17,B21,C34,PCS,456,9.27,C,C05,3.40242,4227.12,14382.44
43221,L15,15321,A17,B21,C34,PCS,563,9.27,C,C05,3.40242,5219.01,17757.26
43221,L15,15321,A17,B21,C34,PCS,197,9.27,C,C05,3.40242,1826.19,6213.47
43247,L15,15499,A19,B20,C36,PCS,771,4.51,C,C07,1.358577,3477.21,4724.06
43247,L15,15499,A19,B20,C36,PCS,217,4.51,C,C07,1.358577,978.67,1329.6
43247,L15,15499,A19,B20,C36,PCS,952,4.51,C,C07,1.358577,4293.52,5833.08
43247,L15,15499,A19,B20,C36,PCS,18,4.51,C,C07,1.358577,81.18,110.29
43247,L15,15499,A19,B20,C36,PCS,784,4.51,C,C07,1.358577,3535.84,4803.71
43247,L15,15499,A19,B20,C36,PCS,648,4.51,C,C07,1.358577,2922.48,3970.41
43247,L15,15499,A19,B20,C36,PCS,96,4.51,C,C07,1.358577,432.96,588.21
43247,L15,15499,A19,B20,C36,PCS,586,4.51,C,C07,1.358577,2642.86,3590.53
43247,L15,15499,A19,B20,C36,PCS,99,4.51,C,C07,1.358577,446.49,606.59
43247,L15,15499,A19,B20,C36,PCS,188,4.51,C,C07,1.358577,847.88,1151.91
43229,L15,15573,A20,B21,C32,PCS,959,5.49,C,C08,1.496196,5264.91,7877.34
43229,L15,15573,A20,B21,C32,PCS,686,5.49,C,C08,1.496196,3766.14,5634.88
43229,L15,15573,A20,B21,C32,PCS,974,5.49,C,C08,1.496196,5347.26,8000.55
43229,L15,15573,A20,B21,C32,PCS,791,5.49,C,C08,1.496196,4342.59,6497.37
43229,L15,15573,A20,B21,C32,PCS,762,5.49,C,C08,1.496196,4183.38,6259.16
43229,L15,15573,A20,B21,C32,PCS,480,5.49,C,C08,1.496196,2635.2,3942.78
43229,L15,15573,A20,B21,C32,PCS,54,5.49,C,C08,1.496196,296.46,443.56
43229,L15,15573,A20,B21,C32,PCS,577,5.49,C,C08,1.496196,3167.73,4739.54
43229,L15,15573,A20,B21,C32,PCS,360,5.49,C,C08,1.496196,1976.4,2957.08
43229,L15,15573,A20,B21,C32,PCS,540,5.49,C,C08,1.496196,2964.6,4435.62
43239,L15,15726,A11,B28,C33,PCS,743,2.09,C,C02,9.912483,1552.87,15392.8
43239,L15,15726,A11,B28,C33,PCS,678,2.09,C,C02,9.912483,1417.02,14046.19
43239,L15,15726,A11,B28,C33,PCS,368,2.09,C,C02,9.912483,769.12,7623.89
43239,L15,15726,A11,B28,C33,PCS,377,2.09,C,C02,9.912483,787.93,7810.34
43239,L15,15726,A11,B28,C33,PCS,673,2.09,C,C02,9.912483,1406.57,13942.6
43239,L15,15726,A11,B28,C33,PCS,375,2.09,C,C02,9.912483,783.75,7768.91
43239,L15,15726,A11,B28,C33,PCS,57,2.09,C,C02,9.912483,119.13,1180.87
43239,L15,15726,A11,B28,C33,PCS,62,2.09,C,C02,9.912483,129.58,1284.46
43239,L15,15726,A11,B28,C33,PCS,21,2.09,C,C02,9.912483,43.89,435.06
43239,L15,15726,A11,B28,C33,PCS,461,2.09,C,C02,9.912483,963.49,9550.58
43248,L15,15734,A17,B20,C32,PCS,275,1.61,D,C03,7.133317,442.75,3158.28
43248,L15,15734,A17,B20,C32,PCS,837,1.61,D,C03,7.133317,1347.57,9612.64
43248,L15,15734,A17,B20,C32,PCS,80,1.61,D,C03,7.133317,128.8,918.77
43248,L15,15734,A17,B20,C32,PCS,282,1.61,D,C03,7.133317,454.02,3238.67
43248,L15,15734,A17,B20,C32,PCS,335,1.61,D,C03,7.133317,539.35,3847.35
43248,L15,15734,A17,B20,C32,PCS,634,1.61,D,C03,7.133317,1020.74,7281.26
43248,L15,15734,A17,B20,C32,PCS,733,1.61,D,C03,7.133317,1180.13,8418.24
43248,L15,15734,A17,B20,C32,PCS,377,1.61,D,C03,7.133317,606.97,4329.71
43248,L15,15734,A17,B20,C32,PCS,930,1.61,D,C03,7.133317,1497.3,10680.72
43248,L15,15734,A17,B20,C32,PCS,868,1.61,D,C03,7.133317,1397.48,9968.67
43237,L15,15835,A15,B25,C32,PCS,173,9.6,D,C06,3.547054,1660.8,5890.95
43237,L15,15835,A15,B25,C32,PCS,103,9.6,D,C06,3.547054,988.8,3507.33
43237,L15,15835,A15,B25,C32,PCS,496,9.6,D,C06,3.547054,4761.6,16889.65
43237,L15,15835,A15,B25,C32,PCS,497,9.6,D,C06,3.547054,4771.2,16923.7
43237,L15,15835,A15,B25,C32,PCS,169,9.6,D,C06,3.547054,1622.4,5754.74
43237,L15,15835,A15,B25,C32,PCS,833,9.6,D,C06,3.547054,7996.8,28365.08
43237,L15,15835,A15,B25,C32,PCS,311,9.6,D,C06,3.547054,2985.6,10590.08
43237,L15,15835,A15,B25,C32,PCS,276,9.6,D,C06,3.547054,2649.6,9398.27
43237,L15,15835,A15,B25,C32,PCS,146,9.6,D,C06,3.547054,1401.6,4971.55
43237,L15,15835,A15,B25,C32,PCS,902,9.6,D,C06,3.547054,8659.2,30714.65
43239,L15,15852,A16,B22,C40,PCS,609,6.44,C,C04,5.388146,3921.96,21132.09
43239,L15,15852,A16,B22,C40,PCS,512,6.44,C,C04,5.388146,3297.28,17766.23
43239,L15,15852,A16,B22,C40,PCS,90,6.44,C,C04,5.388146,579.6,3122.97
43239,L15,15852,A16,B22,C40,PCS,974,6.44,C,C04,5.388146,6272.56,33797.47
43239,L15,15852,A16,B22,C40,PCS,885,6.44,C,C04,5.388146,5699.4,30709.2
43239,L15,15852,A16,B22,C40,PCS,383,6.44,C,C04,5.388146,2466.52,13289.97
43239,L15,15852,A16,B22,C40,PCS,321,6.44,C,C04,5.388146,2067.24,11138.59
43239,L15,15852,A16,B22,C40,PCS,857,6.44,C,C04,5.388146,5519.08,29737.61
43239,L15,15852,A16,B22,C40,PCS,628,6.44,C,C04,5.388146,4044.32,21791.39
43239,L15,15852,A16,B22,C40,PCS,267,6.44,C,C04,5.388146,1719.48,9264.81
43230,L15,15896,A16,B25,C37,PCS,383,5.28,C,C03,7.133317,2022.24,14425.28
43230,L15,15896,A16,B25,C37,PCS,901,5.28,C,C03,7.133317,4757.28,33935.19
43230,L15,15896,A16,B25,C37,PCS,765,5.28,C,C03,7.133317,4039.2,28812.89
43230,L15,15896,A16,B25,C37,PCS,861,5.28,C,C03,7.133317,4546.08,32428.63
43230,L15,15896,A16,B25,C37,PCS,950,5.28,C,C03,7.133317,5016,35780.72
43230,L15,15896,A16,B25,C37,PCS,310,5.28,C,C03,7.133317,1636.8,11675.81
43230,L15,15896,A16,B25,C37,PCS,188,5.28,C,C03,7.133317,992.64,7080.82
43230,L15,15896,A16,B25,C37,PCS,616,5.28,C,C03,7.133317,3252.48,23200.97
43230,L15,15896,A16,B25,C37,PCS,429,5.28,C,C03,7.133317,2265.12,16157.82
43230,L15,15896,A16,B25,C37,PCS,768,5.28,C,C03,7.133317,4055.04,28925.89
43221,L15,15897,A13,B21,C37,PCS,392,4.36,D,C01,6.825646,1709.12,11665.85
43221,L15,15897,A13,B21,C37,PCS,727,4.36,D,C01,6.825646,3169.72,21635.39
43221,L15,15897,A13,B21,C37,PCS,442,4.36,D,C01,6.825646,1927.12,13153.84
43221,L15,15897,A13,B21,C37,PCS,585,4.36,D,C01,6.825646,2550.6,17409.49
43221,L15,15897,A13,B21,C37,PCS,729,4.36,D,C01,6.825646,3178.44,21694.91
43221,L15,15897,A13,B21,C37,PCS,413,4.36,D,C01,6.825646,1800.68,12290.8
43221,L15,15897,A13,B21,C37,PCS,341,4.36,D,C01,6.825646,1486.76,10148.1
43221,L15,15897,A13,B21,C37,PCS,565,4.36,D,C01,6.825646,2463.4,16814.3
43221,L15,15897,A13,B21,C37,PCS,707,4.36,D,C01,6.825646,3082.52,21040.19
43221,L15,15897,A13,B21,C37,PCS,140,4.36,D,C01,6.825646,610.4,4166.37
43250,L15,15931,A11,B24,C40,PCS,966,8.95,C,C10,8.657656,8645.7,74851.5
43250,L15,15931,A11,B24,C40,PCS,51,8.95,C,C10,8.657656,456.45,3951.79
43250,L15,15931,A11,B24,C40,PCS,381,8.95,C,C10,8.657656,3409.95,29522.17
43250,L15,15931,A11,B24,C40,PCS,447,8.95,C,C10,8.657656,4000.65,34636.25
43250,L15,15931,A11,B24,C40,PCS,672,8.95,C,C10,8.657656,6014.4,52070.61
43250,L15,15931,A11,B24,C40,PCS,203,8.95,C,C10,8.657656,1816.85,15729.66
43250,L15,15931,A11,B24,C40,PCS,9,8.95,C,C10,8.657656,80.55,697.37
43250,L15,15931,A11,B24,C40,PCS,885,8.95,C,C10,8.657656,7920.75,68575.13
43250,L15,15931,A11,B24,C40,PCS,810,8.95,C,C10,8.657656,7249.5,62763.68
43250,L15,15931,A11,B24,C40,PCS,921,8.95,C,C10,8.657656,8242.95,71364.63
43222,L15,16093,A15,B29,C32,PCS,353,9.85,C,C07,1.358577,3477.05,4723.84
43222,L15,16093,A15,B29,C32,PCS,859,9.85,C,C07,1.358577,8461.15,11495.12
43222,L15,16093,A15,B29,C32,PCS,296,9.85,C,C07,1.358577,2915.6,3961.07
43222,L15,16093,A15,B29,C32,PCS,989,9.85,C,C07,1.358577,9741.65,13234.78
43222,L15,16093,A15,B29,C32,PCS,160,9.85,C,C07,1.358577,1576,2141.12
43222,L15,16093,A15,B29,C32,PCS,658,9.85,C,C07,1.358577,6481.3,8805.35
43222,L15,16093,A15,B29,C32,PCS,867,9.85,C,C07,1.358577,8539.95,11602.18
43222,L15,16093,A15,B29,C32,PCS,254,9.85,C,C07,1.358577,2501.9,3399.02
43222,L15,16093,A15,B29,C32,PCS,573,9.85,C,C07,1.358577,5644.05,7667.88
43222,L15,16093,A15,B29,C32,PCS,63,9.85,C,C07,1.358577,620.55,843.06
43240,L15,16126,A10,B20,C39,PCS,821,9.99,D,C01,6.825646,8201.79,55982.52
43240,L15,16126,A10,B20,C39,PCS,444,9.99,D,C01,6.825646,4435.56,30275.56
43240,L15,16126,A10,B20,C39,PCS,301,9.99,D,C01,6.825646,3006.99,20524.65
43240,L15,16126,A10,B20,C39,PCS,809,9.99,D,C01,6.825646,8081.91,55164.26
43240,L15,16126,A10,B20,C39,PCS,381,9.99,D,C01,6.825646,3806.19,25979.71
43240,L15,16126,A10,B20,C39,PCS,633,9.99,D,C01,6.825646,6323.67,43163.13
43240,L15,16126,A10,B20,C39,PCS,761,9.99,D,C01,6.825646,7602.39,51891.22
43240,L15,16126,A10,B20,C39,PCS,651,9.99,D,C01,6.825646,6503.49,44390.52
43240,L15,16126,A10,B20,C39,PCS,330,9.99,D,C01,6.825646,3296.7,22502.11
43240,L15,16126,A10,B20,C39,PCS,625,9.99,D,C01,6.825646,6243.75,42617.63
43245,L15,16178,A13,B26,C40,PCS,614,3.1,D,C01,6.825646,1903.4,12991.93
43245,L15,16178,A13,B26,C40,PCS,970,3.1,D,C01,6.825646,3007,20524.72
43245,L15,16178,A13,B26,C40,PCS,865,3.1,D,C01,6.825646,2681.5,18302.97
43245,L15,16178,A13,B26,C40,PCS,110,3.1,D,C01,6.825646,341,2327.55
43245,L15,16178,A13,B26,C40,PCS,893,3.1,D,C01,6.825646,2768.3,18895.44
43245,L15,16178,A13,B26,C40,PCS,515,3.1,D,C01,6.825646,1596.5,10897.14
43245,L15,16178,A13,B26,C40,PCS,953,3.1,D,C01,6.825646,2954.3,20165.01
43245,L15,16178,A13,B26,C40,PCS,859,3.1,D,C01,6.825646,2662.9,18176.01
43245,L15,16178,A13,B26,C40,PCS,232,3.1,D,C01,6.825646,719.2,4909
43245,L15,16178,A13,B26,C40,PCS,774,3.1,D,C01,6.825646,2399.4,16377.46
43245,L15,16325,A20,B28,C34,PCS,6,3.1,C,C01,6.825646,18.6,126.96
43245,L15,16325,A20,B28,C34,PCS,478,3.1,C,C01,6.825646,1481.8,10114.24
43245,L15,16325,A20,B28,C34,PCS,864,3.1,C,C01,6.825646,2678.4,18281.81
43245,L15,16325,A20,B28,C34,PCS,677,3.1,C,C01,6.825646,2098.7,14324.98
43245,L15,16325,A20,B28,C34,PCS,728,3.1,C,C01,6.825646,2256.8,15404.12
43245,L15,16325,A20,B28,C34,PCS,706,3.1,C,C01,6.825646,2188.6,14938.61
43245,L15,16325,A20,B28,C34,PCS,735,3.1,C,C01,6.825646,2278.5,15552.23
43245,L15,16325,A20,B28,C34,PCS,203,3.1,C,C01,6.825646,629.3,4295.38
43245,L15,16325,A20,B28,C34,PCS,90,3.1,C,C01,6.825646,279,1904.36
43245,L15,16325,A20,B28,C34,PCS,758,3.1,C,C01,6.825646,2349.8,16038.9
43247,L15,16389,A10,B23,C32,PCS,250,5.23,D,C07,1.358577,1307.5,1776.34
43247,L15,16389,A10,B23,C32,PCS,92,5.23,D,C07,1.358577,481.16,653.69
43247,L15,16389,A10,B23,C32,PCS,360,5.23,D,C07,1.358577,1882.8,2557.93
43247,L15,16389,A10,B23,C32,PCS,187,5.23,D,C07,1.358577,978.01,1328.7
43247,L15,16389,A10,B23,C32,PCS,423,5.23,D,C07,1.358577,2212.29,3005.57
43247,L15,16389,A10,B23,C32,PCS,308,5.23,D,C07,1.358577,1610.84,2188.45
43247,L15,16389,A10,B23,C32,PCS,796,5.23,D,C07,1.358577,4163.08,5655.86
43247,L15,16389,A10,B23,C32,PCS,151,5.23,D,C07,1.358577,789.73,1072.91
43247,L15,16389,A10,B23,C32,PCS,942,5.23,D,C07,1.358577,4926.66,6693.25
43247,L15,16389,A10,B23,C32,PCS,231,5.23,D,C07,1.358577,1208.13,1641.34
43248,L15,16496,A18,B29,C32,PCS,796,6.92,C,C04,5.388146,5508.32,29679.63
43248,L15,16496,A18,B29,C32,PCS,366,6.92,C,C04,5.388146,2532.72,13646.67
43248,L15,16496,A18,B29,C32,PCS,609,6.92,C,C04,5.388146,4214.28,22707.16
43248,L15,16496,A18,B29,C32,PCS,940,6.92,C,C04,5.388146,6504.8,35048.81
43248,L15,16496,A18,B29,C32,PCS,397,6.92,C,C04,5.388146,2747.24,14802.53
43248,L15,16496,A18,B29,C32,PCS,972,6.92,C,C04,5.388146,6726.24,36241.96
43248,L15,16496,A18,B29,C32,PCS,987,6.92,C,C04,5.388146,6830.04,36801.25
43248,L15,16496,A18,B29,C32,PCS,7,6.92,C,C04,5.388146,48.44,261
43248,L15,16496,A18,B29,C32,PCS,765,6.92,C,C04,5.388146,5293.8,28523.77
43248,L15,16496,A18,B29,C32,PCS,997,6.92,C,C04,5.388146,6899.24,37174.11
43250,L15,16530,A16,B24,C31,PCS,536,3.53,D,C08,1.496196,1892.08,2830.92
43250,L15,16530,A16,B24,C31,PCS,836,3.53,D,C08,1.496196,2951.08,4415.39
43250,L15,16530,A16,B24,C31,PCS,539,3.53,D,C08,1.496196,1902.67,2846.77
43250,L15,16530,A16,B24,C31,PCS,43,3.53,D,C08,1.496196,151.79,227.11
43250,L15,16530,A16,B24,C31,PCS,488,3.53,D,C08,1.496196,1722.64,2577.41
43250,L15,16530,A16,B24,C31,PCS,217,3.53,D,C08,1.496196,766.01,1146.1
43250,L15,16530,A16,B24,C31,PCS,450,3.53,D,C08,1.496196,1588.5,2376.71
43250,L15,16530,A16,B24,C31,PCS,467,3.53,D,C08,1.496196,1648.51,2466.49
43250,L15,16530,A16,B24,C31,PCS,647,3.53,D,C08,1.496196,2283.91,3417.18
43250,L15,16530,A16,B24,C31,PCS,172,3.53,D,C08,1.496196,607.16,908.43
43251,L15,16550,A10,B26,C38,PCS,94,4.03,D,C05,3.40242,378.82,1288.9
43251,L15,16550,A10,B26,C38,PCS,652,4.03,D,C05,3.40242,2627.56,8940.06
43251,L15,16550,A10,B26,C38,PCS,382,4.03,D,C05,3.40242,1539.46,5237.89
43251,L15,16550,A10,B26,C38,PCS,814,4.03,D,C05,3.40242,3280.42,11161.37
43251,L15,16550,A10,B26,C38,PCS,963,4.03,D,C05,3.40242,3880.89,13204.42
43251,L15,16550,A10,B26,C38,PCS,238,4.03,D,C05,3.40242,959.14,3263.4
43251,L15,16550,A10,B26,C38,PCS,727,4.03,D,C05,3.40242,2929.81,9968.44
43251,L15,16550,A10,B26,C38,PCS,166,4.03,D,C05,3.40242,668.98,2276.15
43251,L15,16550,A10,B26,C38,PCS,130,4.03,D,C05,3.40242,523.9,1782.53
43251,L15,16550,A10,B26,C38,PCS,571,4.03,D,C05,3.40242,2301.13,7829.41
43239,L15,16821,A16,B25,C40,PCS,885,2.09,D,C02,9.912483,1849.65,18334.62
43239,L15,16821,A16,B25,C40,PCS,155,2.09,D,C02,9.912483,323.95,3211.15
43239,L15,16821,A16,B25,C40,PCS,602,2.09,D,C02,9.912483,1258.18,12471.69
43239,L15,16821,A16,B25,C40,PCS,511,2.09,D,C02,9.912483,1067.99,10586.43
43239,L15,16821,A16,B25,C40,PCS,845,2.09,D,C02,9.912483,1766.05,17505.94
43239,L15,16821,A16,B25,C40,PCS,40,2.09,D,C02,9.912483,83.6,828.68
43239,L15,16821,A16,B25,C40,PCS,325,2.09,D,C02,9.912483,679.25,6733.05
43239,L15,16821,A16,B25,C40,PCS,718,2.09,D,C02,9.912483,1500.62,14874.87
43239,L15,16821,A16,B25,C40,PCS,155,2.09,D,C02,9.912483,323.95,3211.15
43239,L15,16821,A16,B25,C40,PCS,768,2.09,D,C02,9.912483,1605.12,15910.72
43251,L15,16916,A17,B28,C35,PCS,937,6.54,D,C10,8.657656,6127.98,53053.94
43251,L15,16916,A17,B28,C35,PCS,73,6.54,D,C10,8.657656,477.42,4133.34
43251,L15,16916,A17,B28,C35,PCS,785,6.54,D,C10,8.657656,5133.9,44447.54
43251,L15,16916,A17,B28,C35,PCS,297,6.54,D,C10,8.657656,1942.38,16816.46
43251,L15,16916,A17,B28,C35,PCS,724,6.54,D,C10,8.657656,4734.96,40993.65
43251,L15,16916,A17,B28,C35,PCS,439,6.54,D,C10,8.657656,2871.06,24856.65
43251,L15,16916,A17,B28,C35,PCS,38,6.54,D,C10,8.657656,248.52,2151.6
43251,L15,16916,A17,B28,C35,PCS,939,6.54,D,C10,8.657656,6141.06,53167.18
43251,L15,16916,A17,B28,C35,PCS,251,6.54,D,C10,8.657656,1641.54,14211.89
43251,L15,16916,A17,B28,C35,PCS,465,6.54,D,C10,8.657656,3041.1,26328.8
43239,L15,16943,A18,B30,C36,PCS,781,6.44,D,C04,5.388146,5029.64,27100.43
43239,L15,16943,A18,B30,C36,PCS,279,6.44,D,C04,5.388146,1796.76,9681.21
43239,L15,16943,A18,B30,C36,PCS,15,6.44,D,C04,5.388146,96.6,520.49
43239,L15,16943,A18,B30,C36,PCS,254,6.44,D,C04,5.388146,1635.76,8813.71
43239,L15,16943,A18,B30,C36,PCS,389,6.44,D,C04,5.388146,2505.16,13498.17
43239,L15,16943,A18,B30,C36,PCS,515,6.44,D,C04,5.388146,3316.6,17870.33
43239,L15,16943,A18,B30,C36,PCS,13,6.44,D,C04,5.388146,83.72,451.1
43239,L15,16943,A18,B30,C36,PCS,395,6.44,D,C04,5.388146,2543.8,13706.37
43239,L15,16943,A18,B30,C36,PCS,660,6.44,D,C04,5.388146,4250.4,22901.78
43239,L15,16943,A18,B30,C36,PCS,343,6.44,D,C04,5.388146,2208.92,11901.98
43230,L15,17002,A10,B25,C32,PCS,112,8.93,D,C08,1.496196,1000.16,1496.44
43230,L15,17002,A10,B25,C32,PCS,775,8.93,D,C08,1.496196,6920.75,10354.8
43230,L15,17002,A10,B25,C32,PCS,954,8.93,D,C08,1.496196,8519.22,12746.42
43230,L15,17002,A10,B25,C32,PCS,111,8.93,D,C08,1.496196,991.23,1483.07
43230,L15,17002,A10,B25,C32,PCS,497,8.93,D,C08,1.496196,4438.21,6640.43
43230,L15,17002,A10,B25,C32,PCS,712,8.93,D,C08,1.496196,6358.16,9513.05
43230,L15,17002,A10,B25,C32,PCS,234,8.93,D,C08,1.496196,2089.62,3126.48
43230,L15,17002,A10,B25,C32,PCS,466,8.93,D,C08,1.496196,4161.38,6226.24
43230,L15,17002,A10,B25,C32,PCS,857,8.93,D,C08,1.496196,7653.01,11450.4
43230,L15,17002,A10,B25,C32,PCS,932,8.93,D,C08,1.496196,8322.76,12452.48
43248,L15,17293,A15,B30,C38,PCS,840,2.47,D,C01,6.825646,2074.8,14161.85
43248,L15,17293,A15,B30,C38,PCS,171,2.47,D,C01,6.825646,422.37,2882.95
43248,L15,17293,A15,B30,C38,PCS,676,2.47,D,C01,6.825646,1669.72,11396.92
43248,L15,17293,A15,B30,C38,PCS,119,2.47,D,C01,6.825646,293.93,2006.26
43248,L15,17293,A15,B30,C38,PCS,55,2.47,D,C01,6.825646,135.85,927.26
43248,L15,17293,A15,B30,C38,PCS,210,2.47,D,C01,6.825646,518.7,3540.46
43248,L15,17293,A15,B30,C38,PCS,169,2.47,D,C01,6.825646,417.43,2849.23
43248,L15,17293,A15,B30,C38,PCS,202,2.47,D,C01,6.825646,498.94,3405.59
43248,L15,17293,A15,B30,C38,PCS,634,2.47,D,C01,6.825646,1565.98,10688.83
43248,L15,17293,A15,B30,C38,PCS,483,2.47,D,C01,6.825646,1193.01,8143.06
43229,L15,17485,A12,B28,C38,PCS,961,2.72,D,C01,6.825646,2613.92,17841.69
43229,L15,17485,A12,B28,C38,PCS,112,2.72,D,C01,6.825646,304.64,2079.36
43229,L15,17485,A12,B28,C38,PCS,745,2.72,D,C01,6.825646,2026.4,13831.49
43229,L15,17485,A12,B28,C38,PCS,224,2.72,D,C01,6.825646,609.28,4158.73
43229,L15,17485,A12,B28,C38,PCS,671,2.72,D,C01,6.825646,1825.12,12457.62
43229,L15,17485,A12,B28,C38,PCS,141,2.72,D,C01,6.825646,383.52,2617.77
43229,L15,17485,A12,B28,C38,PCS,584,2.72,D,C01,6.825646,1588.48,10842.4
43229,L15,17485,A12,B28,C38,PCS,595,2.72,D,C01,6.825646,1618.4,11046.63
43229,L15,17485,A12,B28,C38,PCS,229,2.72,D,C01,6.825646,622.88,4251.56
43229,L15,17485,A12,B28,C38,PCS,338,2.72,D,C01,6.825646,919.36,6275.23
43250,L15,17500,A20,B25,C34,PCS,814,3.53,C,C08,1.496196,2873.42,4299.2
43250,L15,17500,A20,B25,C34,PCS,490,3.53,C,C08,1.496196,1729.7,2587.97
43250,L15,17500,A20,B25,C34,PCS,261,3.53,C,C08,1.496196,921.33,1378.49
43250,L15,17500,A20,B25,C34,PCS,366,3.53,C,C08,1.496196,1291.98,1933.06
43250,L15,17500,A20,B25,C34,PCS,832,3.53,C,C08,1.496196,2936.96,4394.27
43250,L15,17500,A20,B25,C34,PCS,564,3.53,C,C08,1.496196,1990.92,2978.81
43250,L15,17500,A20,B25,C34,PCS,563,3.53,C,C08,1.496196,1987.39,2973.52
43250,L15,17500,A20,B25,C34,PCS,702,3.53,C,C08,1.496196,2478.06,3707.66
43250,L15,17500,A20,B25,C34,PCS,17,3.53,C,C08,1.496196,60.01,89.79
43250,L15,17500,A20,B25,C34,PCS,353,3.53,C,C08,1.496196,1246.09,1864.39
43234,L15,17524,A12,B22,C37,PCS,610,8.55,C,C08,1.496196,5215.5,7803.41
43234,L15,17524,A12,B22,C37,PCS,847,8.55,C,C08,1.496196,7241.85,10835.23
43234,L15,17524,A12,B22,C37,PCS,464,8.55,C,C08,1.496196,3967.2,5935.71
43234,L15,17524,A12,B22,C37,PCS,234,8.55,C,C08,1.496196,2000.7,2993.44
43234,L15,17524,A12,B22,C37,PCS,540,8.55,C,C08,1.496196,4617,6907.94
43234,L15,17524,A12,B22,C37,PCS,430,8.55,C,C08,1.496196,3676.5,5500.76
43234,L15,17524,A12,B22,C37,PCS,220,8.55,C,C08,1.496196,1881,2814.34
43234,L15,17524,A12,B22,C37,PCS,851,8.55,C,C08,1.496196,7276.05,10886.4
43234,L15,17524,A12,B22,C37,PCS,867,8.55,C,C08,1.496196,7412.85,11091.08
43234,L15,17524,A12,B22,C37,PCS,973,8.55,C,C08,1.496196,8319.15,12447.08
43237,L15,17573,A19,B23,C34,PCS,578,1.72,D,C06,3.547054,994.16,3526.34
43237,L15,17573,A19,B23,C34,PCS,429,1.72,D,C06,3.547054,737.88,2617.3
43237,L15,17573,A19,B23,C34,PCS,578,1.72,D,C06,3.547054,994.16,3526.34
43237,L15,17573,A19,B23,C34,PCS,134,1.72,D,C06,3.547054,230.48,817.53
43237,L15,17573,A19,B23,C34,PCS,175,1.72,D,C06,3.547054,301,1067.66
43237,L15,17573,A19,B23,C34,PCS,383,1.72,D,C06,3.547054,658.76,2336.66
43237,L15,17573,A19,B23,C34,PCS,912,1.72,D,C06,3.547054,1568.64,5564.05
43237,L15,17573,A19,B23,C34,PCS,821,1.72,D,C06,3.547054,1412.12,5008.87
43237,L15,17573,A19,B23,C34,PCS,583,1.72,D,C06,3.547054,1002.76,3556.84
43237,L15,17573,A19,B23,C34,PCS,424,1.72,D,C06,3.547054,729.28,2586.8
43238,L15,17695,A17,B29,C38,PCS,930,2.11,C,C06,3.547054,1962.3,6960.38
43238,L15,17695,A17,B29,C38,PCS,80,2.11,C,C06,3.547054,168.8,598.74
43238,L15,17695,A17,B29,C38,PCS,544,2.11,C,C06,3.547054,1147.84,4071.45
43238,L15,17695,A17,B29,C38,PCS,684,2.11,C,C06,3.547054,1443.24,5119.25
43238,L15,17695,A17,B29,C38,PCS,103,2.11,C,C06,3.547054,217.33,770.88
43238,L15,17695,A17,B29,C38,PCS,730,2.11,C,C06,3.547054,1540.3,5463.53
43238,L15,17695,A17,B29,C38,PCS,451,2.11,C,C06,3.547054,951.61,3375.41
43238,L15,17695,A17,B29,C38,PCS,81,2.11,C,C06,3.547054,170.91,606.23
43238,L15,17695,A17,B29,C38,PCS,890,2.11,C,C06,3.547054,1877.9,6661.01
43238,L15,17695,A17,B29,C38,PCS,488,2.11,C,C06,3.547054,1029.68,3652.33
43240,L15,17732,A11,B30,C30,PCS,53,4.82,C,C07,1.358577,255.46,347.06
43240,L15,17732,A11,B30,C30,PCS,649,4.82,C,C07,1.358577,3128.18,4249.87
43240,L15,17732,A11,B30,C30,PCS,776,4.82,C,C07,1.358577,3740.32,5081.51
43240,L15,17732,A11,B30,C30,PCS,917,4.82,C,C07,1.358577,4419.94,6004.83
43240,L15,17732,A11,B30,C30,PCS,749,4.82,C,C07,1.358577,3610.18,4904.71
43240,L15,17732,A11,B30,C30,PCS,875,4.82,C,C07,1.358577,4217.5,5729.8
43240,L15,17732,A11,B30,C30,PCS,253,4.82,C,C07,1.358577,1219.46,1656.73
43240,L15,17732,A11,B30,C30,PCS,41,4.82,C,C07,1.358577,197.62,268.48
43240,L15,17732,A11,B30,C30,PCS,559,4.82,C,C07,1.358577,2694.38,3660.52
43240,L15,17732,A11,B30,C30,PCS,411,4.82,C,C07,1.358577,1981.02,2691.37
43237,L15,17858,A19,B23,C30,PCS,347,9.6,C,C06,3.547054,3331.2,11815.95
43237,L15,17858,A19,B23,C30,PCS,593,9.6,C,C06,3.547054,5692.8,20192.67
43237,L15,17858,A19,B23,C30,PCS,719,9.6,C,C06,3.547054,6902.4,24483.19
43237,L15,17858,A19,B23,C30,PCS,63,9.6,C,C06,3.547054,604.8,2145.26
43237,L15,17858,A19,B23,C30,PCS,165,9.6,C,C06,3.547054,1584,5618.53
43237,L15,17858,A19,B23,C30,PCS,319,9.6,C,C06,3.547054,3062.4,10862.5
43237,L15,17858,A19,B23,C30,PCS,755,9.6,C,C06,3.547054,7248,25709.05
43237,L15,17858,A19,B23,C30,PCS,745,9.6,C,C06,3.547054,7152,25368.53
43237,L15,17858,A19,B23,C30,PCS,470,9.6,C,C06,3.547054,4512,16004.31
43237,L15,17858,A19,B23,C30,PCS,173,9.6,C,C06,3.547054,1660.8,5890.95
43232,L15,18143,A12,B29,C38,PCS,817,9.41,D,C06,3.547054,7687.97,27269.64
43232,L15,18143,A12,B29,C38,PCS,54,9.41,D,C06,3.547054,508.14,1802.4
43232,L15,18143,A12,B29,C38,PCS,133,9.41,D,C06,3.547054,1251.53,4439.24
43232,L15,18143,A12,B29,C38,PCS,321,9.41,D,C06,3.547054,3020.61,10714.27
43232,L15,18143,A12,B29,C38,PCS,948,9.41,D,C06,3.547054,8920.68,31642.13
43232,L15,18143,A12,B29,C38,PCS,471,9.41,D,C06,3.547054,4432.11,15720.93
43232,L15,18143,A12,B29,C38,PCS,464,9.41,D,C06,3.547054,4366.24,15487.29
43232,L15,18143,A12,B29,C38,PCS,950,9.41,D,C06,3.547054,8939.5,31708.89
43232,L15,18143,A12,B29,C38,PCS,289,9.41,D,C06,3.547054,2719.49,9646.18
43232,L15,18143,A12,B29,C38,PCS,248,9.41,D,C06,3.547054,2333.68,8277.69
43223,L15,18165,A15,B30,C34,PCS,37,9.12,C,C10,8.657656,337.44,2921.44
43223,L15,18165,A15,B30,C34,PCS,51,9.12,C,C10,8.657656,465.12,4026.85
43223,L15,18165,A15,B30,C34,PCS,304,9.12,C,C10,8.657656,2772.48,24003.18
43223,L15,18165,A15,B30,C34,PCS,647,9.12,C,C10,8.657656,5900.64,51085.71
43223,L15,18165,A15,B30,C34,PCS,774,9.12,C,C10,8.657656,7058.88,61113.35
43223,L15,18165,A15,B30,C34,PCS,358,9.12,C,C10,8.657656,3264.96,28266.9
43223,L15,18165,A15,B30,C34,PCS,747,9.12,C,C10,8.657656,6812.64,58981.49
43223,L15,18165,A15,B30,C34,PCS,51,9.12,C,C10,8.657656,465.12,4026.85
43223,L15,18165,A15,B30,C34,PCS,733,9.12,C,C10,8.657656,6684.96,57876.08
43223,L15,18165,A15,B30,C34,PCS,172,9.12,C,C10,8.657656,1568.64,13580.75
43231,L15,18178,A12,B21,C33,PCS,433,8.95,D,C06,3.547054,3875.35,13746.08
43231,L15,18178,A12,B21,C33,PCS,550,8.95,D,C06,3.547054,4922.5,17460.37
43231,L15,18178,A12,B21,C33,PCS,442,8.95,D,C06,3.547054,3955.9,14031.79
43231,L15,18178,A12,B21,C33,PCS,18,8.95,D,C06,3.547054,161.1,571.43
43231,L15,18178,A12,B21,C33,PCS,120,8.95,D,C06,3.547054,1074,3809.54
43231,L15,18178,A12,B21,C33,PCS,465,8.95,D,C06,3.547054,4161.75,14761.95
43231,L15,18178,A12,B21,C33,PCS,286,8.95,D,C06,3.547054,2559.7,9079.39
43231,L15,18178,A12,B21,C33,PCS,535,8.95,D,C06,3.547054,4788.25,16984.18
43231,L15,18178,A12,B21,C33,PCS,398,8.95,D,C06,3.547054,3562.1,12634.96
43231,L15,18178,A12,B21,C33,PCS,473,8.95,D,C06,3.547054,4233.35,15015.92
43224,L15,18232,A12,B28,C37,PCS,792,5.64,C,C05,3.40242,4466.88,15198.2
43224,L15,18232,A12,B28,C37,PCS,201,5.64,C,C05,3.40242,1133.64,3857.12
43224,L15,18232,A12,B28,C37,PCS,809,5.64,C,C05,3.40242,4562.76,15524.43
43224,L15,18232,A12,B28,C37,PCS,481,5.64,C,C05,3.40242,2712.84,9230.22
43224,L15,18232,A12,B28,C37,PCS,917,5.64,C,C05,3.40242,5171.88,17596.91
43224,L15,18232,A12,B28,C37,PCS,71,5.64,C,C05,3.40242,400.44,1362.47
43224,L15,18232,A12,B28,C37,PCS,181,5.64,C,C05,3.40242,1020.84,3473.33
43224,L15,18232,A12,B28,C37,PCS,708,5.64,C,C05,3.40242,3993.12,13586.27
43224,L15,18232,A12,B28,C37,PCS,685,5.64,C,C05,3.40242,3863.4,13144.91
43224,L15,18232,A12,B28,C37,PCS,923,5.64,C,C05,3.40242,5205.72,17712.05
43237,L15,18235,A16,B28,C34,PCS,650,1.72,C,C06,3.547054,1118,3965.61
43237,L15,18235,A16,B28,C34,PCS,11,1.72,C,C06,3.547054,18.92,67.11
43237,L15,18235,A16,B28,C34,PCS,618,1.72,C,C06,3.547054,1062.96,3770.38
43237,L15,18235,A16,B28,C34,PCS,410,1.72,C,C06,3.547054,705.2,2501.38
43237,L15,18235,A16,B28,C34,PCS,689,1.72,C,C06,3.547054,1185.08,4203.54
43237,L15,18235,A16,B28,C34,PCS,792,1.72,C,C06,3.547054,1362.24,4831.94
43237,L15,18235,A16,B28,C34,PCS,82,1.72,C,C06,3.547054,141.04,500.28
43237,L15,18235,A16,B28,C34,PCS,550,1.72,C,C06,3.547054,946,3355.51
43237,L15,18235,A16,B28,C34,PCS,596,1.72,C,C06,3.547054,1025.12,3636.16
43237,L15,18235,A16,B28,C34,PCS,693,1.72,C,C06,3.547054,1191.96,4227.95
43238,L15,18302,A16,B21,C35,PCS,3,8.96,C,C05,3.40242,26.88,91.46
43238,L15,18302,A16,B21,C35,PCS,449,8.96,C,C05,3.40242,4023.04,13688.07
43238,L15,18302,A16,B21,C35,PCS,263,8.96,C,C05,3.40242,2356.48,8017.73
43238,L15,18302,A16,B21,C35,PCS,697,8.96,C,C05,3.40242,6245.12,21248.52
43238,L15,18302,A16,B21,C35,PCS,854,8.96,C,C05,3.40242,7651.84,26034.77
43238,L15,18302,A16,B21,C35,PCS,356,8.96,C,C05,3.40242,3189.76,10852.9
43238,L15,18302,A16,B21,C35,PCS,110,8.96,C,C05,3.40242,985.6,3353.43
43238,L15,18302,A16,B21,C35,PCS,391,8.96,C,C05,3.40242,3503.36,11919.9
43238,L15,18302,A16,B21,C35,PCS,347,8.96,C,C05,3.40242,3109.12,10578.53
43238,L15,18302,A16,B21,C35,PCS,437,8.96,C,C05,3.40242,3915.52,13322.24
43247,L15,18338,A11,B29,C37,PCS,595,4.51,D,C07,1.358577,2683.45,3645.67
43247,L15,18338,A11,B29,C37,PCS,142,4.51,D,C07,1.358577,640.42,870.06
43247,L15,18338,A11,B29,C37,PCS,820,4.51,D,C07,1.358577,3698.2,5024.29
43247,L15,18338,A11,B29,C37,PCS,737,4.51,D,C07,1.358577,3323.87,4515.73
43247,L15,18338,A11,B29,C37,PCS,557,4.51,D,C07,1.358577,2512.07,3412.84
43247,L15,18338,A11,B29,C37,PCS,661,4.51,D,C07,1.358577,2981.11,4050.07
43247,L15,18338,A11,B29,C37,PCS,513,4.51,D,C07,1.358577,2313.63,3143.24
43247,L15,18338,A11,B29,C37,PCS,495,4.51,D,C07,1.358577,2232.45,3032.96
43247,L15,18338,A11,B29,C37,PCS,645,4.51,D,C07,1.358577,2908.95,3952.03
43247,L15,18338,A11,B29,C37,PCS,342,4.51,D,C07,1.358577,1542.42,2095.5
43232,L15,18429,A11,B21,C39,PCS,470,1.81,C,C06,3.547054,850.7,3017.48
43232,L15,18429,A11,B21,C39,PCS,900,1.81,C,C06,3.547054,1629,5778.15
43232,L15,18429,A11,B21,C39,PCS,495,1.81,C,C06,3.547054,895.95,3177.98
43232,L15,18429,A11,B21,C39,PCS,301,1.81,C,C06,3.547054,544.81,1932.47
43232,L15,18429,A11,B21,C39,PCS,147,1.81,C,C06,3.547054,266.07,943.76
43232,L15,18429,A11,B21,C39,PCS,918,1.81,C,C06,3.547054,1661.58,5893.71
43232,L15,18429,A11,B21,C39,PCS,728,1.81,C,C06,3.547054,1317.68,4673.88
43232,L15,18429,A11,B21,C39,PCS,224,1.81,C,C06,3.547054,405.44,1438.12
43232,L15,18429,A11,B21,C39,PCS,343,1.81,C,C06,3.547054,620.83,2202.12
43232,L15,18429,A11,B21,C39,PCS,979,1.81,C,C06,3.547054,1771.99,6285.34
43221,L15,18513,A18,B28,C40,PCS,420,2.89,C,C05,3.40242,1213.8,4129.86
43221,L15,18513,A18,B28,C40,PCS,736,2.89,C,C05,3.40242,2127.04,7237.08
43221,L15,18513,A18,B28,C40,PCS,853,2.89,C,C05,3.40242,2465.17,8387.54
43221,L15,18513,A18,B28,C40,PCS,723,2.89,C,C05,3.40242,2089.47,7109.25
43221,L15,18513,A18,B28,C40,PCS,680,2.89,C,C05,3.40242,1965.2,6686.44
43221,L15,18513,A18,B28,C40,PCS,115,2.89,C,C05,3.40242,332.35,1130.79
43221,L15,18513,A18,B28,C40,PCS,787,2.89,C,C05,3.40242,2274.43,7738.57
43221,L15,18513,A18,B28,C40,PCS,946,2.89,C,C05,3.40242,2733.94,9302.01
43221,L15,18513,A18,B28,C40,PCS,203,2.89,C,C05,3.40242,586.67,1996.1
43221,L15,18513,A18,B28,C40,PCS,505,2.89,C,C05,3.40242,1459.45,4965.66
43240,L15,18590,A15,B22,C39,PCS,687,9.98,C,C01,6.825646,6856.26,46798.4
43240,L15,18590,A15,B22,C39,PCS,977,9.98,C,C01,6.825646,9750.46,66553.19
43240,L15,18590,A15,B22,C39,PCS,626,9.98,C,C01,6.825646,6247.48,42643.09
43240,L15,18590,A15,B22,C39,PCS,85,9.98,C,C01,6.825646,848.3,5790.2
43240,L15,18590,A15,B22,C39,PCS,175,9.98,C,C01,6.825646,1746.5,11920.99
43240,L15,18590,A15,B22,C39,PCS,301,9.98,C,C01,6.825646,3003.98,20504.1
43240,L15,18590,A15,B22,C39,PCS,709,9.98,C,C01,6.825646,7075.82,48297.04
43240,L15,18590,A15,B22,C39,PCS,56,9.98,C,C01,6.825646,558.88,3814.72
43240,L15,18590,A15,B22,C39,PCS,103,9.98,C,C01,6.825646,1027.94,7016.35
43240,L15,18590,A15,B22,C39,PCS,79,9.98,C,C01,6.825646,788.42,5381.48
43239,L15,18707,A12,B23,C39,PCS,222,5.33,D,C08,1.496196,1183.26,1770.39
43239,L15,18707,A12,B23,C39,PCS,967,5.33,D,C08,1.496196,5154.11,7711.56
43239,L15,18707,A12,B23,C39,PCS,424,5.33,D,C08,1.496196,2259.92,3381.28
43239,L15,18707,A12,B23,C39,PCS,610,5.33,D,C08,1.496196,3251.3,4864.58
43239,L15,18707,A12,B23,C39,PCS,632,5.33,D,C08,1.496196,3368.56,5040.03
43239,L15,18707,A12,B23,C39,PCS,15,5.33,D,C08,1.496196,79.95,119.62
43239,L15,18707,A12,B23,C39,PCS,872,5.33,D,C08,1.496196,4647.76,6953.96
43239,L15,18707,A12,B23,C39,PCS,871,5.33,D,C08,1.496196,4642.43,6945.99
43239,L15,18707,A12,B23,C39,PCS,459,5.33,D,C08,1.496196,2446.47,3660.4
43239,L15,18707,A12,B23,C39,PCS,735,5.33,D,C08,1.496196,3917.55,5861.42
43248,L15,18782,A16,B22,C37,PCS,134,5.01,D,C03,7.133317,671.34,4788.88
43248,L15,18782,A16,B22,C37,PCS,682,5.01,D,C03,7.133317,3416.82,24373.26
43248,L15,18782,A16,B22,C37,PCS,370,5.01,D,C03,7.133317,1853.7,13223.03
43248,L15,18782,A16,B22,C37,PCS,297,5.01,D,C03,7.133317,1487.97,10614.16
43248,L15,18782,A16,B22,C37,PCS,277,5.01,D,C03,7.133317,1387.77,9899.4
43248,L15,18782,A16,B22,C37,PCS,180,5.01,D,C03,7.133317,901.8,6432.83
43248,L15,18782,A16,B22,C37,PCS,130,5.01,D,C03,7.133317,651.3,4645.93
43248,L15,18782,A16,B22,C37,PCS,440,5.01,D,C03,7.133317,2204.4,15724.68
43248,L15,18782,A16,B22,C37,PCS,290,5.01,D,C03,7.133317,1452.9,10364
43248,L15,18782,A16,B22,C37,PCS,754,5.01,D,C03,7.133317,3777.54,26946.39
43222,L15,18789,A18,B20,C34,PCS,998,4.77,C,C05,3.40242,4760.46,16197.08
43222,L15,18789,A18,B20,C34,PCS,714,4.77,C,C05,3.40242,3405.78,11587.89
43222,L15,18789,A18,B20,C34,PCS,825,4.77,C,C05,3.40242,3935.25,13389.37
43222,L15,18789,A18,B20,C34,PCS,150,4.77,C,C05,3.40242,715.5,2434.43
43222,L15,18789,A18,B20,C34,PCS,470,4.77,C,C05,3.40242,2241.9,7627.89
43222,L15,18789,A18,B20,C34,PCS,865,4.77,C,C05,3.40242,4126.05,14038.56
43222,L15,18789,A18,B20,C34,PCS,882,4.77,C,C05,3.40242,4207.14,14314.46
43222,L15,18789,A18,B20,C34,PCS,544,4.77,C,C05,3.40242,2594.88,8828.87
43222,L15,18789,A18,B20,C34,PCS,890,4.77,C,C05,3.40242,4245.3,14444.29
43222,L15,18789,A18,B20,C34,PCS,673,4.77,C,C05,3.40242,3210.21,10922.48
43237,L15,18939,A11,B29,C38,PCS,481,9.6,D,C06,3.547054,4617.6,16378.88
43237,L15,18939,A11,B29,C38,PCS,51,9.6,D,C06,3.547054,489.6,1736.64
43237,L15,18939,A11,B29,C38,PCS,585,9.6,D,C06,3.547054,5616,19920.26
43237,L15,18939,A11,B29,C38,PCS,703,9.6,D,C06,3.547054,6748.8,23938.36
43237,L15,18939,A11,B29,C38,PCS,972,9.6,D,C06,3.547054,9331.2,33098.27
43237,L15,18939,A11,B29,C38,PCS,132,9.6,D,C06,3.547054,1267.2,4494.83
43237,L15,18939,A11,B29,C38,PCS,425,9.6,D,C06,3.547054,4080,14471.98
43237,L15,18939,A11,B29,C38,PCS,883,9.6,D,C06,3.547054,8476.8,30067.67
43237,L15,18939,A11,B29,C38,PCS,747,9.6,D,C06,3.547054,7171.2,25436.63
43237,L15,18939,A11,B29,C38,PCS,382,9.6,D,C06,3.547054,3667.2,13007.76
43222,L15,19028,A19,B22,C39,PCS,65,7.35,C,C05,3.40242,477.75,1625.51
43222,L15,19028,A19,B22,C39,PCS,542,7.35,C,C05,3.40242,3983.7,13554.22
43222,L15,19028,A19,B22,C39,PCS,15,7.35,C,C05,3.40242,110.25,375.12
43222,L15,19028,A19,B22,C39,PCS,661,7.35,C,C05,3.40242,4858.35,16530.15
43222,L15,19028,A19,B22,C39,PCS,572,7.35,C,C05,3.40242,4204.2,14304.45
43222,L15,19028,A19,B22,C39,PCS,794,7.35,C,C05,3.40242,5835.9,19856.18
43222,L15,19028,A19,B22,C39,PCS,75,7.35,C,C05,3.40242,551.25,1875.58
43222,L15,19028,A19,B22,C39,PCS,732,7.35,C,C05,3.40242,5380.2,18305.7
43222,L15,19028,A19,B22,C39,PCS,113,7.35,C,C05,3.40242,830.55,2825.88
43222,L15,19028,A19,B22,C39,PCS,89,7.35,C,C05,3.40242,654.15,2225.69
43232,L15,19212,A15,B21,C35,PCS,924,3.6,D,C06,3.547054,3326.4,11798.92
43232,L15,19212,A15,B21,C35,PCS,410,3.6,D,C06,3.547054,1476,5235.45
43232,L15,19212,A15,B21,C35,PCS,235,3.6,D,C06,3.547054,846,3000.81
43232,L15,19212,A15,B21,C35,PCS,118,3.6,D,C06,3.547054,424.8,1506.79
43232,L15,19212,A15,B21,C35,PCS,87,3.6,D,C06,3.547054,313.2,1110.94
43232,L15,19212,A15,B21,C35,PCS,474,3.6,D,C06,3.547054,1706.4,6052.69
43232,L15,19212,A15,B21,C35,PCS,290,3.6,D,C06,3.547054,1044,3703.12
43232,L15,19212,A15,B21,C35,PCS,790,3.6,D,C06,3.547054,2844,10087.82
43232,L15,19212,A15,B21,C35,PCS,857,3.6,D,C06,3.547054,3085.2,10943.37
43232,L15,19212,A15,B21,C35,PCS,217,3.6,D,C06,3.547054,781.2,2770.96
43233,L15,19280,A17,B24,C39,PCS,375,7.2,C,C04,5.388146,2700,14547.99
43233,L15,19280,A17,B24,C39,PCS,715,7.2,C,C04,5.388146,5148,27738.18
43233,L15,19280,A17,B24,C39,PCS,627,7.2,C,C04,5.388146,4514.4,24324.25
43233,L15,19280,A17,B24,C39,PCS,146,7.2,C,C04,5.388146,1051.2,5664.02
43233,L15,19280,A17,B24,C39,PCS,708,7.2,C,C04,5.388146,5097.6,27466.61
43233,L15,19280,A17,B24,C39,PCS,125,7.2,C,C04,5.388146,900,4849.33
43233,L15,19280,A17,B24,C39,PCS,154,7.2,C,C04,5.388146,1108.8,5974.38
43233,L15,19280,A17,B24,C39,PCS,290,7.2,C,C04,5.388146,2088,11250.45
43233,L15,19280,A17,B24,C39,PCS,637,7.2,C,C04,5.388146,4586.4,24712.19
43233,L15,19280,A17,B24,C39,PCS,149,7.2,C,C04,5.388146,1072.8,5780.4
43224,L15,19428,A16,B26,C37,PCS,702,5.64,D,C05,3.40242,3959.28,13471.13
43224,L15,19428,A16,B26,C37,PCS,405,5.64,D,C05,3.40242,2284.2,7771.81
43224,L15,19428,A16,B26,C37,PCS,121,5.64,D,C05,3.40242,682.44,2321.95
43224,L15,19428,A16,B26,C37,PCS,897,5.64,D,C05,3.40242,5059.08,17213.11
43224,L15,19428,A16,B26,C37,PCS,672,5.64,D,C05,3.40242,3790.08,12895.44
43224,L15,19428,A16,B26,C37,PCS,650,5.64,D,C05,3.40242,3666,12473.27
43224,L15,19428,A16,B26,C37,PCS,562,5.64,D,C05,3.40242,3169.68,10784.58
43224,L15,19428,A16,B26,C37,PCS,89,5.64,D,C05,3.40242,501.96,1707.88
43224,L15,19428,A16,B26,C37,PCS,435,5.64,D,C05,3.40242,2453.4,8347.5
43224,L15,19428,A16,B26,C37,PCS,476,5.64,D,C05,3.40242,2684.64,9134.27
43240,L15,19430,A13,B27,C38,PCS,867,9.98,C,C01,6.825646,8652.66,59059.99
43240,L15,19430,A13,B27,C38,PCS,178,9.98,C,C01,6.825646,1776.44,12125.35
43240,L15,19430,A13,B27,C38,PCS,904,9.98,C,C01,6.825646,9021.92,61580.43
43240,L15,19430,A13,B27,C38,PCS,35,9.98,C,C01,6.825646,349.3,2384.2
43240,L15,19430,A13,B27,C38,PCS,20,9.98,C,C01,6.825646,199.6,1362.4
43240,L15,19430,A13,B27,C38,PCS,358,9.98,C,C01,6.825646,3572.84,24386.94
43240,L15,19430,A13,B27,C38,PCS,448,9.98,C,C01,6.825646,4471.04,30517.74
43240,L15,19430,A13,B27,C38,PCS,550,9.98,C,C01,6.825646,5489,37465.97
43240,L15,19430,A13,B27,C38,PCS,485,9.98,C,C01,6.825646,4840.3,33038.17
43240,L15,19430,A13,B27,C38,PCS,88,9.98,C,C01,6.825646,878.24,5994.56
43221,L15,19554,A12,B27,C39,PCS,840,4.36,C,C01,6.825646,3662.4,24998.25
43221,L15,19554,A12,B27,C39,PCS,221,4.36,C,C01,6.825646,963.56,6576.92
43221,L15,19554,A12,B27,C39,PCS,370,4.36,C,C01,6.825646,1613.2,11011.13
43221,L15,19554,A12,B27,C39,PCS,416,4.36,C,C01,6.825646,1813.76,12380.08
43221,L15,19554,A12,B27,C39,PCS,8,4.36,C,C01,6.825646,34.88,238.08
43221,L15,19554,A12,B27,C39,PCS,526,4.36,C,C01,6.825646,2293.36,15653.66
43221,L15,19554,A12,B27,C39,PCS,711,4.36,C,C01,6.825646,3099.96,21159.23
43221,L15,19554,A12,B27,C39,PCS,974,4.36,C,C01,6.825646,4246.64,28986.06
43221,L15,19554,A12,B27,C39,PCS,125,4.36,C,C01,6.825646,545,3719.98
43221,L15,19554,A12,B27,C39,PCS,132,4.36,C,C01,6.825646,575.52,3928.3
43222,L15,19567,A14,B30,C37,PCS,706,9.51,C,C06,3.547054,6714.06,23815.13
43222,L15,19567,A14,B30,C37,PCS,375,9.51,C,C06,3.547054,3566.25,12649.68
43222,L15,19567,A14,B30,C37,PCS,523,9.51,C,C06,3.547054,4973.73,17642.09
43222,L15,19567,A14,B30,C37,PCS,452,9.51,C,C06,3.547054,4298.52,15247.08
43222,L15,19567,A14,B30,C37,PCS,467,9.51,C,C06,3.547054,4441.17,15753.07
43222,L15,19567,A14,B30,C37,PCS,104,9.51,C,C06,3.547054,989.04,3508.18
43222,L15,19567,A14,B30,C37,PCS,344,9.51,C,C06,3.547054,3271.44,11603.97
43222,L15,19567,A14,B30,C37,PCS,730,9.51,C,C06,3.547054,6942.3,24624.71
43222,L15,19567,A14,B30,C37,PCS,904,9.51,C,C06,3.547054,8597.04,30494.17
43222,L15,19567,A14,B30,C37,PCS,269,9.51,C,C06,3.547054,2558.19,9074.04
43244,L15,19774,A14,B22,C40,PCS,328,1.54,D,C09,1.199464,505.12,605.87
43244,L15,19774,A14,B22,C40,PCS,454,1.54,D,C09,1.199464,699.16,838.62
43244,L15,19774,A14,B22,C40,PCS,127,1.54,D,C09,1.199464,195.58,234.59
43244,L15,19774,A14,B22,C40,PCS,191,1.54,D,C09,1.199464,294.14,352.81
43244,L15,19774,A14,B22,C40,PCS,950,1.54,D,C09,1.199464,1463,1754.82
43244,L15,19774,A14,B22,C40,PCS,136,1.54,D,C09,1.199464,209.44,251.22
43244,L15,19774,A14,B22,C40,PCS,378,1.54,D,C09,1.199464,582.12,698.23
43244,L15,19774,A14,B22,C40,PCS,663,1.54,D,C09,1.199464,1021.02,1224.68
43244,L15,19774,A14,B22,C40,PCS,962,1.54,D,C09,1.199464,1481.48,1776.98
43244,L15,19774,A14,B22,C40,PCS,583,1.54,D,C09,1.199464,897.82,1076.9
43237,L15,19947,A15,B28,C30,PCS,805,1.37,C,C06,3.547054,1102.85,3911.87
43237,L15,19947,A15,B28,C30,PCS,646,1.37,C,C06,3.547054,885.02,3139.21
43237,L15,19947,A15,B28,C30,PCS,624,1.37,C,C06,3.547054,854.88,3032.31
43237,L15,19947,A15,B28,C30,PCS,312,1.37,C,C06,3.547054,427.44,1516.15
43237,L15,19947,A15,B28,C30,PCS,390,1.37,C,C06,3.547054,534.3,1895.19
43237,L15,19947,A15,B28,C30,PCS,155,1.37,C,C06,3.547054,212.35,753.22
43237,L15,19947,A15,B28,C30,PCS,252,1.37,C,C06,3.547054,345.24,1224.58
43237,L15,19947,A15,B28,C30,PCS,154,1.37,C,C06,3.547054,210.98,748.36
43237,L15,19947,A15,B28,C30,PCS,184,1.37,C,C06,3.547054,252.08,894.14
43237,L15,19947,A15,B28,C30,PCS,940,1.37,C,C06,3.547054,1287.8,4567.9
43263,L15,10186,A14,B28,C34,PCS,404,9.42,C,C01,6.825646,3805.68,25976.22
43263,L15,10186,A14,B28,C34,PCS,902,9.42,C,C01,6.825646,8496.84,57996.42
43263,L15,10186,A14,B28,C34,PCS,69,9.42,C,C01,6.825646,649.98,4436.53
43263,L15,10186,A14,B28,C34,PCS,110,9.42,C,C01,6.825646,1036.2,7072.73
43263,L15,10186,A14,B28,C34,PCS,49,9.42,C,C01,6.825646,461.58,3150.58
43263,L15,10186,A14,B28,C34,PCS,384,9.42,C,C01,6.825646,3617.28,24690.27
43263,L15,10186,A14,B28,C34,PCS,659,9.42,C,C01,6.825646,6207.78,42372.11
43263,L15,10186,A14,B28,C34,PCS,754,9.42,C,C01,6.825646,7102.68,48480.38
43263,L15,10186,A14,B28,C34,PCS,82,9.42,C,C01,6.825646,772.44,5272.4
43263,L15,10186,A14,B28,C34,PCS,754,9.42,C,C01,6.825646,7102.68,48480.38
43268,L15,10204,A18,B27,C36,PCS,829,3.48,D,C09,1.199464,2884.92,3460.36
43268,L15,10204,A18,B27,C36,PCS,130,3.48,D,C09,1.199464,452.4,542.64
43268,L15,10204,A18,B27,C36,PCS,342,3.48,D,C09,1.199464,1190.16,1427.55
43268,L15,10204,A18,B27,C36,PCS,450,3.48,D,C09,1.199464,1566,1878.36
43268,L15,10204,A18,B27,C36,PCS,63,3.48,D,C09,1.199464,219.24,262.97
43268,L15,10204,A18,B27,C36,PCS,832,3.48,D,C09,1.199464,2895.36,3472.88
43268,L15,10204,A18,B27,C36,PCS,752,3.48,D,C09,1.199464,2616.96,3138.95
43268,L15,10204,A18,B27,C36,PCS,230,3.48,D,C09,1.199464,800.4,960.05
43268,L15,10204,A18,B27,C36,PCS,161,3.48,D,C09,1.199464,560.28,672.04
43268,L15,10204,A18,B27,C36,PCS,394,3.48,D,C09,1.199464,1371.12,1644.61
43261,L15,10206,A18,B27,C38,PCS,35,3.33,C,C08,1.496196,116.55,174.38
43261,L15,10206,A18,B27,C38,PCS,165,3.33,C,C08,1.496196,549.45,822.08
43261,L15,10206,A18,B27,C38,PCS,128,3.33,C,C08,1.496196,426.24,637.74
43261,L15,10206,A18,B27,C38,PCS,588,3.33,C,C08,1.496196,1958.04,2929.61
43261,L15,10206,A18,B27,C38,PCS,183,3.33,C,C08,1.496196,609.39,911.77
43261,L15,10206,A18,B27,C38,PCS,396,3.33,C,C08,1.496196,1318.68,1973
43261,L15,10206,A18,B27,C38,PCS,684,3.33,C,C08,1.496196,2277.72,3407.92
43261,L15,10206,A18,B27,C38,PCS,960,3.33,C,C08,1.496196,3196.8,4783.04
43261,L15,10206,A18,B27,C38,PCS,376,3.33,C,C08,1.496196,1252.08,1873.36
43261,L15,10206,A18,B27,C38,PCS,533,3.33,C,C08,1.496196,1774.89,2655.58
43268,L15,10242,A18,B27,C38,PCS,756,9.37,C,C03,7.133317,7083.72,50530.42
43268,L15,10242,A18,B27,C38,PCS,939,9.37,C,C03,7.133317,8798.43,62761.99
43268,L15,10242,A18,B27,C38,PCS,423,9.37,C,C03,7.133317,3963.51,28272.97
43268,L15,10242,A18,B27,C38,PCS,551,9.37,C,C03,7.133317,5162.87,36828.39
43268,L15,10242,A18,B27,C38,PCS,334,9.37,C,C03,7.133317,3129.58,22324.29
43268,L15,10242,A18,B27,C38,PCS,381,9.37,C,C03,7.133317,3569.97,25465.73
43268,L15,10242,A18,B27,C38,PCS,281,9.37,C,C03,7.133317,2632.97,18781.81
43268,L15,10242,A18,B27,C38,PCS,22,9.37,C,C03,7.133317,206.14,1470.46
43268,L15,10242,A18,B27,C38,PCS,685,9.37,C,C03,7.133317,6418.45,45784.84
43268,L15,10242,A18,B27,C38,PCS,523,9.37,C,C03,7.133317,4900.51,34956.89
43277,L15,10474,A16,B21,C35,PCS,334,4.45,C,C09,1.199464,1486.3,1782.76
43277,L15,10474,A16,B21,C35,PCS,579,4.45,C,C09,1.199464,2576.55,3090.48
43277,L15,10474,A16,B21,C35,PCS,641,4.45,C,C09,1.199464,2852.45,3421.41
43277,L15,10474,A16,B21,C35,PCS,292,4.45,C,C09,1.199464,1299.4,1558.58
43277,L15,10474,A16,B21,C35,PCS,8,4.45,C,C09,1.199464,35.6,42.7
43277,L15,10474,A16,B21,C35,PCS,255,4.45,C,C09,1.199464,1134.75,1361.09
43277,L15,10474,A16,B21,C35,PCS,427,4.45,C,C09,1.199464,1900.15,2279.16
43277,L15,10474,A16,B21,C35,PCS,438,4.45,C,C09,1.199464,1949.1,2337.88
43277,L15,10474,A16,B21,C35,PCS,211,4.45,C,C09,1.199464,938.95,1126.24
43277,L15,10474,A16,B21,C35,PCS,724,4.45,C,C09,1.199464,3221.8,3864.43
43263,L15,10625,A19,B27,C32,PCS,882,9.42,D,C01,6.825646,8308.44,56710.47
43263,L15,10625,A19,B27,C32,PCS,880,9.42,D,C01,6.825646,8289.6,56581.88
43263,L15,10625,A19,B27,C32,PCS,6,9.42,D,C01,6.825646,56.52,385.79
43263,L15,10625,A19,B27,C32,PCS,890,9.42,D,C01,6.825646,8383.8,57224.85
43263,L15,10625,A19,B27,C32,PCS,271,9.42,D,C01,6.825646,2552.82,17424.65
43263,L15,10625,A19,B27,C32,PCS,6,9.42,D,C01,6.825646,56.52,385.79
43263,L15,10625,A19,B27,C32,PCS,720,9.42,D,C01,6.825646,6782.4,46294.26
43263,L15,10625,A19,B27,C32,PCS,98,9.42,D,C01,6.825646,923.16,6301.16
43263,L15,10625,A19,B27,C32,PCS,545,9.42,D,C01,6.825646,5133.9,35042.18
43263,L15,10625,A19,B27,C32,PCS,205,9.42,D,C01,6.825646,1931.1,13181
43269,L15,10681,A16,B24,C37,PCS,257,7.43,C,C07,1.358577,1909.51,2594.22
43269,L15,10681,A16,B24,C37,PCS,68,7.43,C,C07,1.358577,505.24,686.41
43269,L15,10681,A16,B24,C37,PCS,839,7.43,C,C07,1.358577,6233.77,8469.06
43269,L15,10681,A16,B24,C37,PCS,321,7.43,C,C07,1.358577,2385.03,3240.25
43269,L15,10681,A16,B24,C37,PCS,520,7.43,C,C07,1.358577,3863.6,5249
43269,L15,10681,A16,B24,C37,PCS,921,7.43,C,C07,1.358577,6843.03,9296.78
43269,L15,10681,A16,B24,C37,PCS,967,7.43,C,C07,1.358577,7184.81,9761.12
43269,L15,10681,A16,B24,C37,PCS,978,7.43,C,C07,1.358577,7266.54,9872.15
43269,L15,10681,A16,B24,C37,PCS,90,7.43,C,C07,1.358577,668.7,908.48
43269,L15,10681,A16,B24,C37,PCS,351,7.43,C,C07,1.358577,2607.93,3543.07
43271,L15,10727,A16,B27,C39,PCS,24,4.09,D,C05,3.40242,98.16,333.98
43271,L15,10727,A16,B27,C39,PCS,983,4.09,D,C05,3.40242,4020.47,13679.33
43271,L15,10727,A16,B27,C39,PCS,982,4.09,D,C05,3.40242,4016.38,13665.41
43271,L15,10727,A16,B27,C39,PCS,968,4.09,D,C05,3.40242,3959.12,13470.59
43271,L15,10727,A16,B27,C39,PCS,927,4.09,D,C05,3.40242,3791.43,12900.04
43271,L15,10727,A16,B27,C39,PCS,728,4.09,D,C05,3.40242,2977.52,10130.77
43271,L15,10727,A16,B27,C39,PCS,917,4.09,D,C05,3.40242,3750.53,12760.88
43271,L15,10727,A16,B27,C39,PCS,152,4.09,D,C05,3.40242,621.68,2115.22
43271,L15,10727,A16,B27,C39,PCS,423,4.09,D,C05,3.40242,1730.07,5886.42
43271,L15,10727,A16,B27,C39,PCS,746,4.09,D,C05,3.40242,3051.14,10381.26
43277,L15,10739,A10,B23,C40,PCS,474,7.32,C,C04,5.388146,3469.68,18695.14
43277,L15,10739,A10,B23,C40,PCS,195,7.32,C,C04,5.388146,1427.4,7691.04
43277,L15,10739,A10,B23,C40,PCS,708,7.32,C,C04,5.388146,5182.56,27924.39
43277,L15,10739,A10,B23,C40,PCS,715,7.32,C,C04,5.388146,5233.8,28200.48
43277,L15,10739,A10,B23,C40,PCS,52,7.32,C,C04,5.388146,380.64,2050.94
43277,L15,10739,A10,B23,C40,PCS,890,7.32,C,C04,5.388146,6514.8,35102.69
43277,L15,10739,A10,B23,C40,PCS,806,7.32,C,C04,5.388146,5899.92,31789.63
43277,L15,10739,A10,B23,C40,PCS,604,7.32,C,C04,5.388146,4421.28,23822.5
43277,L15,10739,A10,B23,C40,PCS,729,7.32,C,C04,5.388146,5336.28,28752.66
43277,L15,10739,A10,B23,C40,PCS,89,7.32,C,C04,5.388146,651.48,3510.27
43258,L15,10797,A11,B28,C33,PCS,896,1.8,C,C02,9.912483,1612.8,15986.85
43258,L15,10797,A11,B28,C33,PCS,432,1.8,C,C02,9.912483,777.6,7707.95
43258,L15,10797,A11,B28,C33,PCS,508,1.8,C,C02,9.912483,914.4,9063.97
43258,L15,10797,A11,B28,C33,PCS,862,1.8,C,C02,9.912483,1551.6,15380.21
43258,L15,10797,A11,B28,C33,PCS,732,1.8,C,C02,9.912483,1317.6,13060.69
43258,L15,10797,A11,B28,C33,PCS,848,1.8,C,C02,9.912483,1526.4,15130.41
43258,L15,10797,A11,B28,C33,PCS,744,1.8,C,C02,9.912483,1339.2,13274.8
43258,L15,10797,A11,B28,C33,PCS,494,1.8,C,C02,9.912483,889.2,8814.18
43258,L15,10797,A11,B28,C33,PCS,877,1.8,C,C02,9.912483,1578.6,15647.85
43258,L15,10797,A11,B28,C33,PCS,809,1.8,C,C02,9.912483,1456.2,14434.56
43265,L15,10836,A10,B30,C31,PCS,968,1.76,D,C02,9.912483,1703.68,16887.7
43265,L15,10836,A10,B30,C31,PCS,165,1.76,D,C02,9.912483,290.4,2878.59
43265,L15,10836,A10,B30,C31,PCS,959,1.76,D,C02,9.912483,1687.84,16730.69
43265,L15,10836,A10,B30,C31,PCS,878,1.76,D,C02,9.912483,1545.28,15317.56
43265,L15,10836,A10,B30,C31,PCS,961,1.76,D,C02,9.912483,1691.36,16765.58
43265,L15,10836,A10,B30,C31,PCS,9,1.76,D,C02,9.912483,15.84,157.01
43265,L15,10836,A10,B30,C31,PCS,204,1.76,D,C02,9.912483,359.04,3558.98
43265,L15,10836,A10,B30,C31,PCS,306,1.76,D,C02,9.912483,538.56,5338.47
43265,L15,10836,A10,B30,C31,PCS,657,1.76,D,C02,9.912483,1156.32,11462
43265,L15,10836,A10,B30,C31,PCS,688,1.76,D,C02,9.912483,1210.88,12002.83
43269,L15,10862,A18,B23,C36,PCS,369,5.57,C,C05,3.40242,2055.33,6993.1
43269,L15,10862,A18,B23,C36,PCS,424,5.57,C,C05,3.40242,2361.68,8035.43
43269,L15,10862,A18,B23,C36,PCS,328,5.57,C,C05,3.40242,1826.96,6216.09
43269,L15,10862,A18,B23,C36,PCS,495,5.57,C,C05,3.40242,2757.15,9380.98
43269,L15,10862,A18,B23,C36,PCS,7,5.57,C,C05,3.40242,38.99,132.66
43269,L15,10862,A18,B23,C36,PCS,699,5.57,C,C05,3.40242,3893.43,13247.08
43269,L15,10862,A18,B23,C36,PCS,540,5.57,C,C05,3.40242,3007.8,10233.8
43269,L15,10862,A18,B23,C36,PCS,204,5.57,C,C05,3.40242,1136.28,3866.1
43269,L15,10862,A18,B23,C36,PCS,910,5.57,C,C05,3.40242,5068.7,17245.85
43269,L15,10862,A18,B23,C36,PCS,13,5.57,C,C05,3.40242,72.41,246.37
43255,L15,10893,A11,B28,C34,PCS,300,2.95,C,C09,1.199464,885,1061.53
43255,L15,10893,A11,B28,C34,PCS,488,2.95,C,C09,1.199464,1439.6,1726.75
43255,L15,10893,A11,B28,C34,PCS,283,2.95,C,C09,1.199464,834.85,1001.37
43255,L15,10893,A11,B28,C34,PCS,524,2.95,C,C09,1.199464,1545.8,1854.13
43255,L15,10893,A11,B28,C34,PCS,78,2.95,C,C09,1.199464,230.1,276
43255,L15,10893,A11,B28,C34,PCS,308,2.95,C,C09,1.199464,908.6,1089.83
43255,L15,10893,A11,B28,C34,PCS,363,2.95,C,C09,1.199464,1070.85,1284.45
43255,L15,10893,A11,B28,C34,PCS,754,2.95,C,C09,1.199464,2224.3,2667.97
43255,L15,10893,A11,B28,C34,PCS,465,2.95,C,C09,1.199464,1371.75,1645.36
43255,L15,10893,A11,B28,C34,PCS,523,2.95,C,C09,1.199464,1542.85,1850.59
43274,L15,11026,A11,B30,C30,PCS,6,7.84,D,C04,5.388146,47.04,253.46
43274,L15,11026,A11,B30,C30,PCS,62,7.84,D,C04,5.388146,486.08,2619.07
43274,L15,11026,A11,B30,C30,PCS,176,7.84,D,C04,5.388146,1379.84,7434.78
43274,L15,11026,A11,B30,C30,PCS,852,7.84,D,C04,5.388146,6679.68,35991.09
43274,L15,11026,A11,B30,C30,PCS,410,7.84,D,C04,5.388146,3214.4,17319.66
43274,L15,11026,A11,B30,C30,PCS,330,7.84,D,C04,5.388146,2587.2,13940.21
43274,L15,11026,A11,B30,C30,PCS,930,7.84,D,C04,5.388146,7291.2,39286.05
43274,L15,11026,A11,B30,C30,PCS,443,7.84,D,C04,5.388146,3473.12,18713.68
43274,L15,11026,A11,B30,C30,PCS,906,7.84,D,C04,5.388146,7103.04,38272.22
43274,L15,11026,A11,B30,C30,PCS,126,7.84,D,C04,5.388146,987.84,5322.63
43255,L15,11196,A15,B29,C34,PCS,440,2.95,D,C09,1.199464,1298,1556.9
43255,L15,11196,A15,B29,C34,PCS,264,2.95,D,C09,1.199464,778.8,934.14
43255,L15,11196,A15,B29,C34,PCS,33,2.95,D,C09,1.199464,97.35,116.77
43255,L15,11196,A15,B29,C34,PCS,696,2.95,D,C09,1.199464,2053.2,2462.74
43255,L15,11196,A15,B29,C34,PCS,466,2.95,D,C09,1.199464,1374.7,1648.9
43255,L15,11196,A15,B29,C34,PCS,89,2.95,D,C09,1.199464,262.55,314.92
43255,L15,11196,A15,B29,C34,PCS,283,2.95,D,C09,1.199464,834.85,1001.37
43255,L15,11196,A15,B29,C34,PCS,87,2.95,D,C09,1.199464,256.65,307.84
43255,L15,11196,A15,B29,C34,PCS,583,2.95,D,C09,1.199464,1719.85,2062.9
43255,L15,11196,A15,B29,C34,PCS,980,2.95,D,C09,1.199464,2891,3467.65
43269,L15,11220,A15,B29,C36,PCS,945,5.57,C,C05,3.40242,5263.65,17909.15
43269,L15,11220,A15,B29,C36,PCS,628,5.57,C,C05,3.40242,3497.96,11901.53
43269,L15,11220,A15,B29,C36,PCS,215,5.57,C,C05,3.40242,1197.55,4074.57
43269,L15,11220,A15,B29,C36,PCS,96,5.57,C,C05,3.40242,534.72,1819.34
43269,L15,11220,A15,B29,C36,PCS,745,5.57,C,C05,3.40242,4149.65,14118.85
43269,L15,11220,A15,B29,C36,PCS,775,5.57,C,C05,3.40242,4316.75,14687.4
43269,L15,11220,A15,B29,C36,PCS,268,5.57,C,C05,3.40242,1492.76,5079
43269,L15,11220,A15,B29,C36,PCS,389,5.57,C,C05,3.40242,2166.73,7372.13
43269,L15,11220,A15,B29,C36,PCS,899,5.57,C,C05,3.40242,5007.43,17037.38
43269,L15,11220,A15,B29,C36,PCS,198,5.57,C,C05,3.40242,1102.86,3752.39
43259,L15,11318,A11,B20,C37,PCS,510,8.82,D,C09,1.199464,4498.2,5395.43
43259,L15,11318,A11,B20,C37,PCS,298,8.82,D,C09,1.199464,2628.36,3152.62
43259,L15,11318,A11,B20,C37,PCS,732,8.82,D,C09,1.199464,6456.24,7744.03
43259,L15,11318,A11,B20,C37,PCS,410,8.82,D,C09,1.199464,3616.2,4337.5
43259,L15,11318,A11,B20,C37,PCS,563,8.82,D,C09,1.199464,4965.66,5956.13
43259,L15,11318,A11,B20,C37,PCS,194,8.82,D,C09,1.199464,1711.08,2052.38
43259,L15,11318,A11,B20,C37,PCS,874,8.82,D,C09,1.199464,7708.68,9246.28
43259,L15,11318,A11,B20,C37,PCS,722,8.82,D,C09,1.199464,6368.04,7638.23
43259,L15,11318,A11,B20,C37,PCS,875,8.82,D,C09,1.199464,7717.5,9256.86
43259,L15,11318,A11,B20,C37,PCS,211,8.82,D,C09,1.199464,1861.02,2232.23
43268,L15,11447,A12,B20,C33,PCS,324,3.93,C,C04,5.388146,1273.32,6860.83
43268,L15,11447,A12,B20,C33,PCS,683,3.93,C,C04,5.388146,2684.19,14462.81
43268,L15,11447,A12,B20,C33,PCS,114,3.93,C,C04,5.388146,448.02,2414
43268,L15,11447,A12,B20,C33,PCS,13,3.93,C,C04,5.388146,51.09,275.28
43268,L15,11447,A12,B20,C33,PCS,231,3.93,C,C04,5.388146,907.83,4891.52
43268,L15,11447,A12,B20,C33,PCS,675,3.93,C,C04,5.388146,2652.75,14293.4
43268,L15,11447,A12,B20,C33,PCS,266,3.93,C,C04,5.388146,1045.38,5632.66
43268,L15,11447,A12,B20,C33,PCS,319,3.93,C,C04,5.388146,1253.67,6754.96
43268,L15,11447,A12,B20,C33,PCS,70,3.93,C,C04,5.388146,275.1,1482.28
43268,L15,11447,A12,B20,C33,PCS,143,3.93,C,C04,5.388146,561.99,3028.08
43256,L15,11580,A12,B23,C36,PCS,621,7.01,D,C02,9.912483,4353.21,43151.12
43256,L15,11580,A12,B23,C36,PCS,784,7.01,D,C02,9.912483,5495.84,54477.42
43256,L15,11580,A12,B23,C36,PCS,122,7.01,D,C02,9.912483,855.22,8477.35
43256,L15,11580,A12,B23,C36,PCS,833,7.01,D,C02,9.912483,5839.33,57882.26
43256,L15,11580,A12,B23,C36,PCS,24,7.01,D,C02,9.912483,168.24,1667.68
43256,L15,11580,A12,B23,C36,PCS,64,7.01,D,C02,9.912483,448.64,4447.14
43256,L15,11580,A12,B23,C36,PCS,756,7.01,D,C02,9.912483,5299.56,52531.8
43256,L15,11580,A12,B23,C36,PCS,943,7.01,D,C02,9.912483,6610.43,65525.77
43256,L15,11580,A12,B23,C36,PCS,840,7.01,D,C02,9.912483,5888.4,58368.66
43256,L15,11580,A12,B23,C36,PCS,304,7.01,D,C02,9.912483,2131.04,21123.9
43257,L15,11615,A12,B26,C39,PCS,376,5.52,C,C04,5.388146,2075.52,11183.2
43257,L15,11615,A12,B26,C39,PCS,263,5.52,C,C04,5.388146,1451.76,7822.29
43257,L15,11615,A12,B26,C39,PCS,383,5.52,C,C04,5.388146,2114.16,11391.4
43257,L15,11615,A12,B26,C39,PCS,637,5.52,C,C04,5.388146,3516.24,18946.01
43257,L15,11615,A12,B26,C39,PCS,177,5.52,C,C04,5.388146,977.04,5264.43
43257,L15,11615,A12,B26,C39,PCS,874,5.52,C,C04,5.388146,4824.48,25995
43257,L15,11615,A12,B26,C39,PCS,274,5.52,C,C04,5.388146,1512.48,8149.46
43257,L15,11615,A12,B26,C39,PCS,814,5.52,C,C04,5.388146,4493.28,24210.45
43257,L15,11615,A12,B26,C39,PCS,533,5.52,C,C04,5.388146,2942.16,15852.79
43257,L15,11615,A12,B26,C39,PCS,326,5.52,C,C04,5.388146,1799.52,9696.08
43269,L15,11644,A16,B25,C32,PCS,213,5.57,C,C05,3.40242,1186.41,4036.67
43269,L15,11644,A16,B25,C32,PCS,765,5.57,C,C05,3.40242,4261.05,14497.88
43269,L15,11644,A16,B25,C32,PCS,980,5.57,C,C05,3.40242,5458.6,18572.45
43269,L15,11644,A16,B25,C32,PCS,51,5.57,C,C05,3.40242,284.07,966.53
43269,L15,11644,A16,B25,C32,PCS,300,5.57,C,C05,3.40242,1671,5685.44
43269,L15,11644,A16,B25,C32,PCS,537,5.57,C,C05,3.40242,2991.09,10176.94
43269,L15,11644,A16,B25,C32,PCS,903,5.57,C,C05,3.40242,5029.71,17113.19
43269,L15,11644,A16,B25,C32,PCS,547,5.57,C,C05,3.40242,3046.79,10366.46
43269,L15,11644,A16,B25,C32,PCS,419,5.57,C,C05,3.40242,2333.83,7940.67
43269,L15,11644,A16,B25,C32,PCS,871,5.57,C,C05,3.40242,4851.47,16506.74
43259,L15,11648,A13,B25,C38,PCS,335,5.76,C,C01,6.825646,1929.6,13170.77
43259,L15,11648,A13,B25,C38,PCS,351,5.76,C,C01,6.825646,2021.76,13799.82
43259,L15,11648,A13,B25,C38,PCS,707,5.76,C,C01,6.825646,4072.32,27796.21
43259,L15,11648,A13,B25,C38,PCS,497,5.76,C,C01,6.825646,2862.72,19539.91
43259,L15,11648,A13,B25,C38,PCS,282,5.76,C,C01,6.825646,1624.32,11087.03
43259,L15,11648,A13,B25,C38,PCS,897,5.76,C,C01,6.825646,5166.72,35266.2
43259,L15,11648,A13,B25,C38,PCS,142,5.76,C,C01,6.825646,817.92,5582.83
43259,L15,11648,A13,B25,C38,PCS,192,5.76,C,C01,6.825646,1105.92,7548.62
43259,L15,11648,A13,B25,C38,PCS,579,5.76,C,C01,6.825646,3335.04,22763.8
43259,L15,11648,A13,B25,C38,PCS,625,5.76,C,C01,6.825646,3600,24572.33
43268,L15,11758,A13,B24,C38,PCS,39,3.93,C,C04,5.388146,153.27,825.84
43268,L15,11758,A13,B24,C38,PCS,857,3.93,C,C04,5.388146,3368.01,18147.33
43268,L15,11758,A13,B24,C38,PCS,210,3.93,C,C04,5.388146,825.3,4446.84
43268,L15,11758,A13,B24,C38,PCS,346,3.93,C,C04,5.388146,1359.78,7326.69
43268,L15,11758,A13,B24,C38,PCS,165,3.93,C,C04,5.388146,648.45,3493.94
43268,L15,11758,A13,B24,C38,PCS,176,3.93,C,C04,5.388146,691.68,3726.87
43268,L15,11758,A13,B24,C38,PCS,806,3.93,C,C04,5.388146,3167.58,17067.38
43268,L15,11758,A13,B24,C38,PCS,821,3.93,C,C04,5.388146,3226.53,17385.01
43268,L15,11758,A13,B24,C38,PCS,165,3.93,C,C04,5.388146,648.45,3493.94
43268,L15,11758,A13,B24,C38,PCS,603,3.93,C,C04,5.388146,2369.79,12768.77
43271,L15,11889,A16,B30,C30,PCS,668,8.77,C,C02,9.912483,5858.36,58070.89
43271,L15,11889,A16,B30,C30,PCS,656,8.77,C,C02,9.912483,5753.12,57027.7
43271,L15,11889,A16,B30,C30,PCS,957,8.77,C,C02,9.912483,8392.89,83194.38
43271,L15,11889,A16,B30,C30,PCS,104,8.77,C,C02,9.912483,912.08,9040.98
43271,L15,11889,A16,B30,C30,PCS,922,8.77,C,C02,9.912483,8085.94,80151.74
43271,L15,11889,A16,B30,C30,PCS,597,8.77,C,C02,9.912483,5235.69,51898.69
43271,L15,11889,A16,B30,C30,PCS,105,8.77,C,C02,9.912483,920.85,9127.91
43271,L15,11889,A16,B30,C30,PCS,10,8.77,C,C02,9.912483,87.7,869.32
43271,L15,11889,A16,B30,C30,PCS,724,8.77,C,C02,9.912483,6349.48,62939.11
43271,L15,11889,A16,B30,C30,PCS,965,8.77,C,C02,9.912483,8463.05,83889.84
43260,L15,11911,A11,B20,C38,PCS,925,9.43,C,C05,3.40242,8722.75,29678.46
43260,L15,11911,A11,B20,C38,PCS,894,9.43,C,C05,3.40242,8430.42,28683.83
43260,L15,11911,A11,B20,C38,PCS,222,9.43,C,C05,3.40242,2093.46,7122.83
43260,L15,11911,A11,B20,C38,PCS,749,9.43,C,C05,3.40242,7063.07,24031.53
43260,L15,11911,A11,B20,C38,PCS,842,9.43,C,C05,3.40242,7940.06,27015.42
43260,L15,11911,A11,B20,C38,PCS,607,9.43,C,C05,3.40242,5724.01,19475.49
43260,L15,11911,A11,B20,C38,PCS,545,9.43,C,C05,3.40242,5139.35,17486.23
43260,L15,11911,A11,B20,C38,PCS,142,9.43,C,C05,3.40242,1339.06,4556.04
43260,L15,11911,A11,B20,C38,PCS,33,9.43,C,C05,3.40242,311.19,1058.8
43260,L15,11911,A11,B20,C38,PCS,401,9.43,C,C05,3.40242,3781.43,12866.01
43266,L15,12007,A15,B25,C30,PCS,779,9.33,C,C08,1.496196,7268.07,10874.46
43266,L15,12007,A15,B25,C30,PCS,220,9.33,C,C08,1.496196,2052.6,3071.09
43266,L15,12007,A15,B25,C30,PCS,279,9.33,C,C08,1.496196,2603.07,3894.7
43266,L15,12007,A15,B25,C30,PCS,282,9.33,C,C08,1.496196,2631.06,3936.58
43266,L15,12007,A15,B25,C30,PCS,557,9.33,C,C08,1.496196,5196.81,7775.45
43266,L15,12007,A15,B25,C30,PCS,149,9.33,C,C08,1.496196,1390.17,2079.97
43266,L15,12007,A15,B25,C30,PCS,163,9.33,C,C08,1.496196,1520.79,2275.4
43266,L15,12007,A15,B25,C30,PCS,73,9.33,C,C08,1.496196,681.09,1019.04
43266,L15,12007,A15,B25,C30,PCS,348,9.33,C,C08,1.496196,3246.84,4857.91
43266,L15,12007,A15,B25,C30,PCS,317,9.33,C,C08,1.496196,2957.61,4425.16
43276,L15,12061,A17,B26,C36,PCS,152,2.45,D,C01,6.825646,372.4,2541.87
43276,L15,12061,A17,B26,C36,PCS,839,2.45,D,C01,6.825646,2055.55,14030.46
43276,L15,12061,A17,B26,C36,PCS,330,2.45,D,C01,6.825646,808.5,5518.53
43276,L15,12061,A17,B26,C36,PCS,489,2.45,D,C01,6.825646,1198.05,8177.47
43276,L15,12061,A17,B26,C36,PCS,554,2.45,D,C01,6.825646,1357.3,9264.45
43276,L15,12061,A17,B26,C36,PCS,876,2.45,D,C01,6.825646,2146.2,14649.2
43276,L15,12061,A17,B26,C36,PCS,315,2.45,D,C01,6.825646,771.75,5267.69
43276,L15,12061,A17,B26,C36,PCS,295,2.45,D,C01,6.825646,722.75,4933.24
43276,L15,12061,A17,B26,C36,PCS,376,2.45,D,C01,6.825646,921.2,6287.79
43276,L15,12061,A17,B26,C36,PCS,424,2.45,D,C01,6.825646,1038.8,7090.48
43270,L15,12123,A12,B26,C39,PCS,395,4.52,C,C05,3.40242,1785.4,6074.68
43270,L15,12123,A12,B26,C39,PCS,343,4.52,C,C05,3.40242,1550.36,5274.98
43270,L15,12123,A12,B26,C39,PCS,679,4.52,C,C05,3.40242,3069.08,10442.3
43270,L15,12123,A12,B26,C39,PCS,928,4.52,C,C05,3.40242,4194.56,14271.65
43270,L15,12123,A12,B26,C39,PCS,104,4.52,C,C05,3.40242,470.08,1599.41
43270,L15,12123,A12,B26,C39,PCS,217,4.52,C,C05,3.40242,980.84,3337.23
43270,L15,12123,A12,B26,C39,PCS,403,4.52,C,C05,3.40242,1821.56,6197.71
43270,L15,12123,A12,B26,C39,PCS,803,4.52,C,C05,3.40242,3629.56,12349.29
43270,L15,12123,A12,B26,C39,PCS,222,4.52,C,C05,3.40242,1003.44,3414.12
43270,L15,12123,A12,B26,C39,PCS,366,4.52,C,C05,3.40242,1654.32,5628.69
43271,L15,12172,A14,B27,C37,PCS,169,8.77,C,C02,9.912483,1482.13,14691.59
43271,L15,12172,A14,B27,C37,PCS,457,8.77,C,C02,9.912483,4007.89,39728.14
43271,L15,12172,A14,B27,C37,PCS,62,8.77,C,C02,9.912483,543.74,5389.81
43271,L15,12172,A14,B27,C37,PCS,904,8.77,C,C02,9.912483,7928.08,78586.96
43271,L15,12172,A14,B27,C37,PCS,518,8.77,C,C02,9.912483,4542.86,45031.02
43271,L15,12172,A14,B27,C37,PCS,816,8.77,C,C02,9.912483,7156.32,70936.9
43271,L15,12172,A14,B27,C37,PCS,860,8.77,C,C02,9.912483,7542.2,74761.93
43271,L15,12172,A14,B27,C37,PCS,789,8.77,C,C02,9.912483,6919.53,68589.72
43271,L15,12172,A14,B27,C37,PCS,707,8.77,C,C02,9.912483,6200.39,61461.26
43271,L15,12172,A14,B27,C37,PCS,665,8.77,C,C02,9.912483,5832.05,57810.1
43258,L15,12258,A10,B27,C35,PCS,3,3.42,D,C01,6.825646,10.26,70.03
43258,L15,12258,A10,B27,C35,PCS,903,3.42,D,C01,6.825646,3088.26,21079.37
43258,L15,12258,A10,B27,C35,PCS,925,3.42,D,C01,6.825646,3163.5,21592.93
43258,L15,12258,A10,B27,C35,PCS,390,3.42,D,C01,6.825646,1333.8,9104.05
43258,L15,12258,A10,B27,C35,PCS,295,3.42,D,C01,6.825646,1008.9,6886.39
43258,L15,12258,A10,B27,C35,PCS,273,3.42,D,C01,6.825646,933.66,6372.83
43258,L15,12258,A10,B27,C35,PCS,382,3.42,D,C01,6.825646,1306.44,8917.3
43258,L15,12258,A10,B27,C35,PCS,85,3.42,D,C01,6.825646,290.7,1984.22
43258,L15,12258,A10,B27,C35,PCS,899,3.42,D,C01,6.825646,3074.58,20985.99
43258,L15,12258,A10,B27,C35,PCS,120,3.42,D,C01,6.825646,410.4,2801.25
43258,L15,12273,A20,B20,C34,PCS,767,1.74,D,C03,7.133317,1334.58,9519.98
43258,L15,12273,A20,B20,C34,PCS,254,1.74,D,C03,7.133317,441.96,3152.64
43258,L15,12273,A20,B20,C34,PCS,545,1.74,D,C03,7.133317,948.3,6764.52
43258,L15,12273,A20,B20,C34,PCS,187,1.74,D,C03,7.133317,325.38,2321.04
43258,L15,12273,A20,B20,C34,PCS,308,1.74,D,C03,7.133317,535.92,3822.89
43258,L15,12273,A20,B20,C34,PCS,769,1.74,D,C03,7.133317,1338.06,9544.81
43258,L15,12273,A20,B20,C34,PCS,942,1.74,D,C03,7.133317,1639.08,11692.08
43258,L15,12273,A20,B20,C34,PCS,515,1.74,D,C03,7.133317,896.1,6392.17
43258,L15,12273,A20,B20,C34,PCS,749,1.74,D,C03,7.133317,1303.26,9296.57
43258,L15,12273,A20,B20,C34,PCS,406,1.74,D,C03,7.133317,706.44,5039.26
43270,L15,12563,A13,B26,C32,PCS,202,9.7,D,C07,1.358577,1959.4,2662
43270,L15,12563,A13,B26,C32,PCS,177,9.7,D,C07,1.358577,1716.9,2332.54
43270,L15,12563,A13,B26,C32,PCS,116,9.7,D,C07,1.358577,1125.2,1528.67
43270,L15,12563,A13,B26,C32,PCS,598,9.7,D,C07,1.358577,5800.6,7880.56
43270,L15,12563,A13,B26,C32,PCS,819,9.7,D,C07,1.358577,7944.3,10792.94
43270,L15,12563,A13,B26,C32,PCS,417,9.7,D,C07,1.358577,4044.9,5495.31
43270,L15,12563,A13,B26,C32,PCS,608,9.7,D,C07,1.358577,5897.6,8012.34
43270,L15,12563,A13,B26,C32,PCS,529,9.7,D,C07,1.358577,5131.3,6971.27
43270,L15,12563,A13,B26,C32,PCS,493,9.7,D,C07,1.358577,4782.1,6496.85
43270,L15,12563,A13,B26,C32,PCS,894,9.7,D,C07,1.358577,8671.8,11781.31
43259,L15,12566,A16,B20,C33,PCS,344,5.79,D,C10,8.657656,1991.76,17243.97
43259,L15,12566,A16,B20,C33,PCS,274,5.79,D,C10,8.657656,1586.46,13735.02
43259,L15,12566,A16,B20,C33,PCS,744,5.79,D,C10,8.657656,4307.76,37295.1
43259,L15,12566,A16,B20,C33,PCS,596,5.79,D,C10,8.657656,3450.84,29876.19
43259,L15,12566,A16,B20,C33,PCS,313,5.79,D,C10,8.657656,1812.27,15690.01
43259,L15,12566,A16,B20,C33,PCS,668,5.79,D,C10,8.657656,3867.72,33485.39
43259,L15,12566,A16,B20,C33,PCS,424,5.79,D,C10,8.657656,2454.96,21254.2
43259,L15,12566,A16,B20,C33,PCS,869,5.79,D,C10,8.657656,5031.51,43561.08
43259,L15,12566,A16,B20,C33,PCS,15,5.79,D,C10,8.657656,86.85,751.92
43259,L15,12566,A16,B20,C33,PCS,961,5.79,D,C10,8.657656,5564.19,48172.84
43273,L15,12575,A13,B27,C38,PCS,945,6.9,C,C04,5.388146,6520.5,35133.41
43273,L15,12575,A13,B27,C38,PCS,802,6.9,C,C04,5.388146,5533.8,29816.92
43273,L15,12575,A13,B27,C38,PCS,404,6.9,C,C04,5.388146,2787.6,15020
43273,L15,12575,A13,B27,C38,PCS,890,6.9,C,C04,5.388146,6141,33088.6
43273,L15,12575,A13,B27,C38,PCS,700,6.9,C,C04,5.388146,4830,26024.75
43273,L15,12575,A13,B27,C38,PCS,287,6.9,C,C04,5.388146,1980.3,10670.15
43273,L15,12575,A13,B27,C38,PCS,731,6.9,C,C04,5.388146,5043.9,27177.27
43273,L15,12575,A13,B27,C38,PCS,985,6.9,C,C04,5.388146,6796.5,36620.53
43273,L15,12575,A13,B27,C38,PCS,138,6.9,C,C04,5.388146,952.2,5130.59
43273,L15,12575,A13,B27,C38,PCS,52,6.9,C,C04,5.388146,358.8,1933.27
43263,L15,12817,A19,B28,C39,PCS,346,3.81,D,C10,8.657656,1318.26,11413.04
43263,L15,12817,A19,B28,C39,PCS,254,3.81,D,C10,8.657656,967.74,8378.36
43263,L15,12817,A19,B28,C39,PCS,913,3.81,D,C10,8.657656,3478.53,30115.92
43263,L15,12817,A19,B28,C39,PCS,704,3.81,D,C10,8.657656,2682.24,23221.91
43263,L15,12817,A19,B28,C39,PCS,619,3.81,D,C10,8.657656,2358.39,20418.13
43263,L15,12817,A19,B28,C39,PCS,837,3.81,D,C10,8.657656,3188.97,27609.01
43263,L15,12817,A19,B28,C39,PCS,66,3.81,D,C10,8.657656,251.46,2177.05
43263,L15,12817,A19,B28,C39,PCS,862,3.81,D,C10,8.657656,3284.22,28433.65
43263,L15,12817,A19,B28,C39,PCS,383,3.81,D,C10,8.657656,1459.23,12633.51
43263,L15,12817,A19,B28,C39,PCS,663,3.81,D,C10,8.657656,2526.03,21869.5
43259,L15,12871,A14,B28,C39,PCS,985,5.76,C,C01,6.825646,5673.6,38725.99
43259,L15,12871,A14,B28,C39,PCS,987,5.76,C,C01,6.825646,5685.12,38804.62
43259,L15,12871,A14,B28,C39,PCS,677,5.76,C,C01,6.825646,3899.52,26616.74
43259,L15,12871,A14,B28,C39,PCS,589,5.76,C,C01,6.825646,3392.64,23156.96
43259,L15,12871,A14,B28,C39,PCS,101,5.76,C,C01,6.825646,581.76,3970.89
43259,L15,12871,A14,B28,C39,PCS,115,5.76,C,C01,6.825646,662.4,4521.31
43259,L15,12871,A14,B28,C39,PCS,590,5.76,C,C01,6.825646,3398.4,23196.28
43259,L15,12871,A14,B28,C39,PCS,668,5.76,C,C01,6.825646,3847.68,26262.9
43259,L15,12871,A14,B28,C39,PCS,691,5.76,C,C01,6.825646,3980.16,27167.16
43259,L15,12871,A14,B28,C39,PCS,653,5.76,C,C01,6.825646,3761.28,25673.17
43276,L15,13044,A16,B27,C30,PCS,980,2.45,D,C01,6.825646,2401,16388.38
43276,L15,13044,A16,B27,C30,PCS,657,2.45,D,C01,6.825646,1609.65,10986.9
43276,L15,13044,A16,B27,C30,PCS,558,2.45,D,C01,6.825646,1367.1,9331.34
43276,L15,13044,A16,B27,C30,PCS,491,2.45,D,C01,6.825646,1202.95,8210.91
43276,L15,13044,A16,B27,C30,PCS,725,2.45,D,C01,6.825646,1776.25,12124.05
43276,L15,13044,A16,B27,C30,PCS,19,2.45,D,C01,6.825646,46.55,317.73
43276,L15,13044,A16,B27,C30,PCS,46,2.45,D,C01,6.825646,112.7,769.25
43276,L15,13044,A16,B27,C30,PCS,868,2.45,D,C01,6.825646,2126.6,14515.42
43276,L15,13044,A16,B27,C30,PCS,310,2.45,D,C01,6.825646,759.5,5184.08
43276,L15,13044,A16,B27,C30,PCS,896,2.45,D,C01,6.825646,2195.2,14983.66
43280,L15,13046,A12,B27,C33,PCS,767,7.13,C,C01,6.825646,5468.71,37327.48
43280,L15,13046,A12,B27,C33,PCS,4,7.13,C,C01,6.825646,28.52,194.67
43280,L15,13046,A12,B27,C33,PCS,753,7.13,C,C01,6.825646,5368.89,36646.14
43280,L15,13046,A12,B27,C33,PCS,81,7.13,C,C01,6.825646,577.53,3942.02
43280,L15,13046,A12,B27,C33,PCS,816,7.13,C,C01,6.825646,5818.08,39712.15
43280,L15,13046,A12,B27,C33,PCS,28,7.13,C,C01,6.825646,199.64,1362.67
43280,L15,13046,A12,B27,C33,PCS,591,7.13,C,C01,6.825646,4213.83,28762.11
43280,L15,13046,A12,B27,C33,PCS,24,7.13,C,C01,6.825646,171.12,1168
43280,L15,13046,A12,B27,C33,PCS,822,7.13,C,C01,6.825646,5860.86,40004.16
43280,L15,13046,A12,B27,C33,PCS,375,7.13,C,C01,6.825646,2673.75,18250.07
43255,L15,13276,A18,B27,C40,PCS,906,5.14,D,C07,1.358577,4656.84,6326.68
43255,L15,13276,A18,B27,C40,PCS,339,5.14,D,C07,1.358577,1742.46,2367.27
43255,L15,13276,A18,B27,C40,PCS,732,5.14,D,C07,1.358577,3762.48,5111.62
43255,L15,13276,A18,B27,C40,PCS,967,5.14,D,C07,1.358577,4970.38,6752.64
43255,L15,13276,A18,B27,C40,PCS,366,5.14,D,C07,1.358577,1881.24,2555.81
43255,L15,13276,A18,B27,C40,PCS,771,5.14,D,C07,1.358577,3962.94,5383.96
43255,L15,13276,A18,B27,C40,PCS,626,5.14,D,C07,1.358577,3217.64,4371.41
43255,L15,13276,A18,B27,C40,PCS,808,5.14,D,C07,1.358577,4153.12,5642.33
43255,L15,13276,A18,B27,C40,PCS,522,5.14,D,C07,1.358577,2683.08,3645.17
43255,L15,13276,A18,B27,C40,PCS,207,5.14,D,C07,1.358577,1063.98,1445.5
43268,L15,13405,A11,B26,C40,PCS,718,3.93,C,C04,5.388146,2821.74,15203.95
43268,L15,13405,A11,B26,C40,PCS,158,3.93,C,C04,5.388146,620.94,3345.72
43268,L15,13405,A11,B26,C40,PCS,122,3.93,C,C04,5.388146,479.46,2583.4
43268,L15,13405,A11,B26,C40,PCS,174,3.93,C,C04,5.388146,683.82,3684.52
43268,L15,13405,A11,B26,C40,PCS,303,3.93,C,C04,5.388146,1190.79,6416.15
43268,L15,13405,A11,B26,C40,PCS,993,3.93,C,C04,5.388146,3902.49,21027.19
43268,L15,13405,A11,B26,C40,PCS,738,3.93,C,C04,5.388146,2900.34,15627.46
43268,L15,13405,A11,B26,C40,PCS,129,3.93,C,C04,5.388146,506.97,2731.63
43268,L15,13405,A11,B26,C40,PCS,737,3.93,C,C04,5.388146,2896.41,15606.28
43268,L15,13405,A11,B26,C40,PCS,747,3.93,C,C04,5.388146,2935.71,15818.03
43276,L15,13757,A16,B28,C34,PCS,177,9.88,C,C09,1.199464,1748.76,2097.57
43276,L15,13757,A16,B28,C34,PCS,408,9.88,C,C09,1.199464,4031.04,4835.09
43276,L15,13757,A16,B28,C34,PCS,188,9.88,C,C09,1.199464,1857.44,2227.93
43276,L15,13757,A16,B28,C34,PCS,76,9.88,C,C09,1.199464,750.88,900.65
43276,L15,13757,A16,B28,C34,PCS,39,9.88,C,C09,1.199464,385.32,462.18
43276,L15,13757,A16,B28,C34,PCS,658,9.88,C,C09,1.199464,6501.04,7797.76
43276,L15,13757,A16,B28,C34,PCS,249,9.88,C,C09,1.199464,2460.12,2950.83
43276,L15,13757,A16,B28,C34,PCS,353,9.88,C,C09,1.199464,3487.64,4183.3
43276,L15,13757,A16,B28,C34,PCS,624,9.88,C,C09,1.199464,6165.12,7394.84
43276,L15,13757,A16,B28,C34,PCS,181,9.88,C,C09,1.199464,1788.28,2144.98
43280,L15,13808,A13,B30,C37,PCS,310,8.12,D,C04,5.388146,2517.2,13563.04
43280,L15,13808,A13,B30,C37,PCS,164,8.12,D,C04,5.388146,1331.68,7175.29
43280,L15,13808,A13,B30,C37,PCS,5,8.12,D,C04,5.388146,40.6,218.76
43280,L15,13808,A13,B30,C37,PCS,671,8.12,D,C04,5.388146,5448.52,29357.42
43280,L15,13808,A13,B30,C37,PCS,322,8.12,D,C04,5.388146,2614.64,14088.06
43280,L15,13808,A13,B30,C37,PCS,440,8.12,D,C04,5.388146,3572.8,19250.77
43280,L15,13808,A13,B30,C37,PCS,470,8.12,D,C04,5.388146,3816.4,20563.32
43280,L15,13808,A13,B30,C37,PCS,950,8.12,D,C04,5.388146,7714,41564.16
43280,L15,13808,A13,B30,C37,PCS,963,8.12,D,C04,5.388146,7819.56,42132.93
43280,L15,13808,A13,B30,C37,PCS,247,8.12,D,C04,5.388146,2005.64,10806.68
43258,L15,13845,A12,B22,C35,PCS,797,2.86,D,C05,3.40242,2279.42,7755.54
43258,L15,13845,A12,B22,C35,PCS,902,2.86,D,C05,3.40242,2579.72,8777.29
43258,L15,13845,A12,B22,C35,PCS,876,2.86,D,C05,3.40242,2505.36,8524.29
43258,L15,13845,A12,B22,C35,PCS,463,2.86,D,C05,3.40242,1324.18,4505.42
43258,L15,13845,A12,B22,C35,PCS,74,2.86,D,C05,3.40242,211.64,720.09
43258,L15,13845,A12,B22,C35,PCS,734,2.86,D,C05,3.40242,2099.24,7142.5
43258,L15,13845,A12,B22,C35,PCS,930,2.86,D,C05,3.40242,2659.8,9049.76
43258,L15,13845,A12,B22,C35,PCS,36,2.86,D,C05,3.40242,102.96,350.31
43258,L15,13845,A12,B22,C35,PCS,934,2.86,D,C05,3.40242,2671.24,9088.68
43258,L15,13845,A12,B22,C35,PCS,266,2.86,D,C05,3.40242,760.76,2588.43
43265,L15,13873,A16,B25,C37,PCS,771,1.76,C,C02,9.912483,1356.96,13450.84
43265,L15,13873,A16,B25,C37,PCS,885,1.76,C,C02,9.912483,1557.6,15439.68
43265,L15,13873,A16,B25,C37,PCS,147,1.76,C,C02,9.912483,258.72,2564.56
43265,L15,13873,A16,B25,C37,PCS,676,1.76,C,C02,9.912483,1189.76,11793.48
43265,L15,13873,A16,B25,C37,PCS,359,1.76,C,C02,9.912483,631.84,6263.1
43265,L15,13873,A16,B25,C37,PCS,51,1.76,C,C02,9.912483,89.76,889.74
43265,L15,13873,A16,B25,C37,PCS,603,1.76,C,C02,9.912483,1061.28,10519.92
43265,L15,13873,A16,B25,C37,PCS,129,1.76,C,C02,9.912483,227.04,2250.53
43265,L15,13873,A16,B25,C37,PCS,776,1.76,C,C02,9.912483,1365.76,13538.07
43265,L15,13873,A16,B25,C37,PCS,849,1.76,C,C02,9.912483,1494.24,14811.63
43257,L15,13876,A13,B25,C40,PCS,328,1.11,D,C04,5.388146,364.08,1961.72
43257,L15,13876,A13,B25,C40,PCS,461,1.11,D,C04,5.388146,511.71,2757.17
43257,L15,13876,A13,B25,C40,PCS,51,1.11,D,C04,5.388146,56.61,305.02
43257,L15,13876,A13,B25,C40,PCS,790,1.11,D,C04,5.388146,876.9,4724.87
43257,L15,13876,A13,B25,C40,PCS,206,1.11,D,C04,5.388146,228.66,1232.05
43257,L15,13876,A13,B25,C40,PCS,14,1.11,D,C04,5.388146,15.54,83.73
43257,L15,13876,A13,B25,C40,PCS,654,1.11,D,C04,5.388146,725.94,3911.47
43257,L15,13876,A13,B25,C40,PCS,604,1.11,D,C04,5.388146,670.44,3612.43
43257,L15,13876,A13,B25,C40,PCS,742,1.11,D,C04,5.388146,823.62,4437.78
43257,L15,13876,A13,B25,C40,PCS,832,1.11,D,C04,5.388146,923.52,4976.06
43255,L15,14177,A12,B26,C31,PCS,151,5.95,C,C01,6.825646,898.45,6132.5
43255,L15,14177,A12,B26,C31,PCS,371,5.95,C,C01,6.825646,2207.45,15067.27
43255,L15,14177,A12,B26,C31,PCS,760,5.95,C,C01,6.825646,4522,30865.57
43255,L15,14177,A12,B26,C31,PCS,720,5.95,C,C01,6.825646,4284,29241.07
43255,L15,14177,A12,B26,C31,PCS,639,5.95,C,C01,6.825646,3802.05,25951.45
43255,L15,14177,A12,B26,C31,PCS,814,5.95,C,C01,6.825646,4843.3,33058.65
43255,L15,14177,A12,B26,C31,PCS,425,5.95,C,C01,6.825646,2528.75,17260.35
43255,L15,14177,A12,B26,C31,PCS,15,5.95,C,C01,6.825646,89.25,609.19
43255,L15,14177,A12,B26,C31,PCS,848,5.95,C,C01,6.825646,5045.6,34439.48
43255,L15,14177,A12,B26,C31,PCS,941,5.95,C,C01,6.825646,5598.95,38216.45
43271,L15,14360,A13,B23,C34,PCS,888,8.77,C,C02,9.912483,7787.76,77196.04
43271,L15,14360,A13,B23,C34,PCS,442,8.77,C,C02,9.912483,3876.34,38424.15
43271,L15,14360,A13,B23,C34,PCS,608,8.77,C,C02,9.912483,5332.16,52854.95
43271,L15,14360,A13,B23,C34,PCS,729,8.77,C,C02,9.912483,6393.33,63373.77
43271,L15,14360,A13,B23,C34,PCS,830,8.77,C,C02,9.912483,7279.1,72153.96
43271,L15,14360,A13,B23,C34,PCS,283,8.77,C,C02,9.912483,2481.91,24601.89
43271,L15,14360,A13,B23,C34,PCS,887,8.77,C,C02,9.912483,7778.99,77109.11
43271,L15,14360,A13,B23,C34,PCS,571,8.77,C,C02,9.912483,5007.67,49638.44
43271,L15,14360,A13,B23,C34,PCS,788,8.77,C,C02,9.912483,6910.76,68502.79
43271,L15,14360,A13,B23,C34,PCS,351,8.77,C,C02,9.912483,3078.27,30513.3
43263,L15,14507,A17,B25,C36,PCS,857,3.81,D,C10,8.657656,3265.17,28268.72
43263,L15,14507,A17,B25,C36,PCS,593,3.81,D,C10,8.657656,2259.33,19560.5
43263,L15,14507,A17,B25,C36,PCS,117,3.81,D,C10,8.657656,445.77,3859.32
43263,L15,14507,A17,B25,C36,PCS,944,3.81,D,C10,8.657656,3596.64,31138.47
43263,L15,14507,A17,B25,C36,PCS,515,3.81,D,C10,8.657656,1962.15,16987.62
43263,L15,14507,A17,B25,C36,PCS,649,3.81,D,C10,8.657656,2472.69,21407.7
43263,L15,14507,A17,B25,C36,PCS,488,3.81,D,C10,8.657656,1859.28,16097.01
43263,L15,14507,A17,B25,C36,PCS,967,3.81,D,C10,8.657656,3684.27,31897.14
43263,L15,14507,A17,B25,C36,PCS,559,3.81,D,C10,8.657656,2129.79,18438.99
43263,L15,14507,A17,B25,C36,PCS,367,3.81,D,C10,8.657656,1398.27,12105.74
43258,L15,14510,A19,B24,C38,PCS,204,1.8,C,C02,9.912483,367.2,3639.86
43258,L15,14510,A19,B24,C38,PCS,924,1.8,C,C02,9.912483,1663.2,16486.44
43258,L15,14510,A19,B24,C38,PCS,706,1.8,C,C02,9.912483,1270.8,12596.78
43258,L15,14510,A19,B24,C38,PCS,138,1.8,C,C02,9.912483,248.4,2462.26
43258,L15,14510,A19,B24,C38,PCS,73,1.8,C,C02,9.912483,131.4,1302.5
43258,L15,14510,A19,B24,C38,PCS,13,1.8,C,C02,9.912483,23.4,231.95
43258,L15,14510,A19,B24,C38,PCS,993,1.8,C,C02,9.912483,1787.4,17717.57
43258,L15,14510,A19,B24,C38,PCS,125,1.8,C,C02,9.912483,225,2230.31
43258,L15,14510,A19,B24,C38,PCS,637,1.8,C,C02,9.912483,1146.6,11365.65
43258,L15,14510,A19,B24,C38,PCS,351,1.8,C,C02,9.912483,631.8,6262.71
43275,L15,14514,A10,B24,C39,PCS,380,5.91,D,C01,6.825646,2245.8,15329.04
43275,L15,14514,A10,B24,C39,PCS,570,5.91,D,C01,6.825646,3368.7,22993.55
43275,L15,14514,A10,B24,C39,PCS,540,5.91,D,C01,6.825646,3191.4,21783.37
43275,L15,14514,A10,B24,C39,PCS,971,5.91,D,C01,6.825646,5738.61,39169.72
43275,L15,14514,A10,B24,C39,PCS,539,5.91,D,C01,6.825646,3185.49,21743.03
43275,L15,14514,A10,B24,C39,PCS,636,5.91,D,C01,6.825646,3758.76,25655.97
43275,L15,14514,A10,B24,C39,PCS,675,5.91,D,C01,6.825646,3989.25,27229.21
43275,L15,14514,A10,B24,C39,PCS,326,5.91,D,C01,6.825646,1926.66,13150.7
43275,L15,14514,A10,B24,C39,PCS,413,5.91,D,C01,6.825646,2440.83,16660.24
43275,L15,14514,A10,B24,C39,PCS,118,5.91,D,C01,6.825646,697.38,4760.07
43257,L15,14567,A18,B23,C30,PCS,991,1.11,D,C04,5.388146,1100.01,5927.01
43257,L15,14567,A18,B23,C30,PCS,890,1.11,D,C04,5.388146,987.9,5322.95
43257,L15,14567,A18,B23,C30,PCS,334,1.11,D,C04,5.388146,370.74,1997.6
43257,L15,14567,A18,B23,C30,PCS,412,1.11,D,C04,5.388146,457.32,2464.11
43257,L15,14567,A18,B23,C30,PCS,523,1.11,D,C04,5.388146,580.53,3127.98
43257,L15,14567,A18,B23,C30,PCS,276,1.11,D,C04,5.388146,306.36,1650.71
43257,L15,14567,A18,B23,C30,PCS,164,1.11,D,C04,5.388146,182.04,980.86
43257,L15,14567,A18,B23,C30,PCS,200,1.11,D,C04,5.388146,222,1196.17
43257,L15,14567,A18,B23,C30,PCS,848,1.11,D,C04,5.388146,941.28,5071.75
43257,L15,14567,A18,B23,C30,PCS,747,1.11,D,C04,5.388146,829.17,4467.69
43281,L15,14855,A14,B23,C40,PCS,728,9.12,D,C02,9.912483,6639.36,65812.54
43281,L15,14855,A14,B23,C40,PCS,766,9.12,D,C02,9.912483,6985.92,69247.81
43281,L15,14855,A14,B23,C40,PCS,700,9.12,D,C02,9.912483,6384,63281.29
43281,L15,14855,A14,B23,C40,PCS,907,9.12,D,C02,9.912483,8271.84,81994.47
43281,L15,14855,A14,B23,C40,PCS,676,9.12,D,C02,9.912483,6165.12,61111.65
43281,L15,14855,A14,B23,C40,PCS,138,9.12,D,C02,9.912483,1258.56,12475.45
43281,L15,14855,A14,B23,C40,PCS,273,9.12,D,C02,9.912483,2489.76,24679.7
43281,L15,14855,A14,B23,C40,PCS,39,9.12,D,C02,9.912483,355.68,3525.67
43281,L15,14855,A14,B23,C40,PCS,753,9.12,D,C02,9.912483,6867.36,68072.59
43281,L15,14855,A14,B23,C40,PCS,760,9.12,D,C02,9.912483,6931.2,68705.4
43270,L15,14886,A12,B25,C37,PCS,652,9.43,C,C10,8.657656,6148.36,53230.39
43270,L15,14886,A12,B25,C37,PCS,950,9.43,C,C10,8.657656,8958.5,77559.61
43270,L15,14886,A12,B25,C37,PCS,288,9.43,C,C10,8.657656,2715.84,23512.81
43270,L15,14886,A12,B25,C37,PCS,678,9.43,C,C10,8.657656,6393.54,55353.07
43270,L15,14886,A12,B25,C37,PCS,579,9.43,C,C10,8.657656,5459.97,47270.54
43270,L15,14886,A12,B25,C37,PCS,938,9.43,C,C10,8.657656,8845.34,76579.91
43270,L15,14886,A12,B25,C37,PCS,677,9.43,C,C10,8.657656,6384.11,55271.43
43270,L15,14886,A12,B25,C37,PCS,419,9.43,C,C10,8.657656,3951.17,34207.87
43270,L15,14886,A12,B25,C37,PCS,503,9.43,C,C10,8.657656,4743.29,41065.77
43270,L15,14886,A12,B25,C37,PCS,948,9.43,C,C10,8.657656,8939.64,77396.33
43259,L15,15265,A19,B29,C34,PCS,620,8.82,D,C09,1.199464,5468.4,6559.15
43259,L15,15265,A19,B29,C34,PCS,523,8.82,D,C09,1.199464,4612.86,5532.96
43259,L15,15265,A19,B29,C34,PCS,806,8.82,D,C09,1.199464,7108.92,8526.89
43259,L15,15265,A19,B29,C34,PCS,550,8.82,D,C09,1.199464,4851,5818.6
43259,L15,15265,A19,B29,C34,PCS,596,8.82,D,C09,1.199464,5256.72,6305.25
43259,L15,15265,A19,B29,C34,PCS,764,8.82,D,C09,1.199464,6738.48,8082.56
43259,L15,15265,A19,B29,C34,PCS,331,8.82,D,C09,1.199464,2919.42,3501.74
43259,L15,15265,A19,B29,C34,PCS,171,8.82,D,C09,1.199464,1508.22,1809.06
43259,L15,15265,A19,B29,C34,PCS,707,8.82,D,C09,1.199464,6235.74,7479.55
43259,L15,15265,A19,B29,C34,PCS,245,8.82,D,C09,1.199464,2160.9,2591.92
43261,L15,15445,A18,B20,C30,PCS,517,9.6,D,C03,7.133317,4963.2,35404.08
43261,L15,15445,A18,B20,C30,PCS,447,9.6,D,C03,7.133317,4291.2,30610.49
43261,L15,15445,A18,B20,C30,PCS,622,9.6,D,C03,7.133317,5971.2,42594.46
43261,L15,15445,A18,B20,C30,PCS,216,9.6,D,C03,7.133317,2073.6,14791.65
43261,L15,15445,A18,B20,C30,PCS,73,9.6,D,C03,7.133317,700.8,4999.03
43261,L15,15445,A18,B20,C30,PCS,113,9.6,D,C03,7.133317,1084.8,7738.22
43261,L15,15445,A18,B20,C30,PCS,544,9.6,D,C03,7.133317,5222.4,37253.03
43261,L15,15445,A18,B20,C30,PCS,292,9.6,D,C03,7.133317,2803.2,19996.11
43261,L15,15445,A18,B20,C30,PCS,131,9.6,D,C03,7.133317,1257.6,8970.86
43261,L15,15445,A18,B20,C30,PCS,719,9.6,D,C03,7.133317,6902.4,49237.01
43255,L15,15451,A12,B28,C38,PCS,20,5.95,C,C01,6.825646,119,812.25
43255,L15,15451,A12,B28,C38,PCS,857,5.95,C,C01,6.825646,5099.15,34804.99
43255,L15,15451,A12,B28,C38,PCS,91,5.95,C,C01,6.825646,541.45,3695.75
43255,L15,15451,A12,B28,C38,PCS,718,5.95,C,C01,6.825646,4272.1,29159.84
43255,L15,15451,A12,B28,C38,PCS,830,5.95,C,C01,6.825646,4938.5,33708.45
43255,L15,15451,A12,B28,C38,PCS,676,5.95,C,C01,6.825646,4022.2,27454.11
43255,L15,15451,A12,B28,C38,PCS,119,5.95,C,C01,6.825646,708.05,4832.9
43255,L15,15451,A12,B28,C38,PCS,178,5.95,C,C01,6.825646,1059.1,7229.04
43255,L15,15451,A12,B28,C38,PCS,771,5.95,C,C01,6.825646,4587.45,31312.31
43255,L15,15451,A12,B28,C38,PCS,603,5.95,C,C01,6.825646,3587.85,24489.39
43264,L15,15687,A17,B25,C38,PCS,366,1.48,C,C02,9.912483,541.68,5369.39
43264,L15,15687,A17,B25,C38,PCS,773,1.48,C,C02,9.912483,1144.04,11340.28
43264,L15,15687,A17,B25,C38,PCS,355,1.48,C,C02,9.912483,525.4,5208.02
43264,L15,15687,A17,B25,C38,PCS,313,1.48,C,C02,9.912483,463.24,4591.86
43264,L15,15687,A17,B25,C38,PCS,380,1.48,C,C02,9.912483,562.4,5574.78
43264,L15,15687,A17,B25,C38,PCS,703,1.48,C,C02,9.912483,1040.44,10313.34
43264,L15,15687,A17,B25,C38,PCS,116,1.48,C,C02,9.912483,171.68,1701.78
43264,L15,15687,A17,B25,C38,PCS,160,1.48,C,C02,9.912483,236.8,2347.28
43264,L15,15687,A17,B25,C38,PCS,318,1.48,C,C02,9.912483,470.64,4665.21
43264,L15,15687,A17,B25,C38,PCS,468,1.48,C,C02,9.912483,692.64,6865.78
43264,L15,15706,A11,B23,C40,PCS,756,3.54,C,C07,1.358577,2676.24,3635.88
43264,L15,15706,A11,B23,C40,PCS,644,3.54,C,C07,1.358577,2279.76,3097.23
43264,L15,15706,A11,B23,C40,PCS,331,3.54,C,C07,1.358577,1171.74,1591.9
43264,L15,15706,A11,B23,C40,PCS,939,3.54,C,C07,1.358577,3324.06,4515.99
43264,L15,15706,A11,B23,C40,PCS,345,3.54,C,C07,1.358577,1221.3,1659.23
43264,L15,15706,A11,B23,C40,PCS,433,3.54,C,C07,1.358577,1532.82,2082.45
43264,L15,15706,A11,B23,C40,PCS,777,3.54,C,C07,1.358577,2750.58,3736.87
43264,L15,15706,A11,B23,C40,PCS,721,3.54,C,C07,1.358577,2552.34,3467.55
43264,L15,15706,A11,B23,C40,PCS,443,3.54,C,C07,1.358577,1568.22,2130.55
43264,L15,15706,A11,B23,C40,PCS,535,3.54,C,C07,1.358577,1893.9,2573.01
43271,L15,15744,A15,B23,C40,PCS,965,5.87,C,C10,8.657656,5664.55,49041.73
43271,L15,15744,A15,B23,C40,PCS,51,5.87,C,C10,8.657656,299.37,2591.84
43271,L15,15744,A15,B23,C40,PCS,944,5.87,C,C10,8.657656,5541.28,47974.5
43271,L15,15744,A15,B23,C40,PCS,791,5.87,C,C10,8.657656,4643.17,40198.97
43271,L15,15744,A15,B23,C40,PCS,725,5.87,C,C10,8.657656,4255.75,36844.82
43271,L15,15744,A15,B23,C40,PCS,369,5.87,C,C10,8.657656,2166.03,18752.74
43271,L15,15744,A15,B23,C40,PCS,62,5.87,C,C10,8.657656,363.94,3150.87
43271,L15,15744,A15,B23,C40,PCS,264,5.87,C,C10,8.657656,1549.68,13416.6
43271,L15,15744,A15,B23,C40,PCS,826,5.87,C,C10,8.657656,4848.62,41977.68
43271,L15,15744,A15,B23,C40,PCS,717,5.87,C,C10,8.657656,4208.79,36438.26
43277,L15,15748,A12,B23,C36,PCS,96,4.45,C,C09,1.199464,427.2,512.41
43277,L15,15748,A12,B23,C36,PCS,8,4.45,C,C09,1.199464,35.6,42.7
43277,L15,15748,A12,B23,C36,PCS,495,4.45,C,C09,1.199464,2202.75,2642.12
43277,L15,15748,A12,B23,C36,PCS,633,4.45,C,C09,1.199464,2816.85,3378.71
43277,L15,15748,A12,B23,C36,PCS,245,4.45,C,C09,1.199464,1090.25,1307.72
43277,L15,15748,A12,B23,C36,PCS,620,4.45,C,C09,1.199464,2759,3309.32
43277,L15,15748,A12,B23,C36,PCS,363,4.45,C,C09,1.199464,1615.35,1937.55
43277,L15,15748,A12,B23,C36,PCS,617,4.45,C,C09,1.199464,2745.65,3293.31
43277,L15,15748,A12,B23,C36,PCS,55,4.45,C,C09,1.199464,244.75,293.57
43277,L15,15748,A12,B23,C36,PCS,276,4.45,C,C09,1.199464,1228.2,1473.18
43271,L15,15771,A17,B24,C33,PCS,702,5.87,C,C10,8.657656,4120.74,35675.95
43271,L15,15771,A17,B24,C33,PCS,609,5.87,C,C10,8.657656,3574.83,30949.65
43271,L15,15771,A17,B24,C33,PCS,997,5.87,C,C10,8.657656,5852.39,50667.98
43271,L15,15771,A17,B24,C33,PCS,366,5.87,C,C10,8.657656,2148.42,18600.28
43271,L15,15771,A17,B24,C33,PCS,376,5.87,C,C10,8.657656,2207.12,19108.49
43271,L15,15771,A17,B24,C33,PCS,819,5.87,C,C10,8.657656,4807.53,41621.94
43271,L15,15771,A17,B24,C33,PCS,477,5.87,C,C10,8.657656,2799.99,24241.35
43271,L15,15771,A17,B24,C33,PCS,383,5.87,C,C10,8.657656,2248.21,19464.23
43271,L15,15771,A17,B24,C33,PCS,350,5.87,C,C10,8.657656,2054.5,17787.15
43271,L15,15771,A17,B24,C33,PCS,395,5.87,C,C10,8.657656,2318.65,20074.07
43279,L15,15779,A10,B26,C39,PCS,10,3.78,C,C05,3.40242,37.8,128.61
43279,L15,15779,A10,B26,C39,PCS,75,3.78,C,C05,3.40242,283.5,964.59
43279,L15,15779,A10,B26,C39,PCS,711,3.78,C,C05,3.40242,2687.58,9144.28
43279,L15,15779,A10,B26,C39,PCS,421,3.78,C,C05,3.40242,1591.38,5414.54
43279,L15,15779,A10,B26,C39,PCS,940,3.78,C,C05,3.40242,3553.2,12089.48
43279,L15,15779,A10,B26,C39,PCS,920,3.78,C,C05,3.40242,3477.6,11832.26
43279,L15,15779,A10,B26,C39,PCS,810,3.78,C,C05,3.40242,3061.8,10417.53
43279,L15,15779,A10,B26,C39,PCS,268,3.78,C,C05,3.40242,1013.04,3446.79
43279,L15,15779,A10,B26,C39,PCS,717,3.78,C,C05,3.40242,2710.26,9221.44
43279,L15,15779,A10,B26,C39,PCS,683,3.78,C,C05,3.40242,2581.74,8784.16
43275,L15,15838,A20,B29,C36,PCS,489,5.91,D,C01,6.825646,2889.99,19726.05
43275,L15,15838,A20,B29,C36,PCS,733,5.91,D,C01,6.825646,4332.03,29568.9
43275,L15,15838,A20,B29,C36,PCS,418,5.91,D,C01,6.825646,2470.38,16861.94
43275,L15,15838,A20,B29,C36,PCS,449,5.91,D,C01,6.825646,2653.59,18112.47
43275,L15,15838,A20,B29,C36,PCS,732,5.91,D,C01,6.825646,4326.12,29528.56
43275,L15,15838,A20,B29,C36,PCS,222,5.91,D,C01,6.825646,1312.02,8955.38
43275,L15,15838,A20,B29,C36,PCS,692,5.91,D,C01,6.825646,4089.72,27914.98
43275,L15,15838,A20,B29,C36,PCS,434,5.91,D,C01,6.825646,2564.94,17507.37
43275,L15,15838,A20,B29,C36,PCS,61,5.91,D,C01,6.825646,360.51,2460.71
43275,L15,15838,A20,B29,C36,PCS,568,5.91,D,C01,6.825646,3356.88,22912.87
43270,L15,15863,A16,B26,C40,PCS,3,8.93,C,C06,3.547054,26.79,95.03
43270,L15,15863,A16,B26,C40,PCS,959,8.93,C,C06,3.547054,8563.87,30376.51
43270,L15,15863,A16,B26,C40,PCS,567,8.93,C,C06,3.547054,5063.31,17959.83
43270,L15,15863,A16,B26,C40,PCS,450,8.93,C,C06,3.547054,4018.5,14253.84
43270,L15,15863,A16,B26,C40,PCS,912,8.93,C,C06,3.547054,8144.16,28887.78
43270,L15,15863,A16,B26,C40,PCS,262,8.93,C,C06,3.547054,2339.66,8298.9
43270,L15,15863,A16,B26,C40,PCS,127,8.93,C,C06,3.547054,1134.11,4022.75
43270,L15,15863,A16,B26,C40,PCS,113,8.93,C,C06,3.547054,1009.09,3579.3
43270,L15,15863,A16,B26,C40,PCS,485,8.93,C,C06,3.547054,4331.05,15362.47
43270,L15,15863,A16,B26,C40,PCS,308,8.93,C,C06,3.547054,2750.44,9755.96
43276,L15,16243,A11,B20,C37,PCS,369,7.74,D,C10,8.657656,2856.06,24726.78
43276,L15,16243,A11,B20,C37,PCS,298,7.74,D,C10,8.657656,2306.52,19969.06
43276,L15,16243,A11,B20,C37,PCS,501,7.74,D,C10,8.657656,3877.74,33572.14
43276,L15,16243,A11,B20,C37,PCS,47,7.74,D,C10,8.657656,363.78,3149.48
43276,L15,16243,A11,B20,C37,PCS,132,7.74,D,C10,8.657656,1021.68,8845.35
43276,L15,16243,A11,B20,C37,PCS,836,7.74,D,C10,8.657656,6470.64,56020.58
43276,L15,16243,A11,B20,C37,PCS,263,7.74,D,C10,8.657656,2035.62,17623.7
43276,L15,16243,A11,B20,C37,PCS,528,7.74,D,C10,8.657656,4086.72,35381.42
43276,L15,16243,A11,B20,C37,PCS,121,7.74,D,C10,8.657656,936.54,8108.24
43276,L15,16243,A11,B20,C37,PCS,976,7.74,D,C10,8.657656,7554.24,65402.01
43264,L15,16280,A11,B28,C35,PCS,241,7.93,C,C06,3.547054,1911.13,6778.88
43264,L15,16280,A11,B28,C35,PCS,848,7.93,C,C06,3.547054,6724.64,23852.66
43264,L15,16280,A11,B28,C35,PCS,704,7.93,C,C06,3.547054,5582.72,19802.21
43264,L15,16280,A11,B28,C35,PCS,19,7.93,C,C06,3.547054,150.67,534.43
43264,L15,16280,A11,B28,C35,PCS,617,7.93,C,C06,3.547054,4892.81,17355.06
43264,L15,16280,A11,B28,C35,PCS,535,7.93,C,C06,3.547054,4242.55,15048.55
43264,L15,16280,A11,B28,C35,PCS,135,7.93,C,C06,3.547054,1070.55,3797.3
43264,L15,16280,A11,B28,C35,PCS,656,7.93,C,C06,3.547054,5202.08,18452.06
43264,L15,16280,A11,B28,C35,PCS,820,7.93,C,C06,3.547054,6502.6,23065.07
43264,L15,16280,A11,B28,C35,PCS,869,7.93,C,C06,3.547054,6891.17,24443.35
43261,L15,16457,A17,B30,C36,PCS,285,9.6,C,C03,7.133317,2736,19516.76
43261,L15,16457,A17,B30,C36,PCS,272,9.6,C,C03,7.133317,2611.2,18626.52
43261,L15,16457,A17,B30,C36,PCS,248,9.6,C,C03,7.133317,2380.8,16983
43261,L15,16457,A17,B30,C36,PCS,532,9.6,C,C03,7.133317,5107.2,36431.28
43261,L15,16457,A17,B30,C36,PCS,779,9.6,C,C03,7.133317,7478.4,53345.8
43261,L15,16457,A17,B30,C36,PCS,867,9.6,C,C03,7.133317,8323.2,59372.02
43261,L15,16457,A17,B30,C36,PCS,173,9.6,C,C03,7.133317,1660.8,11847.01
43261,L15,16457,A17,B30,C36,PCS,294,9.6,C,C03,7.133317,2822.4,20133.07
43261,L15,16457,A17,B30,C36,PCS,933,9.6,C,C03,7.133317,8956.8,63891.69
43261,L15,16457,A17,B30,C36,PCS,737,9.6,C,C03,7.133317,7075.2,50469.64
43277,L15,16460,A20,B24,C34,PCS,309,7.32,D,C04,5.388146,2261.88,12187.34
43277,L15,16460,A20,B24,C34,PCS,305,7.32,D,C04,5.388146,2232.6,12029.57
43277,L15,16460,A20,B24,C34,PCS,512,7.32,D,C04,5.388146,3747.84,20193.91
43277,L15,16460,A20,B24,C34,PCS,102,7.32,D,C04,5.388146,746.64,4023.01
43277,L15,16460,A20,B24,C34,PCS,85,7.32,D,C04,5.388146,622.2,3352.5
43277,L15,16460,A20,B24,C34,PCS,331,7.32,D,C04,5.388146,2422.92,13055.05
43277,L15,16460,A20,B24,C34,PCS,916,7.32,D,C04,5.388146,6705.12,36128.17
43277,L15,16460,A20,B24,C34,PCS,473,7.32,D,C04,5.388146,3462.36,18655.7
43277,L15,16460,A20,B24,C34,PCS,654,7.32,D,C04,5.388146,4787.28,25794.56
43277,L15,16460,A20,B24,C34,PCS,36,7.32,D,C04,5.388146,263.52,1419.88
43272,L15,16533,A18,B30,C40,PCS,462,4.58,C,C09,1.199464,2115.96,2538.02
43272,L15,16533,A18,B30,C40,PCS,76,4.58,C,C09,1.199464,348.08,417.51
43272,L15,16533,A18,B30,C40,PCS,118,4.58,C,C09,1.199464,540.44,648.24
43272,L15,16533,A18,B30,C40,PCS,71,4.58,C,C09,1.199464,325.18,390.04
43272,L15,16533,A18,B30,C40,PCS,173,4.58,C,C09,1.199464,792.34,950.38
43272,L15,16533,A18,B30,C40,PCS,777,4.58,C,C09,1.199464,3558.66,4268.48
43272,L15,16533,A18,B30,C40,PCS,100,4.58,C,C09,1.199464,458,549.35
43272,L15,16533,A18,B30,C40,PCS,212,4.58,C,C09,1.199464,970.96,1164.63
43272,L15,16533,A18,B30,C40,PCS,963,4.58,C,C09,1.199464,4410.54,5290.28
43272,L15,16533,A18,B30,C40,PCS,755,4.58,C,C09,1.199464,3457.9,4147.63
43258,L15,16606,A12,B23,C37,PCS,97,1.8,C,C02,9.912483,174.6,1730.72
43258,L15,16606,A12,B23,C37,PCS,638,1.8,C,C02,9.912483,1148.4,11383.5
43258,L15,16606,A12,B23,C37,PCS,344,1.8,C,C02,9.912483,619.2,6137.81
43258,L15,16606,A12,B23,C37,PCS,950,1.8,C,C02,9.912483,1710,16950.35
43258,L15,16606,A12,B23,C37,PCS,469,1.8,C,C02,9.912483,844.2,8368.12
43258,L15,16606,A12,B23,C37,PCS,672,1.8,C,C02,9.912483,1209.6,11990.14
43258,L15,16606,A12,B23,C37,PCS,133,1.8,C,C02,9.912483,239.4,2373.05
43258,L15,16606,A12,B23,C37,PCS,109,1.8,C,C02,9.912483,196.2,1944.83
43258,L15,16606,A12,B23,C37,PCS,102,1.8,C,C02,9.912483,183.6,1819.93
43258,L15,16606,A12,B23,C37,PCS,865,1.8,C,C02,9.912483,1557,15433.74
43281,L15,16756,A16,B25,C36,PCS,110,8.64,C,C04,5.388146,950.4,5120.89
43281,L15,16756,A16,B25,C36,PCS,244,8.64,C,C04,5.388146,2108.16,11359.07
43281,L15,16756,A16,B25,C36,PCS,258,8.64,C,C04,5.388146,2229.12,12010.82
43281,L15,16756,A16,B25,C36,PCS,931,8.64,C,C04,5.388146,8043.84,43341.38
43281,L15,16756,A16,B25,C36,PCS,213,8.64,C,C04,5.388146,1840.32,9915.91
43281,L15,16756,A16,B25,C36,PCS,216,8.64,C,C04,5.388146,1866.24,10055.57
43281,L15,16756,A16,B25,C36,PCS,944,8.64,C,C04,5.388146,8156.16,43946.58
43281,L15,16756,A16,B25,C36,PCS,188,8.64,C,C04,5.388146,1624.32,8752.07
43281,L15,16756,A16,B25,C36,PCS,606,8.64,C,C04,5.388146,5235.84,28211.47
43281,L15,16756,A16,B25,C36,PCS,223,8.64,C,C04,5.388146,1926.72,10381.45
43256,L15,16828,A13,B24,C36,PCS,788,7.01,C,C02,9.912483,5523.88,54755.37
43256,L15,16828,A13,B24,C36,PCS,548,7.01,C,C02,9.912483,3841.48,38078.61
43256,L15,16828,A13,B24,C36,PCS,55,7.01,C,C02,9.912483,385.55,3821.76
43256,L15,16828,A13,B24,C36,PCS,114,7.01,C,C02,9.912483,799.14,7921.46
43256,L15,16828,A13,B24,C36,PCS,608,7.01,C,C02,9.912483,4262.08,42247.8
43256,L15,16828,A13,B24,C36,PCS,105,7.01,C,C02,9.912483,736.05,7296.08
43256,L15,16828,A13,B24,C36,PCS,994,7.01,C,C02,9.912483,6967.94,69069.59
43256,L15,16828,A13,B24,C36,PCS,186,7.01,C,C02,9.912483,1303.86,12924.49
43256,L15,16828,A13,B24,C36,PCS,464,7.01,C,C02,9.912483,3252.64,32241.74
43256,L15,16828,A13,B24,C36,PCS,485,7.01,C,C02,9.912483,3399.85,33700.96
43256,L15,16915,A16,B23,C38,PCS,323,1.08,C,C05,3.40242,348.84,1186.9
43256,L15,16915,A16,B23,C38,PCS,568,1.08,C,C05,3.40242,613.44,2087.18
43256,L15,16915,A16,B23,C38,PCS,920,1.08,C,C05,3.40242,993.6,3380.64
43256,L15,16915,A16,B23,C38,PCS,215,1.08,C,C05,3.40242,232.2,790.04
43256,L15,16915,A16,B23,C38,PCS,333,1.08,C,C05,3.40242,359.64,1223.65
43256,L15,16915,A16,B23,C38,PCS,136,1.08,C,C05,3.40242,146.88,499.75
43256,L15,16915,A16,B23,C38,PCS,710,1.08,C,C05,3.40242,766.8,2608.98
43256,L15,16915,A16,B23,C38,PCS,535,1.08,C,C05,3.40242,577.8,1965.92
43256,L15,16915,A16,B23,C38,PCS,201,1.08,C,C05,3.40242,217.08,738.6
43256,L15,16915,A16,B23,C38,PCS,324,1.08,C,C05,3.40242,349.92,1190.57
43274,L15,16920,A12,B28,C35,PCS,706,5.27,D,C03,7.133317,3720.62,26540.36
43274,L15,16920,A12,B28,C35,PCS,782,5.27,D,C03,7.133317,4121.14,29397.4
43274,L15,16920,A12,B28,C35,PCS,146,5.27,D,C03,7.133317,769.42,5488.52
43274,L15,16920,A12,B28,C35,PCS,198,5.27,D,C03,7.133317,1043.46,7443.33
43274,L15,16920,A12,B28,C35,PCS,544,5.27,D,C03,7.133317,2866.88,20450.36
43274,L15,16920,A12,B28,C35,PCS,653,5.27,D,C03,7.133317,3441.31,24547.96
43274,L15,16920,A12,B28,C35,PCS,867,5.27,D,C03,7.133317,4569.09,32592.77
43274,L15,16920,A12,B28,C35,PCS,543,5.27,D,C03,7.133317,2861.61,20412.77
43274,L15,16920,A12,B28,C35,PCS,333,5.27,D,C03,7.133317,1754.91,12518.33
43274,L15,16920,A12,B28,C35,PCS,675,5.27,D,C03,7.133317,3557.25,25374.99
43275,L15,16932,A12,B28,C31,PCS,652,1.99,C,C04,5.388146,1297.48,6991.01
43275,L15,16932,A12,B28,C31,PCS,913,1.99,C,C04,5.388146,1816.87,9789.56
43275,L15,16932,A12,B28,C31,PCS,638,1.99,C,C04,5.388146,1269.62,6840.9
43275,L15,16932,A12,B28,C31,PCS,931,1.99,C,C04,5.388146,1852.69,9982.56
43275,L15,16932,A12,B28,C31,PCS,701,1.99,C,C04,5.388146,1394.99,7516.41
43275,L15,16932,A12,B28,C31,PCS,696,1.99,C,C04,5.388146,1385.04,7462.8
43275,L15,16932,A12,B28,C31,PCS,820,1.99,C,C04,5.388146,1631.8,8792.38
43275,L15,16932,A12,B28,C31,PCS,483,1.99,C,C04,5.388146,961.17,5178.92
43275,L15,16932,A12,B28,C31,PCS,90,1.99,C,C04,5.388146,179.1,965.02
43275,L15,16932,A12,B28,C31,PCS,724,1.99,C,C04,5.388146,1440.76,7763.03
43281,L15,16958,A10,B22,C40,PCS,320,5.81,D,C07,1.358577,1859.2,2525.87
43281,L15,16958,A10,B22,C40,PCS,746,5.81,D,C07,1.358577,4334.26,5888.43
43281,L15,16958,A10,B22,C40,PCS,179,5.81,D,C07,1.358577,1039.99,1412.91
43281,L15,16958,A10,B22,C40,PCS,988,5.81,D,C07,1.358577,5740.28,7798.61
43281,L15,16958,A10,B22,C40,PCS,520,5.81,D,C07,1.358577,3021.2,4104.53
43281,L15,16958,A10,B22,C40,PCS,141,5.81,D,C07,1.358577,819.21,1112.96
43281,L15,16958,A10,B22,C40,PCS,682,5.81,D,C07,1.358577,3962.42,5383.25
43281,L15,16958,A10,B22,C40,PCS,739,5.81,D,C07,1.358577,4293.59,5833.17
43281,L15,16958,A10,B22,C40,PCS,676,5.81,D,C07,1.358577,3927.56,5335.89
43281,L15,16958,A10,B22,C40,PCS,188,5.81,D,C07,1.358577,1092.28,1483.95
43263,L15,17023,A15,B21,C30,PCS,869,1.83,C,C09,1.199464,1590.27,1907.47
43263,L15,17023,A15,B21,C30,PCS,273,1.83,C,C09,1.199464,499.59,599.24
43263,L15,17023,A15,B21,C30,PCS,345,1.83,C,C09,1.199464,631.35,757.28
43263,L15,17023,A15,B21,C30,PCS,36,1.83,C,C09,1.199464,65.88,79.02
43263,L15,17023,A15,B21,C30,PCS,992,1.83,C,C09,1.199464,1815.36,2177.46
43263,L15,17023,A15,B21,C30,PCS,343,1.83,C,C09,1.199464,627.69,752.89
43263,L15,17023,A15,B21,C30,PCS,620,1.83,C,C09,1.199464,1134.6,1360.91
43263,L15,17023,A15,B21,C30,PCS,840,1.83,C,C09,1.199464,1537.2,1843.82
43263,L15,17023,A15,B21,C30,PCS,238,1.83,C,C09,1.199464,435.54,522.41
43263,L15,17023,A15,B21,C30,PCS,795,1.83,C,C09,1.199464,1454.85,1745.04
43263,L15,17028,A14,B23,C39,PCS,555,1.83,D,C09,1.199464,1015.65,1218.24
43263,L15,17028,A14,B23,C39,PCS,301,1.83,D,C09,1.199464,550.83,660.7
43263,L15,17028,A14,B23,C39,PCS,201,1.83,D,C09,1.199464,367.83,441.2
43263,L15,17028,A14,B23,C39,PCS,505,1.83,D,C09,1.199464,924.15,1108.48
43263,L15,17028,A14,B23,C39,PCS,646,1.83,D,C09,1.199464,1182.18,1417.98
43263,L15,17028,A14,B23,C39,PCS,991,1.83,D,C09,1.199464,1813.53,2175.26
43263,L15,17028,A14,B23,C39,PCS,486,1.83,D,C09,1.199464,889.38,1066.78
43263,L15,17028,A14,B23,C39,PCS,149,1.83,D,C09,1.199464,272.67,327.06
43263,L15,17028,A14,B23,C39,PCS,679,1.83,D,C09,1.199464,1242.57,1490.42
43263,L15,17028,A14,B23,C39,PCS,683,1.83,D,C09,1.199464,1249.89,1499.2
43268,L15,17064,A20,B23,C33,PCS,626,3.48,D,C09,1.199464,2178.48,2613.01
43268,L15,17064,A20,B23,C33,PCS,435,3.48,D,C09,1.199464,1513.8,1815.75
43268,L15,17064,A20,B23,C33,PCS,809,3.48,D,C09,1.199464,2815.32,3376.87
43268,L15,17064,A20,B23,C33,PCS,147,3.48,D,C09,1.199464,511.56,613.6
43268,L15,17064,A20,B23,C33,PCS,277,3.48,D,C09,1.199464,963.96,1156.24
43268,L15,17064,A20,B23,C33,PCS,709,3.48,D,C09,1.199464,2467.32,2959.46
43268,L15,17064,A20,B23,C33,PCS,928,3.48,D,C09,1.199464,3229.44,3873.6
43268,L15,17064,A20,B23,C33,PCS,307,3.48,D,C09,1.199464,1068.36,1281.46
43268,L15,17064,A20,B23,C33,PCS,422,3.48,D,C09,1.199464,1468.56,1761.48
43268,L15,17064,A20,B23,C33,PCS,197,3.48,D,C09,1.199464,685.56,822.3
43255,L15,17143,A12,B25,C31,PCS,212,5.95,D,C01,6.825646,1261.4,8609.87
43255,L15,17143,A12,B25,C31,PCS,33,5.95,D,C01,6.825646,196.35,1340.22
43255,L15,17143,A12,B25,C31,PCS,758,5.95,D,C01,6.825646,4510.1,30784.35
43255,L15,17143,A12,B25,C31,PCS,530,5.95,D,C01,6.825646,3153.5,21524.67
43255,L15,17143,A12,B25,C31,PCS,359,5.95,D,C01,6.825646,2136.05,14579.92
43255,L15,17143,A12,B25,C31,PCS,134,5.95,D,C01,6.825646,797.3,5442.09
43255,L15,17143,A12,B25,C31,PCS,50,5.95,D,C01,6.825646,297.5,2030.63
43255,L15,17143,A12,B25,C31,PCS,435,5.95,D,C01,6.825646,2588.25,17666.48
43255,L15,17143,A12,B25,C31,PCS,899,5.95,D,C01,6.825646,5349.05,36510.72
43255,L15,17143,A12,B25,C31,PCS,5,5.95,D,C01,6.825646,29.75,203.06
43274,L15,17290,A20,B23,C31,PCS,780,7.3,C,C02,9.912483,5694,56441.68
43274,L15,17290,A20,B23,C31,PCS,729,7.3,C,C02,9.912483,5321.7,52751.26
43274,L15,17290,A20,B23,C31,PCS,274,7.3,C,C02,9.912483,2000.2,19826.95
43274,L15,17290,A20,B23,C31,PCS,663,7.3,C,C02,9.912483,4839.9,47975.43
43274,L15,17290,A20,B23,C31,PCS,935,7.3,C,C02,9.912483,6825.5,67657.65
43274,L15,17290,A20,B23,C31,PCS,555,7.3,C,C02,9.912483,4051.5,40160.42
43274,L15,17290,A20,B23,C31,PCS,226,7.3,C,C02,9.912483,1649.8,16353.61
43274,L15,17290,A20,B23,C31,PCS,452,7.3,C,C02,9.912483,3299.6,32707.23
43274,L15,17290,A20,B23,C31,PCS,573,7.3,C,C02,9.912483,4182.9,41462.93
43274,L15,17290,A20,B23,C31,PCS,15,7.3,C,C02,9.912483,109.5,1085.42
43267,L15,17326,A16,B30,C36,PCS,739,6.38,D,C09,1.199464,4714.82,5655.26
43267,L15,17326,A16,B30,C36,PCS,541,6.38,D,C09,1.199464,3451.58,4140.05
43267,L15,17326,A16,B30,C36,PCS,912,6.38,D,C09,1.199464,5818.56,6979.15
43267,L15,17326,A16,B30,C36,PCS,408,6.38,D,C09,1.199464,2603.04,3122.25
43267,L15,17326,A16,B30,C36,PCS,128,6.38,D,C09,1.199464,816.64,979.53
43267,L15,17326,A16,B30,C36,PCS,287,6.38,D,C09,1.199464,1831.06,2196.29
43267,L15,17326,A16,B30,C36,PCS,528,6.38,D,C09,1.199464,3368.64,4040.56
43267,L15,17326,A16,B30,C36,PCS,386,6.38,D,C09,1.199464,2462.68,2953.9
43267,L15,17326,A16,B30,C36,PCS,644,6.38,D,C09,1.199464,4108.72,4928.26
43267,L15,17326,A16,B30,C36,PCS,860,6.38,D,C09,1.199464,5486.8,6581.22
43259,L15,17608,A18,B30,C37,PCS,99,5.76,D,C01,6.825646,570.24,3892.26
43259,L15,17608,A18,B30,C37,PCS,917,5.76,D,C01,6.825646,5281.92,36052.52
43259,L15,17608,A18,B30,C37,PCS,228,5.76,D,C01,6.825646,1313.28,8963.98
43259,L15,17608,A18,B30,C37,PCS,621,5.76,D,C01,6.825646,3576.96,24415.06
43259,L15,17608,A18,B30,C37,PCS,136,5.76,D,C01,6.825646,783.36,5346.94
43259,L15,17608,A18,B30,C37,PCS,508,5.76,D,C01,6.825646,2926.08,19972.39
43259,L15,17608,A18,B30,C37,PCS,763,5.76,D,C01,6.825646,4394.88,29997.9
43259,L15,17608,A18,B30,C37,PCS,387,5.76,D,C01,6.825646,2229.12,15215.18
43259,L15,17608,A18,B30,C37,PCS,404,5.76,D,C01,6.825646,2327.04,15883.55
43259,L15,17608,A18,B30,C37,PCS,403,5.76,D,C01,6.825646,2321.28,15844.24
43271,L15,17742,A11,B20,C36,PCS,981,4.09,C,C05,3.40242,4012.29,13651.5
43271,L15,17742,A11,B20,C36,PCS,106,4.09,C,C05,3.40242,433.54,1475.09
43271,L15,17742,A11,B20,C36,PCS,530,4.09,C,C05,3.40242,2167.7,7375.43
43271,L15,17742,A11,B20,C36,PCS,959,4.09,C,C05,3.40242,3922.31,13345.35
43271,L15,17742,A11,B20,C36,PCS,987,4.09,C,C05,3.40242,4036.83,13734.99
43271,L15,17742,A11,B20,C36,PCS,186,4.09,C,C05,3.40242,760.74,2588.36
43271,L15,17742,A11,B20,C36,PCS,965,4.09,C,C05,3.40242,3946.85,13428.84
43271,L15,17742,A11,B20,C36,PCS,209,4.09,C,C05,3.40242,854.81,2908.42
43271,L15,17742,A11,B20,C36,PCS,739,4.09,C,C05,3.40242,3022.51,10283.85
43271,L15,17742,A11,B20,C36,PCS,459,4.09,C,C05,3.40242,1877.31,6387.4
43254,L15,17889,A19,B30,C36,PCS,141,8.23,C,C08,1.496196,1160.43,1736.23
43254,L15,17889,A19,B30,C36,PCS,580,8.23,C,C08,1.496196,4773.4,7141.94
43254,L15,17889,A19,B30,C36,PCS,351,8.23,C,C08,1.496196,2888.73,4322.11
43254,L15,17889,A19,B30,C36,PCS,414,8.23,C,C08,1.496196,3407.22,5097.87
43254,L15,17889,A19,B30,C36,PCS,666,8.23,C,C08,1.496196,5481.18,8200.92
43254,L15,17889,A19,B30,C36,PCS,767,8.23,C,C08,1.496196,6312.41,9444.6
43254,L15,17889,A19,B30,C36,PCS,317,8.23,C,C08,1.496196,2608.91,3903.44
43254,L15,17889,A19,B30,C36,PCS,955,8.23,C,C08,1.496196,7859.65,11759.58
43254,L15,17889,A19,B30,C36,PCS,530,8.23,C,C08,1.496196,4361.9,6526.26
43254,L15,17889,A19,B30,C36,PCS,52,8.23,C,C08,1.496196,427.96,640.31
43263,L15,18126,A18,B29,C34,PCS,184,1.83,D,C09,1.199464,336.72,403.88
43263,L15,18126,A18,B29,C34,PCS,960,1.83,D,C09,1.199464,1756.8,2107.22
43263,L15,18126,A18,B29,C34,PCS,857,1.83,D,C09,1.199464,1568.31,1881.13
43263,L15,18126,A18,B29,C34,PCS,752,1.83,D,C09,1.199464,1376.16,1650.65
43263,L15,18126,A18,B29,C34,PCS,381,1.83,D,C09,1.199464,697.23,836.3
43263,L15,18126,A18,B29,C34,PCS,892,1.83,D,C09,1.199464,1632.36,1957.96
43263,L15,18126,A18,B29,C34,PCS,856,1.83,D,C09,1.199464,1566.48,1878.94
43263,L15,18126,A18,B29,C34,PCS,181,1.83,D,C09,1.199464,331.23,397.3
43263,L15,18126,A18,B29,C34,PCS,968,1.83,D,C09,1.199464,1771.44,2124.78
43263,L15,18126,A18,B29,C34,PCS,577,1.83,D,C09,1.199464,1055.91,1266.53
43258,L15,18133,A18,B29,C34,PCS,755,1.74,D,C03,7.133317,1313.7,9371.04
43258,L15,18133,A18,B29,C34,PCS,668,1.74,D,C03,7.133317,1162.32,8291.2
43258,L15,18133,A18,B29,C34,PCS,425,1.74,D,C03,7.133317,739.5,5275.09
43258,L15,18133,A18,B29,C34,PCS,373,1.74,D,C03,7.133317,649.02,4629.67
43258,L15,18133,A18,B29,C34,PCS,204,1.74,D,C03,7.133317,354.96,2532.04
43258,L15,18133,A18,B29,C34,PCS,294,1.74,D,C03,7.133317,511.56,3649.12
43258,L15,18133,A18,B29,C34,PCS,234,1.74,D,C03,7.133317,407.16,2904.4
43258,L15,18133,A18,B29,C34,PCS,848,1.74,D,C03,7.133317,1475.52,10525.35
43258,L15,18133,A18,B29,C34,PCS,60,1.74,D,C03,7.133317,104.4,744.72
43258,L15,18133,A18,B29,C34,PCS,167,1.74,D,C03,7.133317,290.58,2072.8
43275,L15,18153,A15,B26,C31,PCS,348,6.11,C,C09,1.199464,2126.28,2550.4
43275,L15,18153,A15,B26,C31,PCS,692,6.11,C,C09,1.199464,4228.12,5071.48
43275,L15,18153,A15,B26,C31,PCS,637,6.11,C,C09,1.199464,3892.07,4668.4
43275,L15,18153,A15,B26,C31,PCS,343,6.11,C,C09,1.199464,2095.73,2513.75
43275,L15,18153,A15,B26,C31,PCS,929,6.11,C,C09,1.199464,5676.19,6808.39
43275,L15,18153,A15,B26,C31,PCS,160,6.11,C,C09,1.199464,977.6,1172.6
43275,L15,18153,A15,B26,C31,PCS,257,6.11,C,C09,1.199464,1570.27,1883.48
43275,L15,18153,A15,B26,C31,PCS,444,6.11,C,C09,1.199464,2712.84,3253.95
43275,L15,18153,A15,B26,C31,PCS,72,6.11,C,C09,1.199464,439.92,527.67
43275,L15,18153,A15,B26,C31,PCS,257,6.11,C,C09,1.199464,1570.27,1883.48
43266,L15,18213,A17,B30,C32,PCS,335,9.33,D,C08,1.496196,3125.55,4676.44
43266,L15,18213,A17,B30,C32,PCS,386,9.33,D,C08,1.496196,3601.38,5388.37
43266,L15,18213,A17,B30,C32,PCS,895,9.33,D,C08,1.496196,8350.35,12493.76
43266,L15,18213,A17,B30,C32,PCS,394,9.33,D,C08,1.496196,3676.02,5500.05
43266,L15,18213,A17,B30,C32,PCS,558,9.33,D,C08,1.496196,5206.14,7789.41
43266,L15,18213,A17,B30,C32,PCS,553,9.33,D,C08,1.496196,5159.49,7719.61
43266,L15,18213,A17,B30,C32,PCS,932,9.33,D,C08,1.496196,8695.56,13010.26
43266,L15,18213,A17,B30,C32,PCS,599,9.33,D,C08,1.496196,5588.67,8361.75
43266,L15,18213,A17,B30,C32,PCS,456,9.33,D,C08,1.496196,4254.48,6365.54
43266,L15,18213,A17,B30,C32,PCS,607,9.33,D,C08,1.496196,5663.31,8473.42
43269,L15,18219,A13,B26,C37,PCS,729,5.57,D,C05,3.40242,4060.53,13815.63
43269,L15,18219,A13,B26,C37,PCS,339,5.57,D,C05,3.40242,1888.23,6424.55
43269,L15,18219,A13,B26,C37,PCS,599,5.57,D,C05,3.40242,3336.43,11351.94
43269,L15,18219,A13,B26,C37,PCS,70,5.57,D,C05,3.40242,389.9,1326.6
43269,L15,18219,A13,B26,C37,PCS,546,5.57,D,C05,3.40242,3041.22,10347.51
43269,L15,18219,A13,B26,C37,PCS,495,5.57,D,C05,3.40242,2757.15,9380.98
43269,L15,18219,A13,B26,C37,PCS,424,5.57,D,C05,3.40242,2361.68,8035.43
43269,L15,18219,A13,B26,C37,PCS,450,5.57,D,C05,3.40242,2506.5,8528.17
43269,L15,18219,A13,B26,C37,PCS,776,5.57,D,C05,3.40242,4322.32,14706.35
43269,L15,18219,A13,B26,C37,PCS,169,5.57,D,C05,3.40242,941.33,3202.8
43258,L15,18317,A11,B23,C31,PCS,723,1.74,C,C03,7.133317,1258.02,8973.86
43258,L15,18317,A11,B23,C31,PCS,624,1.74,C,C03,7.133317,1085.76,7745.07
43258,L15,18317,A11,B23,C31,PCS,680,1.74,C,C03,7.133317,1183.2,8440.14
43258,L15,18317,A11,B23,C31,PCS,280,1.74,C,C03,7.133317,487.2,3475.35
43258,L15,18317,A11,B23,C31,PCS,213,1.74,C,C03,7.133317,370.62,2643.75
43258,L15,18317,A11,B23,C31,PCS,867,1.74,C,C03,7.133317,1508.58,10761.18
43258,L15,18317,A11,B23,C31,PCS,72,1.74,C,C03,7.133317,125.28,893.66
43258,L15,18317,A11,B23,C31,PCS,21,1.74,C,C03,7.133317,36.54,260.65
43258,L15,18317,A11,B23,C31,PCS,553,1.74,C,C03,7.133317,962.22,6863.82
43258,L15,18317,A11,B23,C31,PCS,587,1.74,C,C03,7.133317,1021.38,7285.83
43275,L15,18388,A14,B23,C35,PCS,839,1.99,D,C04,5.388146,1669.61,8996.1
43275,L15,18388,A14,B23,C35,PCS,440,1.99,D,C04,5.388146,875.6,4717.86
43275,L15,18388,A14,B23,C35,PCS,431,1.99,D,C04,5.388146,857.69,4621.36
43275,L15,18388,A14,B23,C35,PCS,178,1.99,D,C04,5.388146,354.22,1908.59
43275,L15,18388,A14,B23,C35,PCS,931,1.99,D,C04,5.388146,1852.69,9982.56
43275,L15,18388,A14,B23,C35,PCS,572,1.99,D,C04,5.388146,1138.28,6133.22
43275,L15,18388,A14,B23,C35,PCS,471,1.99,D,C04,5.388146,937.29,5050.26
43275,L15,18388,A14,B23,C35,PCS,715,1.99,D,C04,5.388146,1422.85,7666.52
43275,L15,18388,A14,B23,C35,PCS,196,1.99,D,C04,5.388146,390.04,2101.59
43275,L15,18388,A14,B23,C35,PCS,379,1.99,D,C04,5.388146,754.21,4063.79
43261,L15,18448,A16,B27,C33,PCS,557,3.33,D,C08,1.496196,1854.81,2775.16
43261,L15,18448,A16,B27,C33,PCS,602,3.33,D,C08,1.496196,2004.66,2999.36
43261,L15,18448,A16,B27,C33,PCS,78,3.33,D,C08,1.496196,259.74,388.62
43261,L15,18448,A16,B27,C33,PCS,456,3.33,D,C08,1.496196,1518.48,2271.94
43261,L15,18448,A16,B27,C33,PCS,27,3.33,D,C08,1.496196,89.91,134.52
43261,L15,18448,A16,B27,C33,PCS,592,3.33,D,C08,1.496196,1971.36,2949.54
43261,L15,18448,A16,B27,C33,PCS,831,3.33,D,C08,1.496196,2767.23,4140.32
43261,L15,18448,A16,B27,C33,PCS,720,3.33,D,C08,1.496196,2397.6,3587.28
43261,L15,18448,A16,B27,C33,PCS,43,3.33,D,C08,1.496196,143.19,214.24
43261,L15,18448,A16,B27,C33,PCS,64,3.33,D,C08,1.496196,213.12,318.87
43275,L15,18576,A12,B25,C30,PCS,200,8.35,D,C08,1.496196,1670,2498.65
43275,L15,18576,A12,B25,C30,PCS,881,8.35,D,C08,1.496196,7356.35,11006.54
43275,L15,18576,A12,B25,C30,PCS,908,8.35,D,C08,1.496196,7581.8,11343.86
43275,L15,18576,A12,B25,C30,PCS,466,8.35,D,C08,1.496196,3891.1,5821.85
43275,L15,18576,A12,B25,C30,PCS,37,8.35,D,C08,1.496196,308.95,462.25
43275,L15,18576,A12,B25,C30,PCS,349,8.35,D,C08,1.496196,2914.15,4360.14
43275,L15,18576,A12,B25,C30,PCS,961,8.35,D,C08,1.496196,8024.35,12006
43275,L15,18576,A12,B25,C30,PCS,581,8.35,D,C08,1.496196,4851.35,7258.57
43275,L15,18576,A12,B25,C30,PCS,232,8.35,D,C08,1.496196,1937.2,2898.43
43275,L15,18576,A12,B25,C30,PCS,716,8.35,D,C08,1.496196,5978.6,8945.16
43273,L15,18623,A20,B28,C33,PCS,793,6.9,C,C04,5.388146,5471.7,29482.32
43273,L15,18623,A20,B28,C33,PCS,779,6.9,C,C04,5.388146,5375.1,28961.82
43273,L15,18623,A20,B28,C33,PCS,161,6.9,C,C04,5.388146,1110.9,5985.69
43273,L15,18623,A20,B28,C33,PCS,397,6.9,C,C04,5.388146,2739.3,14759.75
43273,L15,18623,A20,B28,C33,PCS,806,6.9,C,C04,5.388146,5561.4,29965.64
43273,L15,18623,A20,B28,C33,PCS,990,6.9,C,C04,5.388146,6831,36806.43
43273,L15,18623,A20,B28,C33,PCS,216,6.9,C,C04,5.388146,1490.4,8030.49
43273,L15,18623,A20,B28,C33,PCS,177,6.9,C,C04,5.388146,1221.3,6580.54
43273,L15,18623,A20,B28,C33,PCS,895,6.9,C,C04,5.388146,6175.5,33274.5
43273,L15,18623,A20,B28,C33,PCS,691,6.9,C,C04,5.388146,4767.9,25690.14
43273,L15,18635,A20,B20,C36,PCS,363,6.9,D,C04,5.388146,2504.7,13495.69
43273,L15,18635,A20,B20,C36,PCS,282,6.9,D,C04,5.388146,1945.8,10484.25
43273,L15,18635,A20,B20,C36,PCS,87,6.9,D,C04,5.388146,600.3,3234.5
43273,L15,18635,A20,B20,C36,PCS,484,6.9,D,C04,5.388146,3339.6,17994.25
43273,L15,18635,A20,B20,C36,PCS,164,6.9,D,C04,5.388146,1131.6,6097.23
43273,L15,18635,A20,B20,C36,PCS,354,6.9,D,C04,5.388146,2442.6,13161.09
43273,L15,18635,A20,B20,C36,PCS,492,6.9,D,C04,5.388146,3394.8,18291.68
43273,L15,18635,A20,B20,C36,PCS,499,6.9,D,C04,5.388146,3443.1,18551.93
43273,L15,18635,A20,B20,C36,PCS,427,6.9,D,C04,5.388146,2946.3,15875.09
43273,L15,18635,A20,B20,C36,PCS,319,6.9,D,C04,5.388146,2201.1,11859.85
43270,L15,18871,A10,B29,C40,PCS,290,4.52,D,C05,3.40242,1310.8,4459.89
43270,L15,18871,A10,B29,C40,PCS,144,4.52,D,C05,3.40242,650.88,2214.57
43270,L15,18871,A10,B29,C40,PCS,144,4.52,D,C05,3.40242,650.88,2214.57
43270,L15,18871,A10,B29,C40,PCS,516,4.52,D,C05,3.40242,2332.32,7935.53
43270,L15,18871,A10,B29,C40,PCS,65,4.52,D,C05,3.40242,293.8,999.63
43270,L15,18871,A10,B29,C40,PCS,940,4.52,D,C05,3.40242,4248.8,14456.2
43270,L15,18871,A10,B29,C40,PCS,987,4.52,D,C05,3.40242,4461.24,15179.01
43270,L15,18871,A10,B29,C40,PCS,505,4.52,D,C05,3.40242,2282.6,7766.36
43270,L15,18871,A10,B29,C40,PCS,971,4.52,D,C05,3.40242,4388.92,14932.95
43270,L15,18871,A10,B29,C40,PCS,714,4.52,D,C05,3.40242,3227.28,10980.56
43277,L15,18922,A13,B24,C34,PCS,482,9.57,C,C05,3.40242,4612.74,15694.48
43277,L15,18922,A13,B24,C34,PCS,847,9.57,C,C05,3.40242,8105.79,27579.3
43277,L15,18922,A13,B24,C34,PCS,335,9.57,C,C05,3.40242,3205.95,10907.99
43277,L15,18922,A13,B24,C34,PCS,909,9.57,C,C05,3.40242,8699.13,29598.09
43277,L15,18922,A13,B24,C34,PCS,980,9.57,C,C05,3.40242,9378.6,31909.94
43277,L15,18922,A13,B24,C34,PCS,320,9.57,C,C05,3.40242,3062.4,10419.57
43277,L15,18922,A13,B24,C34,PCS,580,9.57,C,C05,3.40242,5550.6,18885.47
43277,L15,18922,A13,B24,C34,PCS,658,9.57,C,C05,3.40242,6297.06,21425.24
43277,L15,18922,A13,B24,C34,PCS,528,9.57,C,C05,3.40242,5052.96,17192.29
43277,L15,18922,A13,B24,C34,PCS,802,9.57,C,C05,3.40242,7675.14,26114.05
43279,L15,18936,A12,B20,C30,PCS,1,3.78,D,C05,3.40242,3.78,12.86
43264,L15,18936,A19,B23,C32,PCS,804,2.66,D,C02,9.912483,2138.64,21199.23
43279,L15,18936,A12,B20,C30,PCS,361,3.78,D,C05,3.40242,1364.58,4642.87
43264,L15,18936,A19,B23,C32,PCS,962,2.66,D,C02,9.912483,2558.92,25365.25
43279,L15,18936,A12,B20,C30,PCS,448,3.78,D,C05,3.40242,1693.44,5761.79
43264,L15,18936,A19,B23,C32,PCS,660,2.66,D,C02,9.912483,1755.6,17402.36
43279,L15,18936,A12,B20,C30,PCS,644,3.78,D,C05,3.40242,2434.32,8282.58
43264,L15,18936,A19,B23,C32,PCS,583,2.66,D,C02,9.912483,1550.78,15372.08
43279,L15,18936,A12,B20,C30,PCS,596,3.78,D,C05,3.40242,2252.88,7665.24
43264,L15,18936,A19,B23,C32,PCS,133,2.66,D,C02,9.912483,353.78,3506.84
43279,L15,18936,A12,B20,C30,PCS,830,3.78,D,C05,3.40242,3137.4,10674.75
43264,L15,18936,A19,B23,C32,PCS,790,2.66,D,C02,9.912483,2101.4,20830.09
43279,L15,18936,A12,B20,C30,PCS,762,3.78,D,C05,3.40242,2880.36,9800.19
43264,L15,18936,A19,B23,C32,PCS,813,2.66,D,C02,9.912483,2162.58,21436.54
43279,L15,18936,A12,B20,C30,PCS,679,3.78,D,C05,3.40242,2566.62,8732.72
43264,L15,18936,A19,B23,C32,PCS,390,2.66,D,C02,9.912483,1037.4,10283.21
43279,L15,18936,A12,B20,C30,PCS,606,3.78,D,C05,3.40242,2290.68,7793.86
43264,L15,18936,A19,B23,C32,PCS,155,2.66,D,C02,9.912483,412.3,4086.92
43279,L15,18936,A12,B20,C30,PCS,87,3.78,D,C05,3.40242,328.86,1118.92
43264,L15,18936,A19,B23,C32,PCS,331,2.66,D,C02,9.912483,880.46,8727.54
43258,L15,18943,A17,B25,C38,PCS,534,3.6,D,C08,1.496196,1922.4,2876.29
43258,L15,18943,A17,B25,C38,PCS,52,3.6,D,C08,1.496196,187.2,280.09
43258,L15,18943,A17,B25,C38,PCS,576,3.6,D,C08,1.496196,2073.6,3102.51
43258,L15,18943,A17,B25,C38,PCS,820,3.6,D,C08,1.496196,2952,4416.77
43258,L15,18943,A17,B25,C38,PCS,893,3.6,D,C08,1.496196,3214.8,4809.97
43258,L15,18943,A17,B25,C38,PCS,626,3.6,D,C08,1.496196,2253.6,3371.83
43258,L15,18943,A17,B25,C38,PCS,219,3.6,D,C08,1.496196,788.4,1179.6
43258,L15,18943,A17,B25,C38,PCS,714,3.6,D,C08,1.496196,2570.4,3845.82
43258,L15,18943,A17,B25,C38,PCS,688,3.6,D,C08,1.496196,2476.8,3705.78
43258,L15,18943,A17,B25,C38,PCS,493,3.6,D,C08,1.496196,1774.8,2655.45
43253,L15,18955,A19,B29,C38,PCS,212,8.13,C,C03,7.133317,1723.56,12294.7
43253,L15,18955,A19,B29,C38,PCS,693,8.13,C,C03,7.133317,5634.09,40189.75
43253,L15,18955,A19,B29,C38,PCS,552,8.13,C,C03,7.133317,4487.76,32012.61
43253,L15,18955,A19,B29,C38,PCS,866,8.13,C,C03,7.133317,7040.58,50222.69
43253,L15,18955,A19,B29,C38,PCS,595,8.13,C,C03,7.133317,4837.35,34506.35
43253,L15,18955,A19,B29,C38,PCS,521,8.13,C,C03,7.133317,4235.73,30214.8
43253,L15,18955,A19,B29,C38,PCS,746,8.13,C,C03,7.133317,6064.98,43263.42
43253,L15,18955,A19,B29,C38,PCS,638,8.13,C,C03,7.133317,5186.94,37000.09
43253,L15,18955,A19,B29,C38,PCS,727,8.13,C,C03,7.133317,5910.51,42161.54
43253,L15,18955,A19,B29,C38,PCS,423,8.13,C,C03,7.133317,3438.99,24531.41
43259,L15,19077,A14,B22,C34,PCS,365,8.82,D,C09,1.199464,3219.3,3861.43
43259,L15,19077,A14,B22,C34,PCS,262,8.82,D,C09,1.199464,2310.84,2771.77
43259,L15,19077,A14,B22,C34,PCS,453,8.82,D,C09,1.199464,3995.46,4792.41
43259,L15,19077,A14,B22,C34,PCS,752,8.82,D,C09,1.199464,6632.64,7955.61
43259,L15,19077,A14,B22,C34,PCS,125,8.82,D,C09,1.199464,1102.5,1322.41
43259,L15,19077,A14,B22,C34,PCS,943,8.82,D,C09,1.199464,8317.26,9976.25
43259,L15,19077,A14,B22,C34,PCS,621,8.82,D,C09,1.199464,5477.22,6569.73
43259,L15,19077,A14,B22,C34,PCS,597,8.82,D,C09,1.199464,5265.54,6315.83
43259,L15,19077,A14,B22,C34,PCS,519,8.82,D,C09,1.199464,4577.58,5490.64
43259,L15,19077,A14,B22,C34,PCS,239,8.82,D,C09,1.199464,2107.98,2528.45
43261,L15,19160,A15,B23,C30,PCS,512,3.06,D,C03,7.133317,1566.72,11175.91
43261,L15,19160,A15,B23,C30,PCS,965,3.06,D,C03,7.133317,2952.9,21063.97
43261,L15,19160,A15,B23,C30,PCS,43,3.06,D,C03,7.133317,131.58,938.6
43261,L15,19160,A15,B23,C30,PCS,80,3.06,D,C03,7.133317,244.8,1746.24
43261,L15,19160,A15,B23,C30,PCS,286,3.06,D,C03,7.133317,875.16,6242.79
43261,L15,19160,A15,B23,C30,PCS,273,3.06,D,C03,7.133317,835.38,5959.03
43261,L15,19160,A15,B23,C30,PCS,198,3.06,D,C03,7.133317,605.88,4321.93
43261,L15,19160,A15,B23,C30,PCS,266,3.06,D,C03,7.133317,813.96,5806.23
43261,L15,19160,A15,B23,C30,PCS,590,3.06,D,C03,7.133317,1805.4,12878.49
43261,L15,19160,A15,B23,C30,PCS,164,3.06,D,C03,7.133317,501.84,3579.78
43279,L15,19329,A17,B21,C30,PCS,522,2.07,D,C05,3.40242,1080.54,3676.45
43279,L15,19329,A17,B21,C30,PCS,782,2.07,D,C05,3.40242,1618.74,5507.63
43279,L15,19329,A17,B21,C30,PCS,602,2.07,D,C05,3.40242,1246.14,4239.89
43279,L15,19329,A17,B21,C30,PCS,330,2.07,D,C05,3.40242,683.1,2324.19
43279,L15,19329,A17,B21,C30,PCS,346,2.07,D,C05,3.40242,716.22,2436.88
43279,L15,19329,A17,B21,C30,PCS,505,2.07,D,C05,3.40242,1045.35,3556.72
43279,L15,19329,A17,B21,C30,PCS,580,2.07,D,C05,3.40242,1200.6,4084.95
43279,L15,19329,A17,B21,C30,PCS,155,2.07,D,C05,3.40242,320.85,1091.67
43279,L15,19329,A17,B21,C30,PCS,50,2.07,D,C05,3.40242,103.5,352.15
43279,L15,19329,A17,B21,C30,PCS,553,2.07,D,C05,3.40242,1144.71,3894.78
43266,L15,19407,A16,B22,C40,PCS,200,3.09,C,C07,1.358577,618,839.6
43266,L15,19407,A16,B22,C40,PCS,575,3.09,C,C07,1.358577,1776.75,2413.85
43266,L15,19407,A16,B22,C40,PCS,109,3.09,C,C07,1.358577,336.81,457.58
43266,L15,19407,A16,B22,C40,PCS,139,3.09,C,C07,1.358577,429.51,583.52
43266,L15,19407,A16,B22,C40,PCS,802,3.09,C,C07,1.358577,2478.18,3366.8
43266,L15,19407,A16,B22,C40,PCS,337,3.09,C,C07,1.358577,1041.33,1414.73
43266,L15,19407,A16,B22,C40,PCS,20,3.09,C,C07,1.358577,61.8,83.96
43266,L15,19407,A16,B22,C40,PCS,187,3.09,C,C07,1.358577,577.83,785.03
43266,L15,19407,A16,B22,C40,PCS,866,3.09,C,C07,1.358577,2675.94,3635.47
43266,L15,19407,A16,B22,C40,PCS,172,3.09,C,C07,1.358577,531.48,722.06
43260,L15,19411,A20,B26,C40,PCS,148,9.43,D,C05,3.40242,1395.64,4748.55
43260,L15,19411,A20,B26,C40,PCS,448,9.43,D,C05,3.40242,4224.64,14374
43260,L15,19411,A20,B26,C40,PCS,982,9.43,D,C05,3.40242,9260.26,31507.29
43260,L15,19411,A20,B26,C40,PCS,199,9.43,D,C05,3.40242,1876.57,6384.88
43260,L15,19411,A20,B26,C40,PCS,961,9.43,D,C05,3.40242,9062.23,30833.51
43260,L15,19411,A20,B26,C40,PCS,407,9.43,D,C05,3.40242,3838.01,13058.52
43260,L15,19411,A20,B26,C40,PCS,619,9.43,D,C05,3.40242,5837.17,19860.5
43260,L15,19411,A20,B26,C40,PCS,169,9.43,D,C05,3.40242,1593.67,5422.33
43260,L15,19411,A20,B26,C40,PCS,311,9.43,D,C05,3.40242,2932.73,9978.38
43260,L15,19411,A20,B26,C40,PCS,574,9.43,D,C05,3.40242,5412.82,18416.69
43258,L15,19420,A20,B29,C39,PCS,295,1.74,C,C03,7.133317,513.3,3661.53
43258,L15,19420,A20,B29,C39,PCS,266,1.74,C,C03,7.133317,462.84,3301.58
43258,L15,19420,A20,B29,C39,PCS,158,1.74,C,C03,7.133317,274.92,1961.09
43258,L15,19420,A20,B29,C39,PCS,973,1.74,C,C03,7.133317,1693.02,12076.85
43258,L15,19420,A20,B29,C39,PCS,537,1.74,C,C03,7.133317,934.38,6665.23
43258,L15,19420,A20,B29,C39,PCS,865,1.74,C,C03,7.133317,1505.1,10736.36
43258,L15,19420,A20,B29,C39,PCS,683,1.74,C,C03,7.133317,1188.42,8477.38
43258,L15,19420,A20,B29,C39,PCS,299,1.74,C,C03,7.133317,520.26,3711.18
43258,L15,19420,A20,B29,C39,PCS,201,1.74,C,C03,7.133317,349.74,2494.81
43258,L15,19420,A20,B29,C39,PCS,99,1.74,C,C03,7.133317,172.26,1228.79
43265,L15,19421,A15,B23,C31,PCS,716,1.76,C,C02,9.912483,1260.16,12491.31
43265,L15,19421,A15,B23,C31,PCS,118,1.76,C,C02,9.912483,207.68,2058.62
43265,L15,19421,A15,B23,C31,PCS,65,1.76,C,C02,9.912483,114.4,1133.99
43265,L15,19421,A15,B23,C31,PCS,47,1.76,C,C02,9.912483,82.72,819.96
43265,L15,19421,A15,B23,C31,PCS,928,1.76,C,C02,9.912483,1633.28,16189.86
43265,L15,19421,A15,B23,C31,PCS,642,1.76,C,C02,9.912483,1129.92,11200.31
43265,L15,19421,A15,B23,C31,PCS,277,1.76,C,C02,9.912483,487.52,4832.53
43265,L15,19421,A15,B23,C31,PCS,775,1.76,C,C02,9.912483,1364,13520.63
43265,L15,19421,A15,B23,C31,PCS,870,1.76,C,C02,9.912483,1531.2,15177.99
43265,L15,19421,A15,B23,C31,PCS,161,1.76,C,C02,9.912483,283.36,2808.8
43256,L15,19473,A20,B23,C36,PCS,642,3.64,D,C10,8.657656,2336.88,20231.9
43256,L15,19473,A20,B23,C36,PCS,376,3.64,D,C10,8.657656,1368.64,11849.21
43256,L15,19473,A20,B23,C36,PCS,889,3.64,D,C10,8.657656,3235.96,28015.83
43256,L15,19473,A20,B23,C36,PCS,747,3.64,D,C10,8.657656,2719.08,23540.86
43256,L15,19473,A20,B23,C36,PCS,58,3.64,D,C10,8.657656,211.12,1827.8
43256,L15,19473,A20,B23,C36,PCS,201,3.64,D,C10,8.657656,731.64,6334.29
43256,L15,19473,A20,B23,C36,PCS,734,3.64,D,C10,8.657656,2671.76,23131.18
43256,L15,19473,A20,B23,C36,PCS,454,3.64,D,C10,8.657656,1652.56,14307.3
43256,L15,19473,A20,B23,C36,PCS,622,3.64,D,C10,8.657656,2264.08,19601.63
43256,L15,19473,A20,B23,C36,PCS,355,3.64,D,C10,8.657656,1292.2,11187.42
43258,L15,19578,A20,B28,C36,PCS,704,1.74,C,C03,7.133317,1224.96,8738.03
43258,L15,19578,A20,B28,C36,PCS,703,1.74,C,C03,7.133317,1223.22,8725.62
43258,L15,19578,A20,B28,C36,PCS,533,1.74,C,C03,7.133317,927.42,6615.58
43258,L15,19578,A20,B28,C36,PCS,370,1.74,C,C03,7.133317,643.8,4592.43
43258,L15,19578,A20,B28,C36,PCS,911,1.74,C,C03,7.133317,1585.14,11307.31
43258,L15,19578,A20,B28,C36,PCS,678,1.74,C,C03,7.133317,1179.72,8415.32
43258,L15,19578,A20,B28,C36,PCS,894,1.74,C,C03,7.133317,1555.56,11096.3
43258,L15,19578,A20,B28,C36,PCS,144,1.74,C,C03,7.133317,250.56,1787.32
43258,L15,19578,A20,B28,C36,PCS,582,1.74,C,C03,7.133317,1012.68,7223.77
43258,L15,19578,A20,B28,C36,PCS,391,1.74,C,C03,7.133317,680.34,4853.08
43275,L15,19781,A14,B23,C35,PCS,234,8.35,D,C08,1.496196,1953.9,2923.42
43275,L15,19781,A14,B23,C35,PCS,526,8.35,D,C08,1.496196,4392.1,6571.44
43275,L15,19781,A14,B23,C35,PCS,57,8.35,D,C08,1.496196,475.95,712.11
43275,L15,19781,A14,B23,C35,PCS,203,8.35,D,C08,1.496196,1695.05,2536.13
43275,L15,19781,A14,B23,C35,PCS,109,8.35,D,C08,1.496196,910.15,1361.76
43275,L15,19781,A14,B23,C35,PCS,933,8.35,D,C08,1.496196,7790.55,11656.19
43275,L15,19781,A14,B23,C35,PCS,186,8.35,D,C08,1.496196,1553.1,2323.74
43275,L15,19781,A14,B23,C35,PCS,159,8.35,D,C08,1.496196,1327.65,1986.42
43275,L15,19781,A14,B23,C35,PCS,174,8.35,D,C08,1.496196,1452.9,2173.82
43275,L15,19781,A14,B23,C35,PCS,157,8.35,D,C08,1.496196,1310.95,1961.44
43264,L15,19986,A18,B30,C38,PCS,56,3.44,C,C10,8.657656,192.64,1667.81
43264,L15,19986,A18,B30,C38,PCS,214,3.44,C,C10,8.657656,736.16,6373.42
43264,L15,19986,A18,B30,C38,PCS,414,3.44,C,C10,8.657656,1424.16,12329.89
43264,L15,19986,A18,B30,C38,PCS,222,3.44,C,C10,8.657656,763.68,6611.68
43264,L15,19986,A18,B30,C38,PCS,859,3.44,C,C10,8.657656,2954.96,25583.03
43264,L15,19986,A18,B30,C38,PCS,438,3.44,C,C10,8.657656,1506.72,13044.66
43264,L15,19986,A18,B30,C38,PCS,534,3.44,C,C10,8.657656,1836.96,15903.77
43264,L15,19986,A18,B30,C38,PCS,540,3.44,C,C10,8.657656,1857.6,16082.46
43264,L15,19986,A18,B30,C38,PCS,189,3.44,C,C10,8.657656,650.16,5628.86
43264,L15,19986,A18,B30,C38,PCS,915,3.44,C,C10,8.657656,3147.6,27250.84
43290,L15,10163,A12,B21,C31,PCS,64,3.81,C,C05,3.40242,243.84,829.65
43290,L15,10163,A12,B21,C31,PCS,351,3.81,C,C05,3.40242,1337.31,4550.09
43290,L15,10163,A12,B21,C31,PCS,711,3.81,C,C05,3.40242,2708.91,9216.85
43290,L15,10163,A12,B21,C31,PCS,797,3.81,C,C05,3.40242,3036.57,10331.69
43290,L15,10163,A12,B21,C31,PCS,820,3.81,C,C05,3.40242,3124.2,10629.84
43290,L15,10163,A12,B21,C31,PCS,792,3.81,C,C05,3.40242,3017.52,10266.87
43290,L15,10163,A12,B21,C31,PCS,179,3.81,C,C05,3.40242,681.99,2320.42
43290,L15,10163,A12,B21,C31,PCS,571,3.81,C,C05,3.40242,2175.51,7402
43290,L15,10163,A12,B21,C31,PCS,648,3.81,C,C05,3.40242,2468.88,8400.17
43290,L15,10163,A12,B21,C31,PCS,631,3.81,C,C05,3.40242,2404.11,8179.79
43286,L15,10300,A14,B27,C40,PCS,337,3.01,D,C08,1.496196,1014.37,1517.7
43286,L15,10300,A14,B27,C40,PCS,557,3.01,D,C08,1.496196,1676.57,2508.48
43286,L15,10300,A14,B27,C40,PCS,697,3.01,D,C08,1.496196,2097.97,3138.97
43286,L15,10300,A14,B27,C40,PCS,689,3.01,D,C08,1.496196,2073.89,3102.95
43286,L15,10300,A14,B27,C40,PCS,669,3.01,D,C08,1.496196,2013.69,3012.87
43286,L15,10300,A14,B27,C40,PCS,794,3.01,D,C08,1.496196,2389.94,3575.82
43286,L15,10300,A14,B27,C40,PCS,246,3.01,D,C08,1.496196,740.46,1107.87
43286,L15,10300,A14,B27,C40,PCS,424,3.01,D,C08,1.496196,1276.24,1909.51
43286,L15,10300,A14,B27,C40,PCS,608,3.01,D,C08,1.496196,1830.08,2738.16
43286,L15,10300,A14,B27,C40,PCS,494,3.01,D,C08,1.496196,1486.94,2224.75
43286,L15,10559,A11,B21,C36,PCS,695,3.01,C,C08,1.496196,2091.95,3129.97
43286,L15,10559,A11,B21,C36,PCS,250,3.01,C,C08,1.496196,752.5,1125.89
43286,L15,10559,A11,B21,C36,PCS,254,3.01,C,C08,1.496196,764.54,1143.9
43286,L15,10559,A11,B21,C36,PCS,448,3.01,C,C08,1.496196,1348.48,2017.59
43286,L15,10559,A11,B21,C36,PCS,429,3.01,C,C08,1.496196,1291.29,1932.02
43286,L15,10559,A11,B21,C36,PCS,23,3.01,C,C08,1.496196,69.23,103.58
43286,L15,10559,A11,B21,C36,PCS,816,3.01,C,C08,1.496196,2456.16,3674.9
43286,L15,10559,A11,B21,C36,PCS,395,3.01,C,C08,1.496196,1188.95,1778.9
43286,L15,10559,A11,B21,C36,PCS,665,3.01,C,C08,1.496196,2001.65,2994.86
43286,L15,10559,A11,B21,C36,PCS,577,3.01,C,C08,1.496196,1736.77,2598.55
43289,L15,10565,A16,B21,C32,PCS,208,2.09,D,C06,3.547054,434.72,1541.98
43289,L15,10565,A16,B21,C32,PCS,378,2.09,D,C06,3.547054,790.02,2802.24
43289,L15,10565,A16,B21,C32,PCS,10,2.09,D,C06,3.547054,20.9,74.13
43289,L15,10565,A16,B21,C32,PCS,980,2.09,D,C06,3.547054,2048.2,7265.08
43289,L15,10565,A16,B21,C32,PCS,571,2.09,D,C06,3.547054,1193.39,4233.02
43289,L15,10565,A16,B21,C32,PCS,924,2.09,D,C06,3.547054,1931.16,6849.93
43289,L15,10565,A16,B21,C32,PCS,937,2.09,D,C06,3.547054,1958.33,6946.3
43289,L15,10565,A16,B21,C32,PCS,457,2.09,D,C06,3.547054,955.13,3387.9
43289,L15,10565,A16,B21,C32,PCS,35,2.09,D,C06,3.547054,73.15,259.47
43289,L15,10565,A16,B21,C32,PCS,564,2.09,D,C06,3.547054,1178.76,4181.13
43300,L15,10569,A17,B29,C34,PCS,829,7.75,C,C08,1.496196,6424.75,9612.69
43300,L15,10569,A17,B29,C34,PCS,745,7.75,C,C08,1.496196,5773.75,8638.66
43300,L15,10569,A17,B29,C34,PCS,717,7.75,C,C08,1.496196,5556.75,8313.99
43300,L15,10569,A17,B29,C34,PCS,177,7.75,C,C08,1.496196,1371.75,2052.41
43300,L15,10569,A17,B29,C34,PCS,908,7.75,C,C08,1.496196,7037,10528.73
43300,L15,10569,A17,B29,C34,PCS,18,7.75,C,C08,1.496196,139.5,208.72
43300,L15,10569,A17,B29,C34,PCS,490,7.75,C,C08,1.496196,3797.5,5681.8
43300,L15,10569,A17,B29,C34,PCS,962,7.75,C,C08,1.496196,7455.5,11154.89
43300,L15,10569,A17,B29,C34,PCS,615,7.75,C,C08,1.496196,4766.25,7131.24
43300,L15,10569,A17,B29,C34,PCS,669,7.75,C,C08,1.496196,5184.75,7757.4
43283,L15,11774,A20,B30,C34,PCS,718,6.54,C,C03,7.133317,4695.72,33496.06
43283,L15,11774,A20,B30,C34,PCS,319,6.54,C,C03,7.133317,2086.26,14881.95
43283,L15,11774,A20,B30,C34,PCS,405,6.54,C,C03,7.133317,2648.7,18894.02
43283,L15,11774,A20,B30,C34,PCS,760,6.54,C,C03,7.133317,4970.4,35455.44
43283,L15,11774,A20,B30,C34,PCS,388,6.54,C,C03,7.133317,2537.52,18100.93
43283,L15,11774,A20,B30,C34,PCS,473,6.54,C,C03,7.133317,3093.42,22066.35
43283,L15,11774,A20,B30,C34,PCS,217,6.54,C,C03,7.133317,1419.18,10123.46
43283,L15,11774,A20,B30,C34,PCS,256,6.54,C,C03,7.133317,1674.24,11942.88
43283,L15,11774,A20,B30,C34,PCS,705,6.54,C,C03,7.133317,4610.7,32889.58
43283,L15,11774,A20,B30,C34,PCS,603,6.54,C,C03,7.133317,3943.62,28131.09
43293,L15,12027,A12,B28,C37,PCS,120,2.53,C,C08,1.496196,303.6,454.25
43293,L15,12027,A12,B28,C37,PCS,158,2.53,C,C08,1.496196,399.74,598.09
43293,L15,12027,A12,B28,C37,PCS,431,2.53,C,C08,1.496196,1090.43,1631.5
43293,L15,12027,A12,B28,C37,PCS,171,2.53,C,C08,1.496196,432.63,647.3
43293,L15,12027,A12,B28,C37,PCS,273,2.53,C,C08,1.496196,690.69,1033.41
43293,L15,12027,A12,B28,C37,PCS,887,2.53,C,C08,1.496196,2244.11,3357.63
43293,L15,12027,A12,B28,C37,PCS,782,2.53,C,C08,1.496196,1978.46,2960.16
43293,L15,12027,A12,B28,C37,PCS,390,2.53,C,C08,1.496196,986.7,1476.3
43293,L15,12027,A12,B28,C37,PCS,448,2.53,C,C08,1.496196,1133.44,1695.85
43293,L15,12027,A12,B28,C37,PCS,522,2.53,C,C08,1.496196,1320.66,1975.97
43298,L15,12165,A20,B24,C40,PCS,712,5.24,D,C06,3.547054,3730.88,13233.63
43298,L15,12165,A20,B24,C40,PCS,972,5.24,D,C06,3.547054,5093.28,18066.14
43298,L15,12165,A20,B24,C40,PCS,82,5.24,D,C06,3.547054,429.68,1524.1
43298,L15,12165,A20,B24,C40,PCS,983,5.24,D,C06,3.547054,5150.92,18270.59
43298,L15,12165,A20,B24,C40,PCS,636,5.24,D,C06,3.547054,3332.64,11821.05
43298,L15,12165,A20,B24,C40,PCS,306,5.24,D,C06,3.547054,1603.44,5687.49
43298,L15,12165,A20,B24,C40,PCS,167,5.24,D,C06,3.547054,875.08,3103.96
43298,L15,12165,A20,B24,C40,PCS,247,5.24,D,C06,3.547054,1294.28,4590.88
43298,L15,12165,A20,B24,C40,PCS,149,5.24,D,C06,3.547054,780.76,2769.4
43298,L15,12165,A20,B24,C40,PCS,633,5.24,D,C06,3.547054,3316.92,11765.29
43288,L15,12411,A18,B30,C37,PCS,537,7.23,D,C02,9.912483,3882.51,38485.31
43288,L15,12411,A18,B30,C37,PCS,644,7.23,D,C02,9.912483,4656.12,46153.71
43288,L15,12411,A18,B30,C37,PCS,551,7.23,D,C02,9.912483,3983.73,39488.66
43288,L15,12411,A18,B30,C37,PCS,475,7.23,D,C02,9.912483,3434.25,34041.94
43288,L15,12411,A18,B30,C37,PCS,494,7.23,D,C02,9.912483,3571.62,35403.62
43288,L15,12411,A18,B30,C37,PCS,156,7.23,D,C02,9.912483,1127.88,11180.09
43288,L15,12411,A18,B30,C37,PCS,255,7.23,D,C02,9.912483,1843.65,18275.15
43288,L15,12411,A18,B30,C37,PCS,341,7.23,D,C02,9.912483,2465.43,24438.53
43288,L15,12411,A18,B30,C37,PCS,707,7.23,D,C02,9.912483,5111.61,50668.75
43288,L15,12411,A18,B30,C37,PCS,413,7.23,D,C02,9.912483,2985.99,29598.58
43284,L15,12633,A12,B20,C33,PCS,180,4.32,D,C05,3.40242,777.6,2645.72
43284,L15,12633,A12,B20,C33,PCS,490,4.32,D,C05,3.40242,2116.8,7202.24
43284,L15,12633,A12,B20,C33,PCS,732,4.32,D,C05,3.40242,3162.24,10759.27
43284,L15,12633,A12,B20,C33,PCS,67,4.32,D,C05,3.40242,289.44,984.8
43284,L15,12633,A12,B20,C33,PCS,985,4.32,D,C05,3.40242,4255.2,14477.98
43284,L15,12633,A12,B20,C33,PCS,761,4.32,D,C05,3.40242,3287.52,11185.52
43284,L15,12633,A12,B20,C33,PCS,821,4.32,D,C05,3.40242,3546.72,12067.43
43284,L15,12633,A12,B20,C33,PCS,189,4.32,D,C05,3.40242,816.48,2778.01
43284,L15,12633,A12,B20,C33,PCS,830,4.32,D,C05,3.40242,3585.6,12199.72
43284,L15,12633,A12,B20,C33,PCS,148,4.32,D,C05,3.40242,639.36,2175.37
43282,L15,12715,A10,B25,C40,PCS,576,7.73,C,C03,7.133317,4452.48,31760.95
43282,L15,12715,A10,B25,C40,PCS,863,7.73,C,C03,7.133317,6670.99,47586.29
43282,L15,12715,A10,B25,C40,PCS,262,7.73,C,C03,7.133317,2025.26,14446.82
43282,L15,12715,A10,B25,C40,PCS,265,7.73,C,C03,7.133317,2048.45,14612.24
43282,L15,12715,A10,B25,C40,PCS,428,7.73,C,C03,7.133317,3308.44,23600.15
43282,L15,12715,A10,B25,C40,PCS,517,7.73,C,C03,7.133317,3996.41,28507.66
43282,L15,12715,A10,B25,C40,PCS,539,7.73,C,C03,7.133317,4166.47,29720.75
43282,L15,12715,A10,B25,C40,PCS,806,7.73,C,C03,7.133317,6230.38,44443.28
43282,L15,12715,A10,B25,C40,PCS,996,7.73,C,C03,7.133317,7699.08,54919.98
43282,L15,12715,A10,B25,C40,PCS,391,7.73,C,C03,7.133317,3022.43,21559.95
43292,L15,12738,A19,B24,C37,PCS,347,4.89,C,C05,3.40242,1696.83,5773.33
43292,L15,12738,A19,B24,C37,PCS,475,4.89,C,C05,3.40242,2322.75,7902.97
43292,L15,12738,A19,B24,C37,PCS,988,4.89,C,C05,3.40242,4831.32,16438.18
43292,L15,12738,A19,B24,C37,PCS,53,4.89,C,C05,3.40242,259.17,881.81
43292,L15,12738,A19,B24,C37,PCS,575,4.89,C,C05,3.40242,2811.75,9566.75
43292,L15,12738,A19,B24,C37,PCS,406,4.89,C,C05,3.40242,1985.34,6754.96
43292,L15,12738,A19,B24,C37,PCS,603,4.89,C,C05,3.40242,2948.67,10032.61
43292,L15,12738,A19,B24,C37,PCS,818,4.89,C,C05,3.40242,4000.02,13609.75
43292,L15,12738,A19,B24,C37,PCS,205,4.89,C,C05,3.40242,1002.45,3410.76
43292,L15,12738,A19,B24,C37,PCS,854,4.89,C,C05,3.40242,4176.06,14208.71
43288,L15,12770,A15,B23,C35,PCS,270,7.23,C,C02,9.912483,1952.1,19350.16
43288,L15,12770,A15,B23,C35,PCS,673,7.23,C,C02,9.912483,4865.79,48232.06
43288,L15,12770,A15,B23,C35,PCS,169,7.23,C,C02,9.912483,1221.87,12111.77
43288,L15,12770,A15,B23,C35,PCS,417,7.23,C,C02,9.912483,3014.91,29885.24
43288,L15,12770,A15,B23,C35,PCS,293,7.23,C,C02,9.912483,2118.39,20998.5
43288,L15,12770,A15,B23,C35,PCS,249,7.23,C,C02,9.912483,1800.27,17845.15
43288,L15,12770,A15,B23,C35,PCS,66,7.23,C,C02,9.912483,477.18,4730.04
43288,L15,12770,A15,B23,C35,PCS,890,7.23,C,C02,9.912483,6434.7,63783.85
43288,L15,12770,A15,B23,C35,PCS,606,7.23,C,C02,9.912483,4381.38,43430.35
43288,L15,12770,A15,B23,C35,PCS,848,7.23,C,C02,9.912483,6131.04,60773.83
43297,L15,12791,A13,B21,C33,PCS,825,6.3,D,C03,7.133317,5197.5,37075.42
43297,L15,12791,A13,B21,C33,PCS,369,6.3,D,C03,7.133317,2324.7,16582.82
43297,L15,12791,A13,B21,C33,PCS,253,6.3,D,C03,7.133317,1593.9,11369.79
43297,L15,12791,A13,B21,C33,PCS,933,6.3,D,C03,7.133317,5877.9,41928.92
43297,L15,12791,A13,B21,C33,PCS,399,6.3,D,C03,7.133317,2513.7,17931.02
43297,L15,12791,A13,B21,C33,PCS,281,6.3,D,C03,7.133317,1770.3,12628.11
43297,L15,12791,A13,B21,C33,PCS,784,6.3,D,C03,7.133317,4939.2,35232.88
43297,L15,12791,A13,B21,C33,PCS,696,6.3,D,C03,7.133317,4384.8,31278.17
43297,L15,12791,A13,B21,C33,PCS,329,6.3,D,C03,7.133317,2072.7,14785.23
43297,L15,12791,A13,B21,C33,PCS,52,6.3,D,C03,7.133317,327.6,2336.87
43297,L15,13196,A12,B21,C39,PCS,532,2.15,D,C02,9.912483,1143.8,11337.9
43297,L15,13196,A12,B21,C39,PCS,371,2.15,D,C02,9.912483,797.65,7906.69
43297,L15,13196,A12,B21,C39,PCS,384,2.15,D,C02,9.912483,825.6,8183.75
43297,L15,13196,A12,B21,C39,PCS,261,2.15,D,C02,9.912483,561.15,5562.39
43297,L15,13196,A12,B21,C39,PCS,491,2.15,D,C02,9.912483,1055.65,10464.11
43297,L15,13196,A12,B21,C39,PCS,671,2.15,D,C02,9.912483,1442.65,14300.24
43297,L15,13196,A12,B21,C39,PCS,193,2.15,D,C02,9.912483,414.95,4113.18
43297,L15,13196,A12,B21,C39,PCS,889,2.15,D,C02,9.912483,1911.35,18946.22
43297,L15,13196,A12,B21,C39,PCS,253,2.15,D,C02,9.912483,543.95,5391.9
43297,L15,13196,A12,B21,C39,PCS,17,2.15,D,C02,9.912483,36.55,362.3
43282,L15,13346,A17,B22,C39,PCS,149,1.11,D,C02,9.912483,165.39,1639.43
43282,L15,13346,A17,B22,C39,PCS,838,1.11,D,C02,9.912483,930.18,9220.39
43282,L15,13346,A17,B22,C39,PCS,15,1.11,D,C02,9.912483,16.65,165.04
43282,L15,13346,A17,B22,C39,PCS,143,1.11,D,C02,9.912483,158.73,1573.41
43282,L15,13346,A17,B22,C39,PCS,533,1.11,D,C02,9.912483,591.63,5864.52
43282,L15,13346,A17,B22,C39,PCS,696,1.11,D,C02,9.912483,772.56,7657.99
43282,L15,13346,A17,B22,C39,PCS,218,1.11,D,C02,9.912483,241.98,2398.62
43282,L15,13346,A17,B22,C39,PCS,535,1.11,D,C02,9.912483,593.85,5886.53
43282,L15,13346,A17,B22,C39,PCS,152,1.11,D,C02,9.912483,168.72,1672.43
43282,L15,13346,A17,B22,C39,PCS,205,1.11,D,C02,9.912483,227.55,2255.59
43297,L15,13389,A10,B21,C40,PCS,376,6.3,D,C03,7.133317,2368.8,16897.4
43297,L15,13389,A10,B21,C40,PCS,64,6.3,D,C03,7.133317,403.2,2876.15
43297,L15,13389,A10,B21,C40,PCS,899,6.3,D,C03,7.133317,5663.7,40400.97
43297,L15,13389,A10,B21,C40,PCS,430,6.3,D,C03,7.133317,2709,19324.16
43297,L15,13389,A10,B21,C40,PCS,267,6.3,D,C03,7.133317,1682.1,11998.95
43297,L15,13389,A10,B21,C40,PCS,742,6.3,D,C03,7.133317,4674.6,33345.4
43297,L15,13389,A10,B21,C40,PCS,485,6.3,D,C03,7.133317,3055.5,21795.85
43297,L15,13389,A10,B21,C40,PCS,178,6.3,D,C03,7.133317,1121.4,7999.3
43297,L15,13389,A10,B21,C40,PCS,314,6.3,D,C03,7.133317,1978.2,14111.13
43297,L15,13389,A10,B21,C40,PCS,546,6.3,D,C03,7.133317,3439.8,24537.18
43298,L15,13440,A20,B29,C31,PCS,819,5.24,D,C06,3.547054,4291.56,15222.4
43298,L15,13440,A20,B29,C31,PCS,321,5.24,D,C06,3.547054,1682.04,5966.29
43298,L15,13440,A20,B29,C31,PCS,950,5.24,D,C06,3.547054,4978,17657.23
43298,L15,13440,A20,B29,C31,PCS,987,5.24,D,C06,3.547054,5171.88,18344.94
43298,L15,13440,A20,B29,C31,PCS,798,5.24,D,C06,3.547054,4181.52,14832.08
43298,L15,13440,A20,B29,C31,PCS,686,5.24,D,C06,3.547054,3594.64,12750.38
43298,L15,13440,A20,B29,C31,PCS,445,5.24,D,C06,3.547054,2331.8,8271.02
43298,L15,13440,A20,B29,C31,PCS,114,5.24,D,C06,3.547054,597.36,2118.87
43298,L15,13440,A20,B29,C31,PCS,666,5.24,D,C06,3.547054,3489.84,12378.65
43298,L15,13440,A20,B29,C31,PCS,38,5.24,D,C06,3.547054,199.12,706.29
43285,L15,13576,A12,B20,C31,PCS,985,2.78,D,C09,1.199464,2738.3,3284.49
43285,L15,13576,A12,B20,C31,PCS,500,2.78,D,C09,1.199464,1390,1667.25
43285,L15,13576,A12,B20,C31,PCS,736,2.78,D,C09,1.199464,2046.08,2454.2
43285,L15,13576,A12,B20,C31,PCS,983,2.78,D,C09,1.199464,2732.74,3277.82
43285,L15,13576,A12,B20,C31,PCS,488,2.78,D,C09,1.199464,1356.64,1627.24
43285,L15,13576,A12,B20,C31,PCS,434,2.78,D,C09,1.199464,1206.52,1447.18
43285,L15,13576,A12,B20,C31,PCS,411,2.78,D,C09,1.199464,1142.58,1370.48
43285,L15,13576,A12,B20,C31,PCS,457,2.78,D,C09,1.199464,1270.46,1523.87
43285,L15,13576,A12,B20,C31,PCS,536,2.78,D,C09,1.199464,1490.08,1787.3
43285,L15,13576,A12,B20,C31,PCS,540,2.78,D,C09,1.199464,1501.2,1800.64
43291,L15,13732,A15,B28,C36,PCS,21,3.48,D,C01,6.825646,73.08,498.82
43291,L15,13732,A15,B28,C36,PCS,282,3.48,D,C01,6.825646,981.36,6698.42
43291,L15,13732,A15,B28,C36,PCS,600,3.48,D,C01,6.825646,2088,14251.95
43291,L15,13732,A15,B28,C36,PCS,315,3.48,D,C01,6.825646,1096.2,7482.27
43291,L15,13732,A15,B28,C36,PCS,722,3.48,D,C01,6.825646,2512.56,17149.85
43291,L15,13732,A15,B28,C36,PCS,543,3.48,D,C01,6.825646,1889.64,12898.01
43291,L15,13732,A15,B28,C36,PCS,853,3.48,D,C01,6.825646,2968.44,20261.52
43291,L15,13732,A15,B28,C36,PCS,930,3.48,D,C01,6.825646,3236.4,22090.52
43291,L15,13732,A15,B28,C36,PCS,934,3.48,D,C01,6.825646,3250.32,22185.53
43291,L15,13732,A15,B28,C36,PCS,445,3.48,D,C01,6.825646,1548.6,10570.2
43289,L15,13804,A10,B21,C32,PCS,901,9.3,D,C08,1.496196,8379.3,12537.08
43289,L15,13804,A10,B21,C32,PCS,672,9.3,D,C08,1.496196,6249.6,9350.63
43289,L15,13804,A10,B21,C32,PCS,236,9.3,D,C08,1.496196,2194.8,3283.85
43289,L15,13804,A10,B21,C32,PCS,682,9.3,D,C08,1.496196,6342.6,9489.77
43289,L15,13804,A10,B21,C32,PCS,190,9.3,D,C08,1.496196,1767,2643.78
43289,L15,13804,A10,B21,C32,PCS,52,9.3,D,C08,1.496196,483.6,723.56
43289,L15,13804,A10,B21,C32,PCS,922,9.3,D,C08,1.496196,8574.6,12829.28
43289,L15,13804,A10,B21,C32,PCS,953,9.3,D,C08,1.496196,8862.9,13260.64
43289,L15,13804,A10,B21,C32,PCS,745,9.3,D,C08,1.496196,6928.5,10366.39
43289,L15,13804,A10,B21,C32,PCS,975,9.3,D,C08,1.496196,9067.5,13566.76
43292,L15,13828,A19,B29,C38,PCS,138,2.98,C,C09,1.199464,411.24,493.27
43292,L15,13828,A19,B29,C38,PCS,564,2.98,C,C09,1.199464,1680.72,2015.96
43292,L15,13828,A19,B29,C38,PCS,985,2.98,C,C09,1.199464,2935.3,3520.79
43292,L15,13828,A19,B29,C38,PCS,860,2.98,C,C09,1.199464,2562.8,3073.99
43292,L15,13828,A19,B29,C38,PCS,134,2.98,C,C09,1.199464,399.32,478.97
43292,L15,13828,A19,B29,C38,PCS,825,2.98,C,C09,1.199464,2458.5,2948.88
43292,L15,13828,A19,B29,C38,PCS,393,2.98,C,C09,1.199464,1171.14,1404.74
43292,L15,13828,A19,B29,C38,PCS,999,2.98,C,C09,1.199464,2977.02,3570.83
43292,L15,13828,A19,B29,C38,PCS,732,2.98,C,C09,1.199464,2181.36,2616.46
43292,L15,13828,A19,B29,C38,PCS,838,2.98,C,C09,1.199464,2497.24,2995.35
43296,L15,13833,A16,B22,C38,PCS,331,4.83,C,C06,3.547054,1598.73,5670.78
43296,L15,13833,A16,B22,C38,PCS,623,4.83,C,C06,3.547054,3009.09,10673.4
43296,L15,13833,A16,B22,C38,PCS,218,4.83,C,C06,3.547054,1052.94,3734.84
43296,L15,13833,A16,B22,C38,PCS,360,4.83,C,C06,3.547054,1738.8,6167.62
43296,L15,13833,A16,B22,C38,PCS,118,4.83,C,C06,3.547054,569.94,2021.61
43296,L15,13833,A16,B22,C38,PCS,274,4.83,C,C06,3.547054,1323.42,4694.24
43296,L15,13833,A16,B22,C38,PCS,363,4.83,C,C06,3.547054,1753.29,6219.01
43296,L15,13833,A16,B22,C38,PCS,444,4.83,C,C06,3.547054,2144.52,7606.73
43296,L15,13833,A16,B22,C38,PCS,77,4.83,C,C06,3.547054,371.91,1319.18
43296,L15,13833,A16,B22,C38,PCS,10,4.83,C,C06,3.547054,48.3,171.32
43282,L15,14037,A16,B23,C38,PCS,578,8.98,D,C04,5.388146,5190.44,27966.85
43282,L15,14037,A16,B23,C38,PCS,82,8.98,D,C04,5.388146,736.36,3967.62
43282,L15,14037,A16,B23,C38,PCS,229,8.98,D,C04,5.388146,2056.42,11080.29
43282,L15,14037,A16,B23,C38,PCS,377,8.98,D,C04,5.388146,3385.46,18241.35
43282,L15,14037,A16,B23,C38,PCS,624,8.98,D,C04,5.388146,5603.52,30192.58
43282,L15,14037,A16,B23,C38,PCS,557,8.98,D,C04,5.388146,5001.86,26950.75
43282,L15,14037,A16,B23,C38,PCS,444,8.98,D,C04,5.388146,3987.12,21483.18
43282,L15,14037,A16,B23,C38,PCS,948,8.98,D,C04,5.388146,8513.04,45869.5
43282,L15,14037,A16,B23,C38,PCS,35,8.98,D,C04,5.388146,314.3,1693.49
43282,L15,14037,A16,B23,C38,PCS,994,8.98,D,C04,5.388146,8926.12,48095.24
43291,L15,14340,A15,B25,C36,PCS,312,3.22,C,C07,1.358577,1004.64,1364.88
43297,L15,14340,A17,B22,C31,PCS,454,2.15,C,C02,9.912483,976.1,9675.57
43291,L15,14340,A15,B25,C36,PCS,947,3.22,C,C07,1.358577,3049.34,4142.76
43297,L15,14340,A17,B22,C31,PCS,688,2.15,C,C02,9.912483,1479.2,14662.54
43291,L15,14340,A15,B25,C36,PCS,516,3.22,C,C07,1.358577,1661.52,2257.3
43297,L15,14340,A17,B22,C31,PCS,517,2.15,C,C02,9.912483,1111.55,11018.22
43291,L15,14340,A15,B25,C36,PCS,637,3.22,C,C07,1.358577,2051.14,2786.63
43297,L15,14340,A17,B22,C31,PCS,938,2.15,C,C02,9.912483,2016.7,19990.5
43291,L15,14340,A15,B25,C36,PCS,311,3.22,C,C07,1.358577,1001.42,1360.51
43297,L15,14340,A17,B22,C31,PCS,458,2.15,C,C02,9.912483,984.7,9760.82
43291,L15,14340,A15,B25,C36,PCS,491,3.22,C,C07,1.358577,1581.02,2147.94
43297,L15,14340,A17,B22,C31,PCS,154,2.15,C,C02,9.912483,331.1,3282.02
43291,L15,14340,A15,B25,C36,PCS,835,3.22,C,C07,1.358577,2688.7,3652.81
43297,L15,14340,A17,B22,C31,PCS,886,2.15,C,C02,9.912483,1904.9,18882.29
43291,L15,14340,A15,B25,C36,PCS,929,3.22,C,C07,1.358577,2991.38,4064.02
43297,L15,14340,A17,B22,C31,PCS,74,2.15,C,C02,9.912483,159.1,1577.08
43291,L15,14340,A15,B25,C36,PCS,635,3.22,C,C07,1.358577,2044.7,2777.88
43297,L15,14340,A17,B22,C31,PCS,738,2.15,C,C02,9.912483,1586.7,15728.14
43291,L15,14340,A15,B25,C36,PCS,338,3.22,C,C07,1.358577,1088.36,1478.62
43297,L15,14340,A17,B22,C31,PCS,290,2.15,C,C02,9.912483,623.5,6180.43
43286,L15,14480,A19,B22,C36,PCS,630,3.01,D,C08,1.496196,1896.3,2837.24
43286,L15,14480,A19,B22,C36,PCS,131,3.01,D,C08,1.496196,394.31,589.97
43286,L15,14480,A19,B22,C36,PCS,641,3.01,D,C08,1.496196,1929.41,2886.78
43286,L15,14480,A19,B22,C36,PCS,136,3.01,D,C08,1.496196,409.36,612.48
43286,L15,14480,A19,B22,C36,PCS,51,3.01,D,C08,1.496196,153.51,229.68
43286,L15,14480,A19,B22,C36,PCS,1,3.01,D,C08,1.496196,3.01,4.5
43286,L15,14480,A19,B22,C36,PCS,794,3.01,D,C08,1.496196,2389.94,3575.82
43286,L15,14480,A19,B22,C36,PCS,243,3.01,D,C08,1.496196,731.43,1094.36
43286,L15,14480,A19,B22,C36,PCS,154,3.01,D,C08,1.496196,463.54,693.55
43286,L15,14480,A19,B22,C36,PCS,186,3.01,D,C08,1.496196,559.86,837.66
43286,L15,14584,A12,B27,C30,PCS,219,3.01,D,C08,1.496196,659.19,986.28
43286,L15,14584,A12,B27,C30,PCS,801,3.01,D,C08,1.496196,2411.01,3607.34
43286,L15,14584,A12,B27,C30,PCS,289,3.01,D,C08,1.496196,869.89,1301.53
43286,L15,14584,A12,B27,C30,PCS,598,3.01,D,C08,1.496196,1799.98,2693.12
43286,L15,14584,A12,B27,C30,PCS,529,3.01,D,C08,1.496196,1592.29,2382.38
43286,L15,14584,A12,B27,C30,PCS,495,3.01,D,C08,1.496196,1489.95,2229.26
43286,L15,14584,A12,B27,C30,PCS,189,3.01,D,C08,1.496196,568.89,851.17
43286,L15,14584,A12,B27,C30,PCS,216,3.01,D,C08,1.496196,650.16,972.77
43286,L15,14584,A12,B27,C30,PCS,38,3.01,D,C08,1.496196,114.38,171.13
43286,L15,14584,A12,B27,C30,PCS,462,3.01,D,C08,1.496196,1390.62,2080.64
43286,L15,15179,A14,B30,C31,PCS,191,7.24,D,C06,3.547054,1382.84,4905.01
43286,L15,15179,A14,B30,C31,PCS,448,7.24,D,C06,3.547054,3243.52,11504.94
43286,L15,15179,A14,B30,C31,PCS,487,7.24,D,C06,3.547054,3525.88,12506.49
43286,L15,15179,A14,B30,C31,PCS,142,7.24,D,C06,3.547054,1028.08,3646.66
43286,L15,15179,A14,B30,C31,PCS,940,7.24,D,C06,3.547054,6805.6,24139.83
43286,L15,15179,A14,B30,C31,PCS,64,7.24,D,C06,3.547054,463.36,1643.56
43286,L15,15179,A14,B30,C31,PCS,173,7.24,D,C06,3.547054,1252.52,4442.76
43286,L15,15179,A14,B30,C31,PCS,635,7.24,D,C06,3.547054,4597.4,16307.23
43286,L15,15179,A14,B30,C31,PCS,717,7.24,D,C06,3.547054,5191.08,18413.04
43286,L15,15179,A14,B30,C31,PCS,671,7.24,D,C06,3.547054,4858.04,17231.73
43290,L15,15361,A13,B30,C34,PCS,750,3.25,D,C10,8.657656,2437.5,21103.04
43290,L15,15361,A13,B30,C34,PCS,344,3.25,D,C10,8.657656,1118,9679.26
43290,L15,15361,A13,B30,C34,PCS,292,3.25,D,C10,8.657656,949,8216.12
43290,L15,15361,A13,B30,C34,PCS,501,3.25,D,C10,8.657656,1628.25,14096.83
43290,L15,15361,A13,B30,C34,PCS,298,3.25,D,C10,8.657656,968.5,8384.94
43290,L15,15361,A13,B30,C34,PCS,851,3.25,D,C10,8.657656,2765.75,23944.91
43290,L15,15361,A13,B30,C34,PCS,864,3.25,D,C10,8.657656,2808,24310.7
43290,L15,15361,A13,B30,C34,PCS,270,3.25,D,C10,8.657656,877.5,7597.09
43290,L15,15361,A13,B30,C34,PCS,165,3.25,D,C10,8.657656,536.25,4642.67
43290,L15,15361,A13,B30,C34,PCS,324,3.25,D,C10,8.657656,1053,9116.51
43292,L15,15491,A11,B23,C38,PCS,567,2.98,D,C09,1.199464,1689.66,2026.69
43292,L15,15491,A11,B23,C38,PCS,973,2.98,D,C09,1.199464,2899.54,3477.89
43292,L15,15491,A11,B23,C38,PCS,588,2.98,D,C09,1.199464,1752.24,2101.75
43292,L15,15491,A11,B23,C38,PCS,160,2.98,D,C09,1.199464,476.8,571.9
43292,L15,15491,A11,B23,C38,PCS,163,2.98,D,C09,1.199464,485.74,582.63
43292,L15,15491,A11,B23,C38,PCS,667,2.98,D,C09,1.199464,1987.66,2384.13
43292,L15,15491,A11,B23,C38,PCS,400,2.98,D,C09,1.199464,1192,1429.76
43292,L15,15491,A11,B23,C38,PCS,233,2.98,D,C09,1.199464,694.34,832.84
43292,L15,15491,A11,B23,C38,PCS,250,2.98,D,C09,1.199464,745,893.6
43292,L15,15491,A11,B23,C38,PCS,479,2.98,D,C09,1.199464,1427.42,1712.14
43292,L15,15604,A12,B25,C38,PCS,608,9.37,C,C05,3.40242,5696.96,19383.45
43292,L15,15604,A12,B25,C38,PCS,572,9.37,C,C05,3.40242,5359.64,18235.75
43292,L15,15604,A12,B25,C38,PCS,594,9.37,C,C05,3.40242,5565.78,18937.12
43292,L15,15604,A12,B25,C38,PCS,974,9.37,C,C05,3.40242,9126.38,31051.78
43292,L15,15604,A12,B25,C38,PCS,495,9.37,C,C05,3.40242,4638.15,15780.93
43292,L15,15604,A12,B25,C38,PCS,740,9.37,C,C05,3.40242,6933.8,23591.7
43292,L15,15604,A12,B25,C38,PCS,102,9.37,C,C05,3.40242,955.74,3251.83
43292,L15,15604,A12,B25,C38,PCS,788,9.37,C,C05,3.40242,7383.56,25121.97
43292,L15,15604,A12,B25,C38,PCS,243,9.37,C,C05,3.40242,2276.91,7747
43292,L15,15604,A12,B25,C38,PCS,400,9.37,C,C05,3.40242,3748,12752.27
43298,L15,15695,A16,B20,C34,PCS,212,8.96,D,C01,6.825646,1899.52,12965.45
43298,L15,15695,A16,B20,C34,PCS,519,8.96,D,C01,6.825646,4650.24,31740.89
43298,L15,15695,A16,B20,C34,PCS,94,8.96,D,C01,6.825646,842.24,5748.83
43298,L15,15695,A16,B20,C34,PCS,224,8.96,D,C01,6.825646,2007.04,13699.34
43298,L15,15695,A16,B20,C34,PCS,128,8.96,D,C01,6.825646,1146.88,7828.2
43298,L15,15695,A16,B20,C34,PCS,223,8.96,D,C01,6.825646,1998.08,13638.19
43298,L15,15695,A16,B20,C34,PCS,726,8.96,D,C01,6.825646,6504.96,44400.55
43298,L15,15695,A16,B20,C34,PCS,969,8.96,D,C01,6.825646,8682.24,59261.9
43298,L15,15695,A16,B20,C34,PCS,628,8.96,D,C01,6.825646,5626.88,38407.09
43298,L15,15695,A16,B20,C34,PCS,741,8.96,D,C01,6.825646,6639.36,45317.92
43289,L15,15730,A11,B25,C40,PCS,234,2.09,C,C06,3.547054,489.06,1734.72
43289,L15,15730,A11,B25,C40,PCS,664,2.09,C,C06,3.547054,1387.76,4922.46
43289,L15,15730,A11,B25,C40,PCS,254,2.09,C,C06,3.547054,530.86,1882.99
43289,L15,15730,A11,B25,C40,PCS,818,2.09,C,C06,3.547054,1709.62,6064.11
43289,L15,15730,A11,B25,C40,PCS,531,2.09,C,C06,3.547054,1109.79,3936.49
43289,L15,15730,A11,B25,C40,PCS,272,2.09,C,C06,3.547054,568.48,2016.43
43289,L15,15730,A11,B25,C40,PCS,947,2.09,C,C06,3.547054,1979.23,7020.44
43289,L15,15730,A11,B25,C40,PCS,29,2.09,C,C06,3.547054,60.61,214.99
43289,L15,15730,A11,B25,C40,PCS,310,2.09,C,C06,3.547054,647.9,2298.14
43289,L15,15730,A11,B25,C40,PCS,974,2.09,C,C06,3.547054,2035.66,7220.6
43283,L15,16355,A11,B23,C33,PCS,795,6.54,C,C03,7.133317,5199.3,37088.26
43283,L15,16355,A11,B23,C33,PCS,163,6.54,C,C03,7.133317,1066.02,7604.26
43283,L15,16355,A11,B23,C33,PCS,905,6.54,C,C03,7.133317,5918.7,42219.96
43283,L15,16355,A11,B23,C33,PCS,674,6.54,C,C03,7.133317,4407.96,31443.38
43283,L15,16355,A11,B23,C33,PCS,968,6.54,C,C03,7.133317,6330.72,45159.03
43283,L15,16355,A11,B23,C33,PCS,254,6.54,C,C03,7.133317,1661.16,11849.58
43283,L15,16355,A11,B23,C33,PCS,935,6.54,C,C03,7.133317,6114.9,43619.52
43283,L15,16355,A11,B23,C33,PCS,811,6.54,C,C03,7.133317,5303.94,37834.69
43283,L15,16355,A11,B23,C33,PCS,273,6.54,C,C03,7.133317,1785.42,12735.97
43283,L15,16355,A11,B23,C33,PCS,512,6.54,C,C03,7.133317,3348.48,23885.77
43286,L15,16429,A17,B23,C36,PCS,631,3.01,C,C08,1.496196,1899.31,2841.74
43286,L15,16429,A17,B23,C36,PCS,242,3.01,C,C08,1.496196,728.42,1089.86
43286,L15,16429,A17,B23,C36,PCS,77,3.01,C,C08,1.496196,231.77,346.77
43286,L15,16429,A17,B23,C36,PCS,326,3.01,C,C08,1.496196,981.26,1468.16
43286,L15,16429,A17,B23,C36,PCS,877,3.01,C,C08,1.496196,2639.77,3949.61
43286,L15,16429,A17,B23,C36,PCS,906,3.01,C,C08,1.496196,2727.06,4080.22
43286,L15,16429,A17,B23,C36,PCS,937,3.01,C,C08,1.496196,2820.37,4219.83
43286,L15,16429,A17,B23,C36,PCS,357,3.01,C,C08,1.496196,1074.57,1607.77
43286,L15,16429,A17,B23,C36,PCS,688,3.01,C,C08,1.496196,2070.88,3098.44
43286,L15,16429,A17,B23,C36,PCS,458,3.01,C,C08,1.496196,1378.58,2062.63
43284,L15,16472,A17,B24,C30,PCS,769,3.7,D,C10,8.657656,2845.3,24633.63
43284,L15,16472,A17,B24,C30,PCS,482,3.7,D,C10,8.657656,1783.4,15440.06
43284,L15,16472,A17,B24,C30,PCS,540,3.7,D,C10,8.657656,1998,17298
43284,L15,16472,A17,B24,C30,PCS,196,3.7,D,C10,8.657656,725.2,6278.53
43284,L15,16472,A17,B24,C30,PCS,703,3.7,D,C10,8.657656,2601.1,22519.43
43284,L15,16472,A17,B24,C30,PCS,534,3.7,D,C10,8.657656,1975.8,17105.8
43284,L15,16472,A17,B24,C30,PCS,971,3.7,D,C10,8.657656,3592.7,31104.36
43284,L15,16472,A17,B24,C30,PCS,569,3.7,D,C10,8.657656,2105.3,18226.96
43284,L15,16472,A17,B24,C30,PCS,584,3.7,D,C10,8.657656,2160.8,18707.46
43284,L15,16472,A17,B24,C30,PCS,889,3.7,D,C10,8.657656,3289.3,28477.63
43295,L15,16983,A10,B29,C40,PCS,234,3.01,C,C04,5.388146,704.34,3795.09
43295,L15,16983,A10,B29,C40,PCS,654,3.01,C,C04,5.388146,1968.54,10606.78
43295,L15,16983,A10,B29,C40,PCS,504,3.01,C,C04,5.388146,1517.04,8174.03
43295,L15,16983,A10,B29,C40,PCS,37,3.01,C,C04,5.388146,111.37,600.08
43295,L15,16983,A10,B29,C40,PCS,620,3.01,C,C04,5.388146,1866.2,10055.36
43295,L15,16983,A10,B29,C40,PCS,588,3.01,C,C04,5.388146,1769.88,9536.37
43295,L15,16983,A10,B29,C40,PCS,69,3.01,C,C04,5.388146,207.69,1119.06
43295,L15,16983,A10,B29,C40,PCS,396,3.01,C,C04,5.388146,1191.96,6422.45
43295,L15,16983,A10,B29,C40,PCS,76,3.01,C,C04,5.388146,228.76,1232.59
43295,L15,16983,A10,B29,C40,PCS,125,3.01,C,C04,5.388146,376.25,2027.29
43292,L15,17412,A11,B27,C34,PCS,196,4.89,C,C05,3.40242,958.44,3261.02
43292,L15,17412,A11,B27,C34,PCS,443,4.89,C,C05,3.40242,2166.27,7370.56
43292,L15,17412,A11,B27,C34,PCS,843,4.89,C,C05,3.40242,4122.27,14025.69
43292,L15,17412,A11,B27,C34,PCS,255,4.89,C,C05,3.40242,1246.95,4242.65
43292,L15,17412,A11,B27,C34,PCS,893,4.89,C,C05,3.40242,4366.77,14857.59
43292,L15,17412,A11,B27,C34,PCS,327,4.89,C,C05,3.40242,1599.03,5440.57
43292,L15,17412,A11,B27,C34,PCS,292,4.89,C,C05,3.40242,1427.88,4858.25
43292,L15,17412,A11,B27,C34,PCS,501,4.89,C,C05,3.40242,2449.89,8335.55
43292,L15,17412,A11,B27,C34,PCS,462,4.89,C,C05,3.40242,2259.18,7686.68
43292,L15,17412,A11,B27,C34,PCS,379,4.89,C,C05,3.40242,1853.31,6305.74
43292,L15,17744,A16,B21,C34,PCS,618,9.37,C,C05,3.40242,5790.66,19702.26
43292,L15,17744,A16,B21,C34,PCS,186,9.37,C,C05,3.40242,1742.82,5929.81
43292,L15,17744,A16,B21,C34,PCS,375,9.37,C,C05,3.40242,3513.75,11955.25
43292,L15,17744,A16,B21,C34,PCS,360,9.37,C,C05,3.40242,3373.2,11477.04
43292,L15,17744,A16,B21,C34,PCS,971,9.37,C,C05,3.40242,9098.27,30956.14
43292,L15,17744,A16,B21,C34,PCS,767,9.37,C,C05,3.40242,7186.79,24452.48
43292,L15,17744,A16,B21,C34,PCS,993,9.37,C,C05,3.40242,9304.41,31657.51
43292,L15,17744,A16,B21,C34,PCS,966,9.37,C,C05,3.40242,9051.42,30796.73
43292,L15,17744,A16,B21,C34,PCS,289,9.37,C,C05,3.40242,2707.93,9213.52
43292,L15,17744,A16,B21,C34,PCS,13,9.37,C,C05,3.40242,121.81,414.45
43288,L15,17745,A20,B23,C34,PCS,621,7.23,D,C02,9.912483,4489.83,44505.36
43288,L15,17745,A20,B23,C34,PCS,605,7.23,D,C02,9.912483,4374.15,43358.69
43288,L15,17745,A20,B23,C34,PCS,331,7.23,D,C02,9.912483,2393.13,23721.86
43288,L15,17745,A20,B23,C34,PCS,229,7.23,D,C02,9.912483,1655.67,16411.8
43288,L15,17745,A20,B23,C34,PCS,794,7.23,D,C02,9.912483,5740.62,56903.8
43288,L15,17745,A20,B23,C34,PCS,499,7.23,D,C02,9.912483,3607.77,35761.96
43288,L15,17745,A20,B23,C34,PCS,927,7.23,D,C02,9.912483,6702.21,66435.54
43288,L15,17745,A20,B23,C34,PCS,375,7.23,D,C02,9.912483,2711.25,26875.22
43288,L15,17745,A20,B23,C34,PCS,549,7.23,D,C02,9.912483,3969.27,39345.32
43288,L15,17745,A20,B23,C34,PCS,311,7.23,D,C02,9.912483,2248.53,22288.52
43288,L15,17809,A14,B30,C32,PCS,475,7.23,D,C02,9.912483,3434.25,34041.94
43288,L15,17809,A14,B30,C32,PCS,155,7.23,D,C02,9.912483,1120.65,11108.42
43288,L15,17809,A14,B30,C32,PCS,866,7.23,D,C02,9.912483,6261.18,62063.84
43288,L15,17809,A14,B30,C32,PCS,824,7.23,D,C02,9.912483,5957.52,59053.82
43288,L15,17809,A14,B30,C32,PCS,23,7.23,D,C02,9.912483,166.29,1648.35
43288,L15,17809,A14,B30,C32,PCS,53,7.23,D,C02,9.912483,383.19,3798.36
43288,L15,17809,A14,B30,C32,PCS,252,7.23,D,C02,9.912483,1821.96,18060.15
43288,L15,17809,A14,B30,C32,PCS,21,7.23,D,C02,9.912483,151.83,1505.01
43288,L15,17809,A14,B30,C32,PCS,545,7.23,D,C02,9.912483,3940.35,39058.65
43288,L15,17809,A14,B30,C32,PCS,897,7.23,D,C02,9.912483,6485.31,64285.53
43298,L15,18448,A18,B30,C30,PCS,718,2.79,D,C03,7.133317,2003.22,14289.6
43298,L15,18448,A18,B30,C30,PCS,978,2.79,D,C03,7.133317,2728.62,19464.11
43298,L15,18448,A18,B30,C30,PCS,254,2.79,D,C03,7.133317,708.66,5055.1
43298,L15,18448,A18,B30,C30,PCS,767,2.79,D,C03,7.133317,2139.93,15264.8
43298,L15,18448,A18,B30,C30,PCS,348,2.79,D,C03,7.133317,970.92,6925.88
43298,L15,18448,A18,B30,C30,PCS,520,2.79,D,C03,7.133317,1450.8,10349.02
43298,L15,18448,A18,B30,C30,PCS,185,2.79,D,C03,7.133317,516.15,3681.86
43298,L15,18448,A18,B30,C30,PCS,490,2.79,D,C03,7.133317,1367.1,9751.96
43298,L15,18448,A18,B30,C30,PCS,445,2.79,D,C03,7.133317,1241.55,8856.37
43298,L15,18448,A18,B30,C30,PCS,465,2.79,D,C03,7.133317,1297.35,9254.41
43298,L15,18498,A17,B25,C33,PCS,467,6.99,C,C09,1.199464,3264.33,3915.45
43298,L15,18498,A17,B25,C33,PCS,408,6.99,C,C09,1.199464,2851.92,3420.78
43298,L15,18498,A17,B25,C33,PCS,483,6.99,C,C09,1.199464,3376.17,4049.59
43298,L15,18498,A17,B25,C33,PCS,386,6.99,C,C09,1.199464,2698.14,3236.32
43298,L15,18498,A17,B25,C33,PCS,7,6.99,C,C09,1.199464,48.93,58.69
43298,L15,18498,A17,B25,C33,PCS,988,6.99,C,C09,1.199464,6906.12,8283.64
43298,L15,18498,A17,B25,C33,PCS,293,6.99,C,C09,1.199464,2048.07,2456.59
43298,L15,18498,A17,B25,C33,PCS,19,6.99,C,C09,1.199464,132.81,159.3
43298,L15,18498,A17,B25,C33,PCS,368,6.99,C,C09,1.199464,2572.32,3085.41
43298,L15,18498,A17,B25,C33,PCS,540,6.99,C,C09,1.199464,3774.6,4527.5
43298,L15,18608,A12,B30,C40,PCS,121,2.79,D,C03,7.133317,337.59,2408.14
43298,L15,18608,A12,B30,C40,PCS,439,2.79,D,C03,7.133317,1224.81,8736.96
43298,L15,18608,A12,B30,C40,PCS,344,2.79,D,C03,7.133317,959.76,6846.27
43298,L15,18608,A12,B30,C40,PCS,699,2.79,D,C03,7.133317,1950.21,13911.47
43298,L15,18608,A12,B30,C40,PCS,435,2.79,D,C03,7.133317,1213.65,8657.35
43298,L15,18608,A12,B30,C40,PCS,951,2.79,D,C03,7.133317,2653.29,18926.76
43298,L15,18608,A12,B30,C40,PCS,481,2.79,D,C03,7.133317,1341.99,9572.84
43298,L15,18608,A12,B30,C40,PCS,96,2.79,D,C03,7.133317,267.84,1910.59
43298,L15,18608,A12,B30,C40,PCS,486,2.79,D,C03,7.133317,1355.94,9672.35
43298,L15,18608,A12,B30,C40,PCS,57,2.79,D,C03,7.133317,159.03,1134.41
43295,L15,18642,A14,B30,C33,PCS,729,3.01,D,C04,5.388146,2194.29,11823.15
43295,L15,18642,A14,B30,C33,PCS,247,3.01,D,C04,5.388146,743.47,4005.92
43295,L15,18642,A14,B30,C33,PCS,232,3.01,D,C04,5.388146,698.32,3762.65
43295,L15,18642,A14,B30,C33,PCS,280,3.01,D,C04,5.388146,842.8,4541.13
43295,L15,18642,A14,B30,C33,PCS,409,3.01,D,C04,5.388146,1231.09,6633.29
43295,L15,18642,A14,B30,C33,PCS,75,3.01,D,C04,5.388146,225.75,1216.37
43295,L15,18642,A14,B30,C33,PCS,665,3.01,D,C04,5.388146,2001.65,10785.18
43295,L15,18642,A14,B30,C33,PCS,995,3.01,D,C04,5.388146,2994.95,16137.23
43295,L15,18642,A14,B30,C33,PCS,596,3.01,D,C04,5.388146,1793.96,9666.12
43295,L15,18642,A14,B30,C33,PCS,136,3.01,D,C04,5.388146,409.36,2205.69
43292,L15,18742,A15,B30,C35,PCS,613,8.87,D,C08,1.496196,5437.31,8135.28
43292,L15,18742,A15,B30,C35,PCS,773,8.87,D,C08,1.496196,6856.51,10258.68
43292,L15,18742,A15,B30,C35,PCS,794,8.87,D,C08,1.496196,7042.78,10537.38
43292,L15,18742,A15,B30,C35,PCS,855,8.87,D,C08,1.496196,7583.85,11346.93
43292,L15,18742,A15,B30,C35,PCS,14,8.87,D,C08,1.496196,124.18,185.8
43292,L15,18742,A15,B30,C35,PCS,461,8.87,D,C08,1.496196,4089.07,6118.05
43292,L15,18742,A15,B30,C35,PCS,196,8.87,D,C08,1.496196,1738.52,2601.17
43292,L15,18742,A15,B30,C35,PCS,169,8.87,D,C08,1.496196,1499.03,2242.84
43292,L15,18742,A15,B30,C35,PCS,491,8.87,D,C08,1.496196,4355.17,6516.19
43292,L15,18742,A15,B30,C35,PCS,455,8.87,D,C08,1.496196,4035.85,6038.42
43292,L15,18872,A16,B22,C35,PCS,371,4.89,C,C05,3.40242,1814.19,6172.64
43292,L15,18872,A16,B22,C35,PCS,26,4.89,C,C05,3.40242,127.14,432.58
43292,L15,18872,A16,B22,C35,PCS,458,4.89,C,C05,3.40242,2239.62,7620.13
43292,L15,18872,A16,B22,C35,PCS,402,4.89,C,C05,3.40242,1965.78,6688.41
43292,L15,18872,A16,B22,C35,PCS,699,4.89,C,C05,3.40242,3418.11,11629.85
43292,L15,18872,A16,B22,C35,PCS,323,4.89,C,C05,3.40242,1579.47,5374.02
43292,L15,18872,A16,B22,C35,PCS,159,4.89,C,C05,3.40242,777.51,2645.42
43292,L15,18872,A16,B22,C35,PCS,290,4.89,C,C05,3.40242,1418.1,4824.97
43292,L15,18872,A16,B22,C35,PCS,213,4.89,C,C05,3.40242,1041.57,3543.86
43292,L15,18872,A16,B22,C35,PCS,685,4.89,C,C05,3.40242,3349.65,11396.92
43289,L15,19023,A14,B24,C39,PCS,107,2.09,C,C06,3.547054,223.63,793.23
43289,L15,19023,A14,B24,C39,PCS,679,2.09,C,C06,3.547054,1419.11,5033.66
43289,L15,19023,A14,B24,C39,PCS,211,2.09,C,C06,3.547054,440.99,1564.22
43289,L15,19023,A14,B24,C39,PCS,176,2.09,C,C06,3.547054,367.84,1304.75
43289,L15,19023,A14,B24,C39,PCS,195,2.09,C,C06,3.547054,407.55,1445.6
43289,L15,19023,A14,B24,C39,PCS,583,2.09,C,C06,3.547054,1218.47,4321.98
43289,L15,19023,A14,B24,C39,PCS,172,2.09,C,C06,3.547054,359.48,1275.09
43289,L15,19023,A14,B24,C39,PCS,379,2.09,C,C06,3.547054,792.11,2809.66
43289,L15,19023,A14,B24,C39,PCS,935,2.09,C,C06,3.547054,1954.15,6931.48
43289,L15,19023,A14,B24,C39,PCS,509,2.09,C,C06,3.547054,1063.81,3773.39
43282,L15,19144,A10,B27,C36,PCS,592,7.73,D,C03,7.133317,4576.16,32643.2
43282,L15,19144,A10,B27,C36,PCS,135,7.73,D,C03,7.133317,1043.55,7443.97
43282,L15,19144,A10,B27,C36,PCS,525,7.73,D,C03,7.133317,4058.25,28948.78
43282,L15,19144,A10,B27,C36,PCS,476,7.73,D,C03,7.133317,3679.48,26246.9
43282,L15,19144,A10,B27,C36,PCS,643,7.73,D,C03,7.133317,4970.39,35455.37
43282,L15,19144,A10,B27,C36,PCS,568,7.73,D,C03,7.133317,4390.64,31319.83
43282,L15,19144,A10,B27,C36,PCS,946,7.73,D,C03,7.133317,7312.58,52162.95
43282,L15,19144,A10,B27,C36,PCS,992,7.73,D,C03,7.133317,7668.16,54699.42
43282,L15,19144,A10,B27,C36,PCS,718,7.73,D,C03,7.133317,5550.14,39590.91
43282,L15,19144,A10,B27,C36,PCS,617,7.73,D,C03,7.133317,4769.41,34021.71
43286,L15,19331,A18,B30,C38,PCS,502,3.01,C,C08,1.496196,1511.02,2260.78
43286,L15,19331,A18,B30,C38,PCS,900,3.01,C,C08,1.496196,2709,4053.19
43286,L15,19331,A18,B30,C38,PCS,606,3.01,C,C08,1.496196,1824.06,2729.15
43286,L15,19331,A18,B30,C38,PCS,527,3.01,C,C08,1.496196,1586.27,2373.37
43286,L15,19331,A18,B30,C38,PCS,49,3.01,C,C08,1.496196,147.49,220.67
43286,L15,19331,A18,B30,C38,PCS,844,3.01,C,C08,1.496196,2540.44,3801
43286,L15,19331,A18,B30,C38,PCS,477,3.01,C,C08,1.496196,1435.77,2148.19
43286,L15,19331,A18,B30,C38,PCS,114,3.01,C,C08,1.496196,343.14,513.4
43286,L15,19331,A18,B30,C38,PCS,782,3.01,C,C08,1.496196,2353.82,3521.78
43286,L15,19331,A18,B30,C38,PCS,318,3.01,C,C08,1.496196,957.18,1432.13
43295,L15,19356,A14,B24,C39,PCS,754,3.26,D,C01,6.825646,2458.04,16777.71
43295,L15,19356,A14,B24,C39,PCS,993,3.26,D,C01,6.825646,3237.18,22095.84
43295,L15,19356,A14,B24,C39,PCS,240,3.26,D,C01,6.825646,782.4,5340.39
43295,L15,19356,A14,B24,C39,PCS,97,3.26,D,C01,6.825646,316.22,2158.41
43295,L15,19356,A14,B24,C39,PCS,706,3.26,D,C01,6.825646,2301.56,15709.63
43295,L15,19356,A14,B24,C39,PCS,261,3.26,D,C01,6.825646,850.86,5807.67
43295,L15,19356,A14,B24,C39,PCS,226,3.26,D,C01,6.825646,736.76,5028.86
43295,L15,19356,A14,B24,C39,PCS,448,3.26,D,C01,6.825646,1460.48,9968.72
43295,L15,19356,A14,B24,C39,PCS,407,3.26,D,C01,6.825646,1326.82,9056.4
43295,L15,19356,A14,B24,C39,PCS,55,3.26,D,C01,6.825646,179.3,1223.84
43282,L15,19405,A12,B29,C35,PCS,466,7.73,C,C03,7.133317,3602.18,25695.49
43282,L15,19405,A12,B29,C35,PCS,504,7.73,C,C03,7.133317,3895.92,27790.83
43282,L15,19405,A12,B29,C35,PCS,519,7.73,C,C03,7.133317,4011.87,28617.94
43282,L15,19405,A12,B29,C35,PCS,768,7.73,C,C03,7.133317,5936.64,42347.94
43282,L15,19405,A12,B29,C35,PCS,985,7.73,C,C03,7.133317,7614.05,54313.43
43282,L15,19405,A12,B29,C35,PCS,980,7.73,C,C03,7.133317,7575.4,54037.73
43282,L15,19405,A12,B29,C35,PCS,988,7.73,C,C03,7.133317,7637.24,54478.85
43282,L15,19405,A12,B29,C35,PCS,710,7.73,C,C03,7.133317,5488.3,39149.78
43282,L15,19405,A12,B29,C35,PCS,200,7.73,C,C03,7.133317,1546,11028.11
43282,L15,19405,A12,B29,C35,PCS,85,7.73,C,C03,7.133317,657.05,4686.95
43291,L15,19567,A10,B24,C35,PCS,645,3.48,D,C01,6.825646,2244.6,15320.85
43291,L15,19567,A10,B24,C35,PCS,68,3.48,D,C01,6.825646,236.64,1615.22
43291,L15,19567,A10,B24,C35,PCS,869,3.48,D,C01,6.825646,3024.12,20641.57
43291,L15,19567,A10,B24,C35,PCS,770,3.48,D,C01,6.825646,2679.6,18290
43291,L15,19567,A10,B24,C35,PCS,162,3.48,D,C01,6.825646,563.76,3848.03
43291,L15,19567,A10,B24,C35,PCS,396,3.48,D,C01,6.825646,1378.08,9406.29
43291,L15,19567,A10,B24,C35,PCS,392,3.48,D,C01,6.825646,1364.16,9311.27
43291,L15,19567,A10,B24,C35,PCS,680,3.48,D,C01,6.825646,2366.4,16152.21
43291,L15,19567,A10,B24,C35,PCS,747,3.48,D,C01,6.825646,2599.56,17743.68
43291,L15,19567,A10,B24,C35,PCS,134,3.48,D,C01,6.825646,466.32,3182.94
43282,L15,19575,A17,B30,C31,PCS,832,1.11,C,C02,9.912483,923.52,9154.38
43282,L15,19575,A17,B30,C31,PCS,45,1.11,C,C02,9.912483,49.95,495.13
43282,L15,19575,A17,B30,C31,PCS,866,1.11,C,C02,9.912483,961.26,9528.47
43282,L15,19575,A17,B30,C31,PCS,905,1.11,C,C02,9.912483,1004.55,9957.58
43282,L15,19575,A17,B30,C31,PCS,818,1.11,C,C02,9.912483,907.98,9000.34
43282,L15,19575,A17,B30,C31,PCS,61,1.11,C,C02,9.912483,67.71,671.17
43282,L15,19575,A17,B30,C31,PCS,319,1.11,C,C02,9.912483,354.09,3509.91
43282,L15,19575,A17,B30,C31,PCS,363,1.11,C,C02,9.912483,402.93,3994.04
43282,L15,19575,A17,B30,C31,PCS,123,1.11,C,C02,9.912483,136.53,1353.35
43282,L15,19575,A17,B30,C31,PCS,3,1.11,C,C02,9.912483,3.33,33.01
43295,L15,19735,A20,B23,C36,PCS,428,3.01,C,C04,5.388146,1288.28,6941.44
43295,L15,19735,A20,B23,C36,PCS,298,3.01,C,C04,5.388146,896.98,4833.06
43295,L15,19735,A20,B23,C36,PCS,344,3.01,C,C04,5.388146,1035.44,5579.1
43295,L15,19735,A20,B23,C36,PCS,135,3.01,C,C04,5.388146,406.35,2189.47
43295,L15,19735,A20,B23,C36,PCS,162,3.01,C,C04,5.388146,487.62,2627.37
43295,L15,19735,A20,B23,C36,PCS,860,3.01,C,C04,5.388146,2588.6,13947.75
43295,L15,19735,A20,B23,C36,PCS,339,3.01,C,C04,5.388146,1020.39,5498.01
43295,L15,19735,A20,B23,C36,PCS,288,3.01,C,C04,5.388146,866.88,4670.88
43295,L15,19735,A20,B23,C36,PCS,519,3.01,C,C04,5.388146,1562.19,8417.31
43295,L15,19735,A20,B23,C36,PCS,234,3.01,C,C04,5.388146,704.34,3795.09
43296,L15,19745,A18,B28,C33,PCS,285,4.83,D,C06,3.547054,1376.55,4882.7
43296,L15,19745,A18,B28,C33,PCS,281,4.83,D,C06,3.547054,1357.23,4814.17
43296,L15,19745,A18,B28,C33,PCS,51,4.83,D,C06,3.547054,246.33,873.75
43296,L15,19745,A18,B28,C33,PCS,107,4.83,D,C06,3.547054,516.81,1833.15
43296,L15,19745,A18,B28,C33,PCS,435,4.83,D,C06,3.547054,2101.05,7452.54
43296,L15,19745,A18,B28,C33,PCS,176,4.83,D,C06,3.547054,850.08,3015.28
43296,L15,19745,A18,B28,C33,PCS,574,4.83,D,C06,3.547054,2772.42,9833.92
43296,L15,19745,A18,B28,C33,PCS,154,4.83,D,C06,3.547054,743.82,2638.37
43296,L15,19745,A18,B28,C33,PCS,262,4.83,D,C06,3.547054,1265.46,4488.65
43296,L15,19745,A18,B28,C33,PCS,652,4.83,D,C06,3.547054,3149.16,11170.24
43286,L15,19850,A16,B30,C33,PCS,981,4.39,D,C01,6.825646,4306.59,29395.26
43286,L15,19850,A16,B30,C33,PCS,354,4.39,D,C01,6.825646,1554.06,10607.46
43286,L15,19850,A16,B30,C33,PCS,718,4.39,D,C01,6.825646,3152.02,21514.57
43286,L15,19850,A16,B30,C33,PCS,519,4.39,D,C01,6.825646,2278.41,15551.62
43286,L15,19850,A16,B30,C33,PCS,162,4.39,D,C01,6.825646,711.18,4854.26
43286,L15,19850,A16,B30,C33,PCS,59,4.39,D,C01,6.825646,259.01,1767.91
43286,L15,19850,A16,B30,C33,PCS,977,4.39,D,C01,6.825646,4289.03,29275.4
43286,L15,19850,A16,B30,C33,PCS,653,4.39,D,C01,6.825646,2866.67,19566.87
43286,L15,19850,A16,B30,C33,PCS,333,4.39,D,C01,6.825646,1461.87,9978.21
43286,L15,19850,A16,B30,C33,PCS,40,4.39,D,C01,6.825646,175.6,1198.58
43298,L15,19929,A11,B28,C30,PCS,777,8.96,D,C01,6.825646,6961.92,47519.6
43298,L15,19929,A11,B28,C30,PCS,346,8.96,D,C01,6.825646,3100.16,21160.59
43298,L15,19929,A11,B28,C30,PCS,867,8.96,D,C01,6.825646,7768.32,53023.8
43298,L15,19929,A11,B28,C30,PCS,439,8.96,D,C01,6.825646,3933.44,26848.27
43298,L15,19929,A11,B28,C30,PCS,757,8.96,D,C01,6.825646,6782.72,46296.45
43298,L15,19929,A11,B28,C30,PCS,921,8.96,D,C01,6.825646,8252.16,56326.32
43298,L15,19929,A11,B28,C30,PCS,63,8.96,D,C01,6.825646,564.48,3852.94
43298,L15,19929,A11,B28,C30,PCS,191,8.96,D,C01,6.825646,1711.36,11681.14
43298,L15,19929,A11,B28,C30,PCS,158,8.96,D,C01,6.825646,1415.68,9662.93
43298,L15,19929,A11,B28,C30,PCS,65,8.96,D,C01,6.825646,582.4,3975.26
43001,L15,10699,A11,B29,C36,PCS,998,8.86,D,C05,3.40242,8842.28,30085.15
43001,L15,10699,A11,B29,C36,PCS,542,8.86,D,C05,3.40242,4802.12,16338.83
43001,L15,10699,A11,B29,C36,PCS,606,8.86,D,C05,3.40242,5369.16,18268.14
43001,L15,10699,A11,B29,C36,PCS,800,8.86,D,C05,3.40242,7088,24116.35
43001,L15,10699,A11,B29,C36,PCS,912,8.86,D,C05,3.40242,8080.32,27492.64
43001,L15,10699,A11,B29,C36,PCS,43,8.86,D,C05,3.40242,380.98,1296.25
43001,L15,10699,A11,B29,C36,PCS,997,8.86,D,C05,3.40242,8833.42,30055
43001,L15,10699,A11,B29,C36,PCS,22,8.86,D,C05,3.40242,194.92,663.2
43001,L15,10699,A11,B29,C36,PCS,516,8.86,D,C05,3.40242,4571.76,15555.05
43001,L15,10699,A11,B29,C36,PCS,444,8.86,D,C05,3.40242,3933.84,13384.58
43004,L15,11576,A15,B20,C36,PCS,940,3.24,C,C01,6.825646,3045.6,20788.19
43004,L15,11576,A15,B20,C36,PCS,912,3.24,C,C01,6.825646,2954.88,20168.96
43004,L15,11576,A15,B20,C36,PCS,116,3.24,C,C01,6.825646,375.84,2565.35
43004,L15,11576,A15,B20,C36,PCS,846,3.24,C,C01,6.825646,2741.04,18709.37
43004,L15,11576,A15,B20,C36,PCS,252,3.24,C,C01,6.825646,816.48,5573
43004,L15,11576,A15,B20,C36,PCS,914,3.24,C,C01,6.825646,2961.36,20213.2
43004,L15,11576,A15,B20,C36,PCS,802,3.24,C,C01,6.825646,2598.48,17736.3
43004,L15,11576,A15,B20,C36,PCS,578,3.24,C,C01,6.825646,1872.72,12782.52
43004,L15,11576,A15,B20,C36,PCS,257,3.24,C,C01,6.825646,832.68,5683.58
43004,L15,11576,A15,B20,C36,PCS,96,3.24,C,C01,6.825646,311.04,2123.05
43000,L15,11727,A14,B28,C39,PCS,846,6,C,C06,3.547054,5076,18004.85
43000,L15,11727,A14,B28,C39,PCS,807,6,C,C06,3.547054,4842,17174.84
43000,L15,11727,A14,B28,C39,PCS,543,6,C,C06,3.547054,3258,11556.3
43000,L15,11727,A14,B28,C39,PCS,828,6,C,C06,3.547054,4968,17621.76
43000,L15,11727,A14,B28,C39,PCS,495,6,C,C06,3.547054,2970,10534.75
43000,L15,11727,A14,B28,C39,PCS,836,6,C,C06,3.547054,5016,17792.02
43000,L15,11727,A14,B28,C39,PCS,194,6,C,C06,3.547054,1164,4128.77
43000,L15,11727,A14,B28,C39,PCS,886,6,C,C06,3.547054,5316,18856.14
43000,L15,11727,A14,B28,C39,PCS,617,6,C,C06,3.547054,3702,13131.19
43000,L15,11727,A14,B28,C39,PCS,976,6,C,C06,3.547054,5856,20771.55
43008,L15,12507,A12,B20,C38,PCS,161,9.33,C,C05,3.40242,1502.13,5110.88
43008,L15,12507,A12,B20,C38,PCS,214,9.33,C,C05,3.40242,1996.62,6793.34
43008,L15,12507,A12,B20,C38,PCS,532,9.33,C,C05,3.40242,4963.56,16888.12
43008,L15,12507,A12,B20,C38,PCS,434,9.33,C,C05,3.40242,4049.22,13777.15
43008,L15,12507,A12,B20,C38,PCS,72,9.33,C,C05,3.40242,671.76,2285.61
43008,L15,12507,A12,B20,C38,PCS,659,9.33,C,C05,3.40242,6148.47,20919.68
43008,L15,12507,A12,B20,C38,PCS,180,9.33,C,C05,3.40242,1679.4,5714.02
43008,L15,12507,A12,B20,C38,PCS,33,9.33,C,C05,3.40242,307.89,1047.57
43008,L15,12507,A12,B20,C38,PCS,684,9.33,C,C05,3.40242,6381.72,21713.29
43008,L15,12507,A12,B20,C38,PCS,681,9.33,C,C05,3.40242,6353.73,21618.06
43006,L15,12697,A17,B26,C37,PCS,393,2.9,D,C06,3.547054,1139.7,4042.58
43006,L15,12697,A17,B26,C37,PCS,393,2.9,D,C06,3.547054,1139.7,4042.58
43006,L15,12697,A17,B26,C37,PCS,299,2.9,D,C06,3.547054,867.1,3075.65
43006,L15,12697,A17,B26,C37,PCS,849,2.9,D,C06,3.547054,2462.1,8733.2
43006,L15,12697,A17,B26,C37,PCS,896,2.9,D,C06,3.547054,2598.4,9216.67
43006,L15,12697,A17,B26,C37,PCS,966,2.9,D,C06,3.547054,2801.4,9936.72
43006,L15,12697,A17,B26,C37,PCS,698,2.9,D,C06,3.547054,2024.2,7179.95
43006,L15,12697,A17,B26,C37,PCS,465,2.9,D,C06,3.547054,1348.5,4783.2
43006,L15,12697,A17,B26,C37,PCS,921,2.9,D,C06,3.547054,2670.9,9473.83
43006,L15,12697,A17,B26,C37,PCS,224,2.9,D,C06,3.547054,649.6,2304.17
43003,L15,13065,A16,B27,C37,PCS,831,2.15,D,C03,7.133317,1786.65,12744.74
43003,L15,13065,A16,B27,C37,PCS,301,2.15,D,C03,7.133317,647.15,4616.33
43003,L15,13065,A16,B27,C37,PCS,392,2.15,D,C03,7.133317,842.8,6011.96
43003,L15,13065,A16,B27,C37,PCS,481,2.15,D,C03,7.133317,1034.15,7376.92
43003,L15,13065,A16,B27,C37,PCS,483,2.15,D,C03,7.133317,1038.45,7407.59
43003,L15,13065,A16,B27,C37,PCS,225,2.15,D,C03,7.133317,483.75,3450.74
43003,L15,13065,A16,B27,C37,PCS,587,2.15,D,C03,7.133317,1262.05,9002.6
43003,L15,13065,A16,B27,C37,PCS,607,2.15,D,C03,7.133317,1305.05,9309.34
43003,L15,13065,A16,B27,C37,PCS,847,2.15,D,C03,7.133317,1821.05,12990.13
43003,L15,13065,A16,B27,C37,PCS,671,2.15,D,C03,7.133317,1442.65,10290.88
43006,L15,13179,A16,B30,C40,PCS,744,4.25,C,C05,3.40242,3162,10758.45
43006,L15,13179,A16,B30,C40,PCS,364,4.25,C,C05,3.40242,1547,5263.54
43006,L15,13179,A16,B30,C40,PCS,518,4.25,C,C05,3.40242,2201.5,7490.43
43006,L15,13179,A16,B30,C40,PCS,811,4.25,C,C05,3.40242,3446.75,11727.29
43006,L15,13179,A16,B30,C40,PCS,12,4.25,C,C05,3.40242,51,173.52
43006,L15,13179,A16,B30,C40,PCS,27,4.25,C,C05,3.40242,114.75,390.43
43006,L15,13179,A16,B30,C40,PCS,706,4.25,C,C05,3.40242,3000.5,10208.96
43006,L15,13179,A16,B30,C40,PCS,856,4.25,C,C05,3.40242,3638,12378
43006,L15,13179,A16,B30,C40,PCS,18,4.25,C,C05,3.40242,76.5,260.29
43006,L15,13179,A16,B30,C40,PCS,649,4.25,C,C05,3.40242,2758.25,9384.72
43007,L15,13535,A18,B26,C32,PCS,466,7.57,C,C09,1.199464,3527.62,4231.25
43007,L15,13535,A18,B26,C32,PCS,41,7.57,C,C09,1.199464,310.37,372.28
43007,L15,13535,A18,B26,C32,PCS,529,7.57,C,C09,1.199464,4004.53,4803.29
43007,L15,13535,A18,B26,C32,PCS,290,7.57,C,C09,1.199464,2195.3,2633.18
43007,L15,13535,A18,B26,C32,PCS,476,7.57,C,C09,1.199464,3603.32,4322.05
43007,L15,13535,A18,B26,C32,PCS,218,7.57,C,C09,1.199464,1650.26,1979.43
43007,L15,13535,A18,B26,C32,PCS,944,7.57,C,C09,1.199464,7146.08,8571.47
43007,L15,13535,A18,B26,C32,PCS,58,7.57,C,C09,1.199464,439.06,526.64
43007,L15,13535,A18,B26,C32,PCS,542,7.57,C,C09,1.199464,4102.94,4921.33
43007,L15,13535,A18,B26,C32,PCS,51,7.57,C,C09,1.199464,386.07,463.08
43000,L15,14020,A17,B27,C34,PCS,262,8.42,C,C10,8.657656,2206.04,19099.14
43000,L15,14020,A17,B27,C34,PCS,609,8.42,C,C10,8.657656,5127.78,44394.56
43000,L15,14020,A17,B27,C34,PCS,901,8.42,C,C10,8.657656,7586.42,65680.61
43000,L15,14020,A17,B27,C34,PCS,508,8.42,C,C10,8.657656,4277.36,37031.91
43000,L15,14020,A17,B27,C34,PCS,872,8.42,C,C10,8.657656,7342.24,63566.59
43000,L15,14020,A17,B27,C34,PCS,538,8.42,C,C10,8.657656,4529.96,39218.84
43000,L15,14020,A17,B27,C34,PCS,835,8.42,C,C10,8.657656,7030.7,60869.38
43000,L15,14020,A17,B27,C34,PCS,752,8.42,C,C10,8.657656,6331.84,54818.89
43000,L15,14020,A17,B27,C34,PCS,810,8.42,C,C10,8.657656,6820.2,59046.95
43000,L15,14020,A17,B27,C34,PCS,888,8.42,C,C10,8.657656,7476.96,64732.95
43006,L15,14969,A17,B27,C40,PCS,703,1.96,D,C01,6.825646,1377.88,9404.92
43006,L15,14969,A17,B27,C40,PCS,600,1.96,D,C01,6.825646,1176,8026.96
43006,L15,14969,A17,B27,C40,PCS,385,1.96,D,C01,6.825646,754.6,5150.63
43006,L15,14969,A17,B27,C40,PCS,536,1.96,D,C01,6.825646,1050.56,7170.75
43006,L15,14969,A17,B27,C40,PCS,200,1.96,D,C01,6.825646,392,2675.65
43006,L15,14969,A17,B27,C40,PCS,448,1.96,D,C01,6.825646,878.08,5993.46
43006,L15,14969,A17,B27,C40,PCS,329,1.96,D,C01,6.825646,644.84,4401.45
43006,L15,14969,A17,B27,C40,PCS,275,1.96,D,C01,6.825646,539,3679.02
43006,L15,14969,A17,B27,C40,PCS,288,1.96,D,C01,6.825646,564.48,3852.94
43006,L15,14969,A17,B27,C40,PCS,926,1.96,D,C01,6.825646,1814.96,12388.27
43000,L15,15194,A16,B29,C31,PCS,346,1.18,D,C04,5.388146,408.28,2199.87
43000,L15,15194,A16,B29,C31,PCS,671,1.18,D,C04,5.388146,791.78,4266.23
43000,L15,15194,A16,B29,C31,PCS,319,1.18,D,C04,5.388146,376.42,2028.21
43000,L15,15194,A16,B29,C31,PCS,365,1.18,D,C04,5.388146,430.7,2320.67
43000,L15,15194,A16,B29,C31,PCS,956,1.18,D,C04,5.388146,1128.08,6078.26
43000,L15,15194,A16,B29,C31,PCS,364,1.18,D,C04,5.388146,429.52,2314.32
43000,L15,15194,A16,B29,C31,PCS,201,1.18,D,C04,5.388146,237.18,1277.96
43000,L15,15194,A16,B29,C31,PCS,518,1.18,D,C04,5.388146,611.24,3293.45
43000,L15,15194,A16,B29,C31,PCS,532,1.18,D,C04,5.388146,627.76,3382.46
43000,L15,15194,A16,B29,C31,PCS,688,1.18,D,C04,5.388146,811.84,4374.31
43007,L15,16047,A15,B26,C32,PCS,461,1.36,C,C03,7.133317,626.96,4472.3
43007,L15,16047,A15,B26,C32,PCS,105,1.36,C,C03,7.133317,142.8,1018.64
43007,L15,16047,A15,B26,C32,PCS,967,1.36,C,C03,7.133317,1315.12,9381.17
43007,L15,16047,A15,B26,C32,PCS,292,1.36,C,C03,7.133317,397.12,2832.78
43007,L15,16047,A15,B26,C32,PCS,459,1.36,C,C03,7.133317,624.24,4452.9
43007,L15,16047,A15,B26,C32,PCS,503,1.36,C,C03,7.133317,684.08,4879.76
43007,L15,16047,A15,B26,C32,PCS,36,1.36,C,C03,7.133317,48.96,349.25
43007,L15,16047,A15,B26,C32,PCS,202,1.36,C,C03,7.133317,274.72,1959.66
43007,L15,16047,A15,B26,C32,PCS,882,1.36,C,C03,7.133317,1199.52,8556.56
43007,L15,16047,A15,B26,C32,PCS,680,1.36,C,C03,7.133317,924.8,6596.89
43001,L15,16096,A17,B30,C35,PCS,191,2.07,C,C03,7.133317,395.37,2820.3
43001,L15,16096,A17,B30,C35,PCS,830,2.07,C,C03,7.133317,1718.1,12255.75
43001,L15,16096,A17,B30,C35,PCS,623,2.07,C,C03,7.133317,1289.61,9199.2
43001,L15,16096,A17,B30,C35,PCS,938,2.07,C,C03,7.133317,1941.66,13850.48
43001,L15,16096,A17,B30,C35,PCS,158,2.07,C,C03,7.133317,327.06,2333.02
43001,L15,16096,A17,B30,C35,PCS,457,2.07,C,C03,7.133317,945.99,6748.05
43001,L15,16096,A17,B30,C35,PCS,757,2.07,C,C03,7.133317,1566.99,11177.84
43001,L15,16096,A17,B30,C35,PCS,860,2.07,C,C03,7.133317,1780.2,12698.73
43001,L15,16096,A17,B30,C35,PCS,920,2.07,C,C03,7.133317,1904.4,13584.69
43001,L15,16096,A17,B30,C35,PCS,354,2.07,C,C03,7.133317,732.78,5227.15
43003,L15,16445,A10,B28,C32,PCS,944,1.72,D,C05,3.40242,1623.68,5524.44
43003,L15,16445,A10,B28,C32,PCS,105,1.72,D,C05,3.40242,180.6,614.48
43003,L15,16445,A10,B28,C32,PCS,349,1.72,D,C05,3.40242,600.28,2042.4
43003,L15,16445,A10,B28,C32,PCS,391,1.72,D,C05,3.40242,672.52,2288.2
43003,L15,16445,A10,B28,C32,PCS,592,1.72,D,C05,3.40242,1018.24,3464.48
43003,L15,16445,A10,B28,C32,PCS,548,1.72,D,C05,3.40242,942.56,3206.98
43003,L15,16445,A10,B28,C32,PCS,569,1.72,D,C05,3.40242,978.68,3329.88
43003,L15,16445,A10,B28,C32,PCS,173,1.72,D,C05,3.40242,297.56,1012.42
43003,L15,16445,A10,B28,C32,PCS,148,1.72,D,C05,3.40242,254.56,866.12
43003,L15,16445,A10,B28,C32,PCS,230,1.72,D,C05,3.40242,395.6,1346
43001,L15,17103,A10,B26,C32,PCS,590,2.07,D,C03,7.133317,1221.3,8711.92
43001,L15,17103,A10,B26,C32,PCS,852,2.07,D,C03,7.133317,1763.64,12580.6
43001,L15,17103,A10,B26,C32,PCS,417,2.07,D,C03,7.133317,863.19,6157.41
43001,L15,17103,A10,B26,C32,PCS,866,2.07,D,C03,7.133317,1792.62,12787.33
43001,L15,17103,A10,B26,C32,PCS,572,2.07,D,C03,7.133317,1184.04,8446.13
43001,L15,17103,A10,B26,C32,PCS,707,2.07,D,C03,7.133317,1463.49,10439.54
43001,L15,17103,A10,B26,C32,PCS,961,2.07,D,C03,7.133317,1989.27,14190.09
43001,L15,17103,A10,B26,C32,PCS,627,2.07,D,C03,7.133317,1297.89,9258.26
43001,L15,17103,A10,B26,C32,PCS,506,2.07,D,C03,7.133317,1047.42,7471.58
43001,L15,17103,A10,B26,C32,PCS,388,2.07,D,C03,7.133317,803.16,5729.19
43005,L15,17664,A16,B23,C34,PCS,812,7.91,C,C04,5.388146,6422.92,34607.63
43005,L15,17664,A16,B23,C34,PCS,761,7.91,C,C04,5.388146,6019.51,32434
43005,L15,17664,A16,B23,C34,PCS,391,7.91,C,C04,5.388146,3092.81,16664.51
43005,L15,17664,A16,B23,C34,PCS,33,7.91,C,C04,5.388146,261.03,1406.47
43005,L15,17664,A16,B23,C34,PCS,657,7.91,C,C04,5.388146,5196.87,28001.49
43005,L15,17664,A16,B23,C34,PCS,369,7.91,C,C04,5.388146,2918.79,15726.87
43005,L15,17664,A16,B23,C34,PCS,66,7.91,C,C04,5.388146,522.06,2812.94
43005,L15,17664,A16,B23,C34,PCS,60,7.91,C,C04,5.388146,474.6,2557.21
43005,L15,17664,A16,B23,C34,PCS,481,7.91,C,C04,5.388146,3804.71,20500.33
43005,L15,17664,A16,B23,C34,PCS,723,7.91,C,C04,5.388146,5718.93,30814.43
43000,L15,17690,A10,B24,C39,PCS,310,8.42,C,C10,8.657656,2610.2,22598.21
43000,L15,17690,A10,B24,C39,PCS,540,8.42,C,C10,8.657656,4546.8,39364.63
43000,L15,17690,A10,B24,C39,PCS,673,8.42,C,C10,8.657656,5666.66,49059.99
43000,L15,17690,A10,B24,C39,PCS,472,8.42,C,C10,8.657656,3974.24,34407.6
43000,L15,17690,A10,B24,C39,PCS,710,8.42,C,C10,8.657656,5978.2,51757.2
43000,L15,17690,A10,B24,C39,PCS,348,8.42,C,C10,8.657656,2930.16,25368.32
43000,L15,17690,A10,B24,C39,PCS,776,8.42,C,C10,8.657656,6533.92,56568.43
43000,L15,17690,A10,B24,C39,PCS,821,8.42,C,C10,8.657656,6912.82,59848.82
43000,L15,17690,A10,B24,C39,PCS,819,8.42,C,C10,8.657656,6895.98,59703.02
43000,L15,17690,A10,B24,C39,PCS,969,8.42,C,C10,8.657656,8158.98,70637.64
43006,L15,17749,A12,B25,C37,PCS,681,4.25,D,C05,3.40242,2894.25,9847.45
43006,L15,17749,A12,B25,C37,PCS,386,4.25,D,C05,3.40242,1640.5,5581.67
43006,L15,17749,A12,B25,C37,PCS,199,4.25,D,C05,3.40242,845.75,2877.6
43006,L15,17749,A12,B25,C37,PCS,301,4.25,D,C05,3.40242,1279.25,4352.55
43006,L15,17749,A12,B25,C37,PCS,646,4.25,D,C05,3.40242,2745.5,9341.34
43006,L15,17749,A12,B25,C37,PCS,929,4.25,D,C05,3.40242,3948.25,13433.6
43006,L15,17749,A12,B25,C37,PCS,447,4.25,D,C05,3.40242,1899.75,6463.75
43006,L15,17749,A12,B25,C37,PCS,82,4.25,D,C05,3.40242,348.5,1185.74
43006,L15,17749,A12,B25,C37,PCS,235,4.25,D,C05,3.40242,998.75,3398.17
43006,L15,17749,A12,B25,C37,PCS,729,4.25,D,C05,3.40242,3098.25,10541.55
43002,L15,18010,A12,B20,C39,PCS,86,8.54,D,C04,5.388146,734.44,3957.27
43002,L15,18010,A12,B20,C39,PCS,734,8.54,D,C04,5.388146,6268.36,33774.84
43002,L15,18010,A12,B20,C39,PCS,646,8.54,D,C04,5.388146,5516.84,29725.54
43002,L15,18010,A12,B20,C39,PCS,671,8.54,D,C04,5.388146,5730.34,30875.91
43002,L15,18010,A12,B20,C39,PCS,715,8.54,D,C04,5.388146,6106.1,32900.56
43002,L15,18010,A12,B20,C39,PCS,217,8.54,D,C04,5.388146,1853.18,9985.2
43002,L15,18010,A12,B20,C39,PCS,553,8.54,D,C04,5.388146,4722.62,25446.17
43002,L15,18010,A12,B20,C39,PCS,935,8.54,D,C04,5.388146,7984.9,43023.81
43002,L15,18010,A12,B20,C39,PCS,982,8.54,D,C04,5.388146,8386.28,45186.5
43002,L15,18010,A12,B20,C39,PCS,502,8.54,D,C04,5.388146,4287.08,23099.41
43007,L15,18159,A15,B26,C31,PCS,292,1.36,D,C03,7.133317,397.12,2832.78
43007,L15,18159,A15,B26,C31,PCS,119,1.36,D,C03,7.133317,161.84,1154.46
43007,L15,18159,A15,B26,C31,PCS,551,1.36,D,C03,7.133317,749.36,5345.42
43007,L15,18159,A15,B26,C31,PCS,410,1.36,D,C03,7.133317,557.6,3977.54
43007,L15,18159,A15,B26,C31,PCS,996,1.36,D,C03,7.133317,1354.56,9662.51
43007,L15,18159,A15,B26,C31,PCS,235,1.36,D,C03,7.133317,319.6,2279.81
43007,L15,18159,A15,B26,C31,PCS,547,1.36,D,C03,7.133317,743.92,5306.62
43007,L15,18159,A15,B26,C31,PCS,431,1.36,D,C03,7.133317,586.16,4181.27
43007,L15,18159,A15,B26,C31,PCS,673,1.36,D,C03,7.133317,915.28,6528.98
43007,L15,18159,A15,B26,C31,PCS,815,1.36,D,C03,7.133317,1108.4,7906.57
43005,L15,18800,A20,B21,C40,PCS,685,7.85,C,C04,5.388146,5377.25,28973.41
43005,L15,18800,A20,B21,C40,PCS,805,7.85,C,C04,5.388146,6319.25,34049.04
43005,L15,18800,A20,B21,C40,PCS,388,7.85,C,C04,5.388146,3045.8,16411.22
43005,L15,18800,A20,B21,C40,PCS,788,7.85,C,C04,5.388146,6185.8,33329.99
43005,L15,18800,A20,B21,C40,PCS,279,7.85,C,C04,5.388146,2190.15,11800.85
43005,L15,18800,A20,B21,C40,PCS,189,7.85,C,C04,5.388146,1483.65,7994.12
43005,L15,18800,A20,B21,C40,PCS,718,7.85,C,C04,5.388146,5636.3,30369.21
43005,L15,18800,A20,B21,C40,PCS,169,7.85,C,C04,5.388146,1326.65,7148.18
43005,L15,18800,A20,B21,C40,PCS,56,7.85,C,C04,5.388146,439.6,2368.63
43005,L15,18800,A20,B21,C40,PCS,183,7.85,C,C04,5.388146,1436.55,7740.34
43003,L15,18933,A17,B23,C35,PCS,338,9.16,C,C05,3.40242,3096.08,10534.16
43003,L15,18933,A17,B23,C35,PCS,166,9.16,C,C05,3.40242,1520.56,5173.58
43003,L15,18933,A17,B23,C35,PCS,795,9.16,C,C05,3.40242,7282.2,24777.1
43003,L15,18933,A17,B23,C35,PCS,34,9.16,C,C05,3.40242,311.44,1059.65
43003,L15,18933,A17,B23,C35,PCS,121,9.16,C,C05,3.40242,1108.36,3771.11
43003,L15,18933,A17,B23,C35,PCS,742,9.16,C,C05,3.40242,6796.72,23125.3
43003,L15,18933,A17,B23,C35,PCS,753,9.16,C,C05,3.40242,6897.48,23468.12
43003,L15,18933,A17,B23,C35,PCS,929,9.16,C,C05,3.40242,8509.64,28953.37
43003,L15,18933,A17,B23,C35,PCS,140,9.16,C,C05,3.40242,1282.4,4363.26
43003,L15,18933,A17,B23,C35,PCS,654,9.16,C,C05,3.40242,5990.64,20382.67
43006,L15,19452,A14,B24,C36,PCS,829,9.51,C,C01,6.825646,7883.79,53811.96
43006,L15,19452,A14,B24,C36,PCS,866,9.51,C,C01,6.825646,8235.66,56213.7
43006,L15,19452,A14,B24,C36,PCS,912,9.51,C,C01,6.825646,8673.12,59199.65
43006,L15,19452,A14,B24,C36,PCS,339,9.51,C,C01,6.825646,3223.89,22005.13
43006,L15,19452,A14,B24,C36,PCS,949,9.51,C,C01,6.825646,9024.99,61601.39
43006,L15,19452,A14,B24,C36,PCS,485,9.51,C,C01,6.825646,4612.35,31482.27
43006,L15,19452,A14,B24,C36,PCS,225,9.51,C,C01,6.825646,2139.75,14605.18
43006,L15,19452,A14,B24,C36,PCS,883,9.51,C,C01,6.825646,8397.33,57317.2
43006,L15,19452,A14,B24,C36,PCS,275,9.51,C,C01,6.825646,2615.25,17850.77
43006,L15,19452,A14,B24,C36,PCS,985,9.51,C,C01,6.825646,9367.35,63938.22
43005,L15,19843,A18,B25,C30,PCS,541,7.91,C,C04,5.388146,4279.31,23057.55
43005,L15,19843,A18,B25,C30,PCS,874,7.91,C,C04,5.388146,6913.34,37250.09
43005,L15,19843,A18,B25,C30,PCS,736,7.91,C,C04,5.388146,5821.76,31368.49
43005,L15,19843,A18,B25,C30,PCS,2,7.91,C,C04,5.388146,15.82,85.24
43005,L15,19843,A18,B25,C30,PCS,619,7.91,C,C04,5.388146,4896.29,26381.93
43005,L15,19843,A18,B25,C30,PCS,146,7.91,C,C04,5.388146,1154.86,6222.55
43005,L15,19843,A18,B25,C30,PCS,778,7.91,C,C04,5.388146,6153.98,33158.54
43005,L15,19843,A18,B25,C30,PCS,703,7.91,C,C04,5.388146,5560.73,29962.03
43005,L15,19843,A18,B25,C30,PCS,612,7.91,C,C04,5.388146,4840.92,26083.58
43005,L15,19843,A18,B25,C30,PCS,313,7.91,C,C04,5.388146,2475.83,13340.13
43017,L15,10011,A18,B22,C33,PCS,120,8.44,D,C03,7.133317,1012.8,7224.62
43017,L15,10011,A18,B22,C33,PCS,137,8.44,D,C03,7.133317,1156.28,8248.11
43017,L15,10011,A18,B22,C33,PCS,277,8.44,D,C03,7.133317,2337.88,16676.84
43017,L15,10011,A18,B22,C33,PCS,84,8.44,D,C03,7.133317,708.96,5057.24
43017,L15,10011,A18,B22,C33,PCS,252,8.44,D,C03,7.133317,2126.88,15171.71
43017,L15,10011,A18,B22,C33,PCS,832,8.44,D,C03,7.133317,7022.08,50090.72
43017,L15,10011,A18,B22,C33,PCS,370,8.44,D,C03,7.133317,3122.8,22275.92
43017,L15,10011,A18,B22,C33,PCS,536,8.44,D,C03,7.133317,4523.84,32269.98
43017,L15,10011,A18,B22,C33,PCS,797,8.44,D,C03,7.133317,6726.68,47983.54
43017,L15,10011,A18,B22,C33,PCS,731,8.44,D,C03,7.133317,6169.64,44010
43023,L15,10019,A15,B30,C37,PCS,203,6.97,C,C07,1.358577,1414.91,1922.26
43023,L15,10019,A15,B30,C37,PCS,80,6.97,C,C07,1.358577,557.6,757.54
43023,L15,10019,A15,B30,C37,PCS,474,6.97,C,C07,1.358577,3303.78,4488.44
43023,L15,10019,A15,B30,C37,PCS,533,6.97,C,C07,1.358577,3715.01,5047.13
43023,L15,10019,A15,B30,C37,PCS,231,6.97,C,C07,1.358577,1610.07,2187.4
43023,L15,10019,A15,B30,C37,PCS,32,6.97,C,C07,1.358577,223.04,303.02
43023,L15,10019,A15,B30,C37,PCS,641,6.97,C,C07,1.358577,4467.77,6069.81
43023,L15,10019,A15,B30,C37,PCS,364,6.97,C,C07,1.358577,2537.08,3446.82
43023,L15,10019,A15,B30,C37,PCS,267,6.97,C,C07,1.358577,1860.99,2528.3
43023,L15,10019,A15,B30,C37,PCS,233,6.97,C,C07,1.358577,1624.01,2206.34
43017,L15,10056,A14,B30,C33,PCS,268,8.44,D,C03,7.133317,2261.92,16134.99
43017,L15,10056,A14,B30,C33,PCS,403,8.44,D,C03,7.133317,3401.32,24262.69
43017,L15,10056,A14,B30,C33,PCS,165,8.44,D,C03,7.133317,1392.6,9933.86
43017,L15,10056,A14,B30,C33,PCS,46,8.44,D,C03,7.133317,388.24,2769.44
43017,L15,10056,A14,B30,C33,PCS,852,8.44,D,C03,7.133317,7190.88,51294.83
43017,L15,10056,A14,B30,C33,PCS,187,8.44,D,C03,7.133317,1578.28,11258.37
43017,L15,10056,A14,B30,C33,PCS,620,8.44,D,C03,7.133317,5232.8,37327.22
43017,L15,10056,A14,B30,C33,PCS,758,8.44,D,C03,7.133317,6397.52,45635.54
43017,L15,10056,A14,B30,C33,PCS,697,8.44,D,C03,7.133317,5882.68,41963.02
43017,L15,10056,A14,B30,C33,PCS,129,8.44,D,C03,7.133317,1088.76,7766.47
43015,L15,10186,A14,B22,C38,PCS,952,7.72,C,C01,6.825646,7349.44,50164.68
43015,L15,10186,A14,B22,C38,PCS,130,7.72,C,C01,6.825646,1003.6,6850.22
43015,L15,10186,A14,B22,C38,PCS,604,7.72,C,C01,6.825646,4662.88,31827.17
43015,L15,10186,A14,B22,C38,PCS,128,7.72,C,C01,6.825646,988.16,6744.83
43015,L15,10186,A14,B22,C38,PCS,184,7.72,C,C01,6.825646,1420.48,9695.69
43015,L15,10186,A14,B22,C38,PCS,370,7.72,C,C01,6.825646,2856.4,19496.78
43015,L15,10186,A14,B22,C38,PCS,573,7.72,C,C01,6.825646,4423.56,30193.65
43015,L15,10186,A14,B22,C38,PCS,830,7.72,C,C01,6.825646,6407.6,43736.01
43015,L15,10186,A14,B22,C38,PCS,532,7.72,C,C01,6.825646,4107.04,28033.2
43015,L15,10186,A14,B22,C38,PCS,65,7.72,C,C01,6.825646,501.8,3425.11
43017,L15,10252,A12,B22,C38,PCS,910,2.87,C,C10,8.657656,2611.7,22611.2
43017,L15,10252,A12,B22,C38,PCS,583,2.87,C,C10,8.657656,1673.21,14486.08
43017,L15,10252,A12,B22,C38,PCS,160,2.87,C,C10,8.657656,459.2,3975.6
43017,L15,10252,A12,B22,C38,PCS,602,2.87,C,C10,8.657656,1727.74,14958.18
43017,L15,10252,A12,B22,C38,PCS,810,2.87,C,C10,8.657656,2324.7,20126.45
43017,L15,10252,A12,B22,C38,PCS,204,2.87,C,C10,8.657656,585.48,5068.88
43017,L15,10252,A12,B22,C38,PCS,1,2.87,C,C10,8.657656,2.87,24.85
43017,L15,10252,A12,B22,C38,PCS,361,2.87,C,C10,8.657656,1036.07,8969.94
43017,L15,10252,A12,B22,C38,PCS,174,2.87,C,C10,8.657656,499.38,4323.46
43017,L15,10252,A12,B22,C38,PCS,961,2.87,C,C10,8.657656,2758.07,23878.42
43027,L15,10305,A17,B28,C33,PCS,618,8.53,C,C03,7.133317,5271.54,37603.57
43027,L15,10305,A17,B28,C33,PCS,18,8.53,C,C03,7.133317,153.54,1095.25
43027,L15,10305,A17,B28,C33,PCS,27,8.53,C,C03,7.133317,230.31,1642.87
43027,L15,10305,A17,B28,C33,PCS,942,8.53,C,C03,7.133317,8035.26,57318.06
43027,L15,10305,A17,B28,C33,PCS,667,8.53,C,C03,7.133317,5689.51,40585.08
43027,L15,10305,A17,B28,C33,PCS,990,8.53,C,C03,7.133317,8444.7,60238.72
43027,L15,10305,A17,B28,C33,PCS,815,8.53,C,C03,7.133317,6951.95,49590.46
43027,L15,10305,A17,B28,C33,PCS,624,8.53,C,C03,7.133317,5322.72,37968.65
43027,L15,10305,A17,B28,C33,PCS,858,8.53,C,C03,7.133317,7318.74,52206.89
43027,L15,10305,A17,B28,C33,PCS,698,8.53,C,C03,7.133317,5953.94,42471.34
43027,L15,10333,A15,B21,C35,PCS,589,9.66,C,C05,3.40242,5689.74,19358.89
43027,L15,10333,A15,B21,C35,PCS,853,9.66,C,C05,3.40242,8239.98,28035.87
43027,L15,10333,A15,B21,C35,PCS,491,9.66,C,C05,3.40242,4743.06,16137.88
43027,L15,10333,A15,B21,C35,PCS,153,9.66,C,C05,3.40242,1477.98,5028.71
43027,L15,10333,A15,B21,C35,PCS,527,9.66,C,C05,3.40242,5090.82,17321.11
43027,L15,10333,A15,B21,C35,PCS,896,9.66,C,C05,3.40242,8655.36,29449.17
43027,L15,10333,A15,B21,C35,PCS,974,9.66,C,C05,3.40242,9408.84,32012.83
43027,L15,10333,A15,B21,C35,PCS,471,9.66,C,C05,3.40242,4549.86,15480.53
43027,L15,10333,A15,B21,C35,PCS,469,9.66,C,C05,3.40242,4530.54,15414.8
43027,L15,10333,A15,B21,C35,PCS,75,9.66,C,C05,3.40242,724.5,2465.05
43027,L15,10463,A15,B21,C37,PCS,307,2.55,D,C05,3.40242,782.85,2663.58
43027,L15,10463,A15,B21,C37,PCS,689,2.55,D,C05,3.40242,1756.95,5977.88
43027,L15,10463,A15,B21,C37,PCS,873,2.55,D,C05,3.40242,2226.15,7574.3
43027,L15,10463,A15,B21,C37,PCS,767,2.55,D,C05,3.40242,1955.85,6654.62
43027,L15,10463,A15,B21,C37,PCS,651,2.55,D,C05,3.40242,1660.05,5648.19
43027,L15,10463,A15,B21,C37,PCS,587,2.55,D,C05,3.40242,1496.85,5092.91
43027,L15,10463,A15,B21,C37,PCS,602,2.55,D,C05,3.40242,1535.1,5223.05
43027,L15,10463,A15,B21,C37,PCS,417,2.55,D,C05,3.40242,1063.35,3617.96
43027,L15,10463,A15,B21,C37,PCS,767,2.55,D,C05,3.40242,1955.85,6654.62
43027,L15,10463,A15,B21,C37,PCS,572,2.55,D,C05,3.40242,1458.6,4962.77
43024,L15,10692,A13,B21,C36,PCS,168,6.78,C,C01,6.825646,1139.04,7774.68
43024,L15,10692,A13,B21,C36,PCS,16,6.78,C,C01,6.825646,108.48,740.45
43024,L15,10692,A13,B21,C36,PCS,626,6.78,C,C01,6.825646,4244.28,28969.95
43024,L15,10692,A13,B21,C36,PCS,769,6.78,C,C01,6.825646,5213.82,35587.69
43024,L15,10692,A13,B21,C36,PCS,734,6.78,C,C01,6.825646,4976.52,33967.96
43024,L15,10692,A13,B21,C36,PCS,597,6.78,C,C01,6.825646,4047.66,27627.89
43024,L15,10692,A13,B21,C36,PCS,819,6.78,C,C01,6.825646,5552.82,37901.58
43024,L15,10692,A13,B21,C36,PCS,67,6.78,C,C01,6.825646,454.26,3100.62
43024,L15,10692,A13,B21,C36,PCS,228,6.78,C,C01,6.825646,1545.84,10551.36
43024,L15,10692,A13,B21,C36,PCS,663,6.78,C,C01,6.825646,4495.14,30682.23
43028,L15,10747,A16,B25,C31,PCS,717,7.85,C,C03,7.133317,5628.45,40149.52
43028,L15,10747,A16,B25,C31,PCS,483,7.85,C,C03,7.133317,3791.55,27046.33
43028,L15,10747,A16,B25,C31,PCS,189,7.85,C,C03,7.133317,1483.65,10583.35
43028,L15,10747,A16,B25,C31,PCS,183,7.85,C,C03,7.133317,1436.55,10247.37
43028,L15,10747,A16,B25,C31,PCS,123,7.85,C,C03,7.133317,965.55,6887.57
43028,L15,10747,A16,B25,C31,PCS,740,7.85,C,C03,7.133317,5809,41437.44
43028,L15,10747,A16,B25,C31,PCS,521,7.85,C,C03,7.133317,4089.85,29174.2
43028,L15,10747,A16,B25,C31,PCS,349,7.85,C,C03,7.133317,2739.65,19542.79
43028,L15,10747,A16,B25,C31,PCS,465,7.85,C,C03,7.133317,3650.25,26038.39
43028,L15,10747,A16,B25,C31,PCS,279,7.85,C,C03,7.133317,2190.15,15623.03
43031,L15,10752,A20,B30,C33,PCS,188,6.83,D,C04,5.388146,1284.04,6918.59
43031,L15,10752,A20,B30,C33,PCS,755,6.83,D,C04,5.388146,5156.65,27784.78
43031,L15,10752,A20,B30,C33,PCS,278,6.83,D,C04,5.388146,1898.74,10230.69
43031,L15,10752,A20,B30,C33,PCS,192,6.83,D,C04,5.388146,1311.36,7065.8
43031,L15,10752,A20,B30,C33,PCS,965,6.83,D,C04,5.388146,6590.95,35513
43031,L15,10752,A20,B30,C33,PCS,220,6.83,D,C04,5.388146,1502.6,8096.23
43031,L15,10752,A20,B30,C33,PCS,699,6.83,D,C04,5.388146,4774.17,25723.92
43031,L15,10752,A20,B30,C33,PCS,315,6.83,D,C04,5.388146,2151.45,11592.33
43031,L15,10752,A20,B30,C33,PCS,813,6.83,D,C04,5.388146,5552.79,29919.24
43031,L15,10752,A20,B30,C33,PCS,464,6.83,D,C04,5.388146,3169.12,17075.68
43028,L15,10811,A16,B25,C33,PCS,477,5.76,C,C04,5.388146,2747.52,14804.04
43028,L15,10811,A16,B25,C33,PCS,250,5.76,C,C04,5.388146,1440,7758.93
43028,L15,10811,A16,B25,C33,PCS,146,5.76,C,C04,5.388146,840.96,4531.22
43028,L15,10811,A16,B25,C33,PCS,104,5.76,C,C04,5.388146,599.04,3227.71
43028,L15,10811,A16,B25,C33,PCS,887,5.76,C,C04,5.388146,5109.12,27528.68
43028,L15,10811,A16,B25,C33,PCS,848,5.76,C,C04,5.388146,4884.48,26318.29
43028,L15,10811,A16,B25,C33,PCS,940,5.76,C,C04,5.388146,5414.4,29173.58
43028,L15,10811,A16,B25,C33,PCS,903,5.76,C,C04,5.388146,5201.28,28025.26
43028,L15,10811,A16,B25,C33,PCS,58,5.76,C,C04,5.388146,334.08,1800.07
43028,L15,10811,A16,B25,C33,PCS,968,5.76,C,C04,5.388146,5575.68,30042.58
43018,L15,10908,A14,B23,C33,PCS,339,6.44,D,C06,3.547054,2183.16,7743.79
43018,L15,10908,A14,B23,C33,PCS,915,6.44,D,C06,3.547054,5892.6,20901.37
43018,L15,10908,A14,B23,C33,PCS,152,6.44,D,C06,3.547054,978.88,3472.14
43018,L15,10908,A14,B23,C33,PCS,76,6.44,D,C06,3.547054,489.44,1736.07
43018,L15,10908,A14,B23,C33,PCS,78,6.44,D,C06,3.547054,502.32,1781.76
43018,L15,10908,A14,B23,C33,PCS,202,6.44,D,C06,3.547054,1300.88,4614.29
43018,L15,10908,A14,B23,C33,PCS,582,6.44,D,C06,3.547054,3748.08,13294.64
43018,L15,10908,A14,B23,C33,PCS,64,6.44,D,C06,3.547054,412.16,1461.95
43018,L15,10908,A14,B23,C33,PCS,236,6.44,D,C06,3.547054,1519.84,5390.95
43018,L15,10908,A14,B23,C33,PCS,238,6.44,D,C06,3.547054,1532.72,5436.64
43037,L15,10937,A13,B21,C37,PCS,324,7.64,D,C07,1.358577,2475.36,3362.97
43037,L15,10937,A13,B21,C37,PCS,562,7.64,D,C07,1.358577,4293.68,5833.29
43037,L15,10937,A13,B21,C37,PCS,252,7.64,D,C07,1.358577,1925.28,2615.64
43037,L15,10937,A13,B21,C37,PCS,241,7.64,D,C07,1.358577,1841.24,2501.47
43037,L15,10937,A13,B21,C37,PCS,651,7.64,D,C07,1.358577,4973.64,6757.07
43037,L15,10937,A13,B21,C37,PCS,888,7.64,D,C07,1.358577,6784.32,9217.02
43037,L15,10937,A13,B21,C37,PCS,422,7.64,D,C07,1.358577,3224.08,4380.16
43037,L15,10937,A13,B21,C37,PCS,846,7.64,D,C07,1.358577,6463.44,8781.08
43037,L15,10937,A13,B21,C37,PCS,297,7.64,D,C07,1.358577,2269.08,3082.72
43037,L15,10937,A13,B21,C37,PCS,16,7.64,D,C07,1.358577,122.24,166.07
43031,L15,10969,A11,B30,C33,PCS,41,1.38,C,C06,3.547054,56.58,200.69
43031,L15,10969,A11,B30,C33,PCS,954,1.38,C,C06,3.547054,1316.52,4669.77
43031,L15,10969,A11,B30,C33,PCS,26,1.38,C,C06,3.547054,35.88,127.27
43031,L15,10969,A11,B30,C33,PCS,582,1.38,C,C06,3.547054,803.16,2848.85
43031,L15,10969,A11,B30,C33,PCS,923,1.38,C,C06,3.547054,1273.74,4518.02
43031,L15,10969,A11,B30,C33,PCS,323,1.38,C,C06,3.547054,445.74,1581.06
43031,L15,10969,A11,B30,C33,PCS,521,1.38,C,C06,3.547054,718.98,2550.26
43031,L15,10969,A11,B30,C33,PCS,119,1.38,C,C06,3.547054,164.22,582.5
43031,L15,10969,A11,B30,C33,PCS,842,1.38,C,C06,3.547054,1161.96,4121.53
43031,L15,10969,A11,B30,C33,PCS,40,1.38,C,C06,3.547054,55.2,195.8
43025,L15,10997,A10,B22,C37,PCS,785,5.42,C,C07,1.358577,4254.7,5780.34
43025,L15,10997,A10,B22,C37,PCS,398,5.42,C,C07,1.358577,2157.16,2930.67
43025,L15,10997,A10,B22,C37,PCS,437,5.42,C,C07,1.358577,2368.54,3217.84
43025,L15,10997,A10,B22,C37,PCS,210,5.42,C,C07,1.358577,1138.2,1546.33
43025,L15,10997,A10,B22,C37,PCS,588,5.42,C,C07,1.358577,3186.96,4329.73
43025,L15,10997,A10,B22,C37,PCS,351,5.42,C,C07,1.358577,1902.42,2584.58
43025,L15,10997,A10,B22,C37,PCS,876,5.42,C,C07,1.358577,4747.92,6450.41
43025,L15,10997,A10,B22,C37,PCS,880,5.42,C,C07,1.358577,4769.6,6479.87
43025,L15,10997,A10,B22,C37,PCS,514,5.42,C,C07,1.358577,2785.88,3784.83
43025,L15,10997,A10,B22,C37,PCS,464,5.42,C,C07,1.358577,2514.88,3416.66
43039,L15,11168,A11,B24,C34,PCS,151,7.35,C,C01,6.825646,1109.85,7575.44
43039,L15,11168,A11,B24,C34,PCS,551,7.35,C,C01,6.825646,4049.85,27642.84
43039,L15,11168,A11,B24,C34,PCS,183,7.35,C,C01,6.825646,1345.05,9180.84
43039,L15,11168,A11,B24,C34,PCS,516,7.35,C,C01,6.825646,3792.6,25886.95
43039,L15,11168,A11,B24,C34,PCS,316,7.35,C,C01,6.825646,2322.6,15853.25
43039,L15,11168,A11,B24,C34,PCS,698,7.35,C,C01,6.825646,5130.3,35017.61
43039,L15,11168,A11,B24,C34,PCS,750,7.35,C,C01,6.825646,5512.5,37626.37
43039,L15,11168,A11,B24,C34,PCS,262,7.35,C,C01,6.825646,1925.7,13144.15
43039,L15,11168,A11,B24,C34,PCS,640,7.35,C,C01,6.825646,4704,32107.84
43039,L15,11168,A11,B24,C34,PCS,632,7.35,C,C01,6.825646,4645.2,31706.49
43031,L15,11233,A15,B30,C35,PCS,878,6.83,C,C04,5.388146,5996.74,32311.31
43031,L15,11233,A15,B30,C35,PCS,796,6.83,C,C04,5.388146,5436.68,29293.63
43031,L15,11233,A15,B30,C35,PCS,16,6.83,C,C04,5.388146,109.28,588.82
43031,L15,11233,A15,B30,C35,PCS,127,6.83,C,C04,5.388146,867.41,4673.73
43031,L15,11233,A15,B30,C35,PCS,144,6.83,C,C04,5.388146,983.52,5299.35
43031,L15,11233,A15,B30,C35,PCS,40,6.83,C,C04,5.388146,273.2,1472.04
43031,L15,11233,A15,B30,C35,PCS,904,6.83,C,C04,5.388146,6174.32,33268.14
43031,L15,11233,A15,B30,C35,PCS,825,6.83,C,C04,5.388146,5634.75,30360.86
43031,L15,11233,A15,B30,C35,PCS,711,6.83,C,C04,5.388146,4856.13,26165.54
43031,L15,11233,A15,B30,C35,PCS,494,6.83,C,C04,5.388146,3374.02,18179.71
43026,L15,11238,A18,B23,C35,PCS,355,3.04,D,C05,3.40242,1079.2,3671.89
43026,L15,11238,A18,B23,C35,PCS,642,3.04,D,C05,3.40242,1951.68,6640.44
43026,L15,11238,A18,B23,C35,PCS,290,3.04,D,C05,3.40242,881.6,2999.57
43026,L15,11238,A18,B23,C35,PCS,641,3.04,D,C05,3.40242,1948.64,6630.09
43026,L15,11238,A18,B23,C35,PCS,674,3.04,D,C05,3.40242,2048.96,6971.42
43026,L15,11238,A18,B23,C35,PCS,847,3.04,D,C05,3.40242,2574.88,8760.82
43026,L15,11238,A18,B23,C35,PCS,768,3.04,D,C05,3.40242,2334.72,7943.7
43026,L15,11238,A18,B23,C35,PCS,7,3.04,D,C05,3.40242,21.28,72.4
43026,L15,11238,A18,B23,C35,PCS,361,3.04,D,C05,3.40242,1097.44,3733.95
43026,L15,11238,A18,B23,C35,PCS,355,3.04,D,C05,3.40242,1079.2,3671.89
43031,L15,11252,A13,B23,C33,PCS,722,5.01,D,C01,6.825646,3617.22,24689.86
43031,L15,11252,A13,B23,C33,PCS,540,5.01,D,C01,6.825646,2705.4,18466.1
43031,L15,11252,A13,B23,C33,PCS,510,5.01,D,C01,6.825646,2555.1,17440.21
43031,L15,11252,A13,B23,C33,PCS,580,5.01,D,C01,6.825646,2905.8,19833.96
43031,L15,11252,A13,B23,C33,PCS,809,5.01,D,C01,6.825646,4053.09,27664.96
43031,L15,11252,A13,B23,C33,PCS,728,5.01,D,C01,6.825646,3647.28,24895.04
43031,L15,11252,A13,B23,C33,PCS,797,5.01,D,C01,6.825646,3992.97,27254.6
43031,L15,11252,A13,B23,C33,PCS,591,5.01,D,C01,6.825646,2960.91,20210.12
43031,L15,11252,A13,B23,C33,PCS,476,5.01,D,C01,6.825646,2384.76,16277.53
43031,L15,11252,A13,B23,C33,PCS,146,5.01,D,C01,6.825646,731.46,4992.69
43027,L15,11459,A13,B23,C36,PCS,116,9.66,D,C05,3.40242,1120.56,3812.62
43027,L15,11459,A13,B23,C36,PCS,497,9.66,D,C05,3.40242,4801.02,16335.09
43027,L15,11459,A13,B23,C36,PCS,313,9.66,D,C05,3.40242,3023.58,10287.49
43027,L15,11459,A13,B23,C36,PCS,792,9.66,D,C05,3.40242,7650.72,26030.96
43027,L15,11459,A13,B23,C36,PCS,651,9.66,D,C05,3.40242,6288.66,21396.66
43027,L15,11459,A13,B23,C36,PCS,457,9.66,D,C05,3.40242,4414.62,15020.39
43027,L15,11459,A13,B23,C36,PCS,681,9.66,D,C05,3.40242,6578.46,22382.68
43027,L15,11459,A13,B23,C36,PCS,550,9.66,D,C05,3.40242,5313,18077.06
43027,L15,11459,A13,B23,C36,PCS,219,9.66,D,C05,3.40242,2115.54,7197.96
43027,L15,11459,A13,B23,C36,PCS,277,9.66,D,C05,3.40242,2675.82,9104.26
43020,L15,11534,A19,B20,C35,PCS,409,1.25,C,C08,1.496196,511.25,764.93
43020,L15,11534,A19,B20,C35,PCS,725,1.25,C,C08,1.496196,906.25,1355.93
43020,L15,11534,A19,B20,C35,PCS,48,1.25,C,C08,1.496196,60,89.77
43020,L15,11534,A19,B20,C35,PCS,576,1.25,C,C08,1.496196,720,1077.26
43020,L15,11534,A19,B20,C35,PCS,59,1.25,C,C08,1.496196,73.75,110.34
43020,L15,11534,A19,B20,C35,PCS,166,1.25,C,C08,1.496196,207.5,310.46
43020,L15,11534,A19,B20,C35,PCS,773,1.25,C,C08,1.496196,966.25,1445.7
43020,L15,11534,A19,B20,C35,PCS,460,1.25,C,C08,1.496196,575,860.31
43020,L15,11534,A19,B20,C35,PCS,429,1.25,C,C08,1.496196,536.25,802.34
43020,L15,11534,A19,B20,C35,PCS,19,1.25,C,C08,1.496196,23.75,35.53
43029,L15,11543,A20,B27,C31,PCS,809,4.11,C,C05,3.40242,3324.99,11313.01
43029,L15,11543,A20,B27,C31,PCS,979,4.11,C,C05,3.40242,4023.69,13690.28
43029,L15,11543,A20,B27,C31,PCS,433,4.11,C,C05,3.40242,1779.63,6055.05
43029,L15,11543,A20,B27,C31,PCS,128,4.11,C,C05,3.40242,526.08,1789.95
43029,L15,11543,A20,B27,C31,PCS,345,4.11,C,C05,3.40242,1417.95,4824.46
43029,L15,11543,A20,B27,C31,PCS,383,4.11,C,C05,3.40242,1574.13,5355.85
43029,L15,11543,A20,B27,C31,PCS,568,4.11,C,C05,3.40242,2334.48,7942.88
43029,L15,11543,A20,B27,C31,PCS,616,4.11,C,C05,3.40242,2531.76,8614.11
43029,L15,11543,A20,B27,C31,PCS,995,4.11,C,C05,3.40242,4089.45,13914.03
43029,L15,11543,A20,B27,C31,PCS,221,4.11,C,C05,3.40242,908.31,3090.45
43024,L15,11666,A11,B23,C33,PCS,269,6.67,C,C01,6.825646,1794.23,12246.78
43024,L15,11666,A11,B23,C33,PCS,425,6.67,C,C01,6.825646,2834.75,19349
43024,L15,11666,A11,B23,C33,PCS,933,6.67,C,C01,6.825646,6223.11,42476.75
43024,L15,11666,A11,B23,C33,PCS,378,6.67,C,C01,6.825646,2521.26,17209.23
43024,L15,11666,A11,B23,C33,PCS,731,6.67,C,C01,6.825646,4875.77,33280.28
43024,L15,11666,A11,B23,C33,PCS,140,6.67,C,C01,6.825646,933.8,6373.79
43024,L15,11666,A11,B23,C33,PCS,883,6.67,C,C01,6.825646,5889.61,40200.39
43024,L15,11666,A11,B23,C33,PCS,941,6.67,C,C01,6.825646,6276.47,42840.96
43024,L15,11666,A11,B23,C33,PCS,822,6.67,C,C01,6.825646,5482.74,37423.24
43024,L15,11666,A11,B23,C33,PCS,911,6.67,C,C01,6.825646,6076.37,41475.15
43039,L15,11679,A12,B23,C30,PCS,567,3.19,D,C06,3.547054,1808.73,6415.66
43039,L15,11679,A12,B23,C30,PCS,654,3.19,D,C06,3.547054,2086.26,7400.08
43039,L15,11679,A12,B23,C30,PCS,101,3.19,D,C06,3.547054,322.19,1142.83
43039,L15,11679,A12,B23,C30,PCS,988,3.19,D,C06,3.547054,3151.72,11179.32
43039,L15,11679,A12,B23,C30,PCS,765,3.19,D,C06,3.547054,2440.35,8656.05
43039,L15,11679,A12,B23,C30,PCS,382,3.19,D,C06,3.547054,1218.58,4322.37
43039,L15,11679,A12,B23,C30,PCS,150,3.19,D,C06,3.547054,478.5,1697.27
43039,L15,11679,A12,B23,C30,PCS,23,3.19,D,C06,3.547054,73.37,260.25
43039,L15,11679,A12,B23,C30,PCS,692,3.19,D,C06,3.547054,2207.48,7830.05
43039,L15,11679,A12,B23,C30,PCS,178,3.19,D,C06,3.547054,567.82,2014.09
43021,L15,11776,A18,B20,C31,PCS,625,3.02,C,C02,9.912483,1887.5,18709.81
43021,L15,11776,A18,B20,C31,PCS,167,3.02,C,C02,9.912483,504.34,4999.26
43021,L15,11776,A18,B20,C31,PCS,713,3.02,C,C02,9.912483,2153.26,21344.15
43021,L15,11776,A18,B20,C31,PCS,112,3.02,C,C02,9.912483,338.24,3352.8
43021,L15,11776,A18,B20,C31,PCS,832,3.02,C,C02,9.912483,2512.64,24906.5
43021,L15,11776,A18,B20,C31,PCS,695,3.02,C,C02,9.912483,2098.9,20805.31
43021,L15,11776,A18,B20,C31,PCS,206,3.02,C,C02,9.912483,622.12,6166.75
43021,L15,11776,A18,B20,C31,PCS,834,3.02,C,C02,9.912483,2518.68,24966.37
43021,L15,11776,A18,B20,C31,PCS,750,3.02,C,C02,9.912483,2265,22451.77
43021,L15,11776,A18,B20,C31,PCS,445,3.02,C,C02,9.912483,1343.9,13321.39
43023,L15,11822,A16,B20,C37,PCS,898,8.17,D,C07,1.358577,7336.66,9967.42
43023,L15,11822,A16,B20,C37,PCS,697,8.17,D,C07,1.358577,5694.49,7736.4
43023,L15,11822,A16,B20,C37,PCS,476,8.17,D,C07,1.358577,3888.92,5283.4
43023,L15,11822,A16,B20,C37,PCS,277,8.17,D,C07,1.358577,2263.09,3074.58
43023,L15,11822,A16,B20,C37,PCS,11,8.17,D,C07,1.358577,89.87,122.1
43023,L15,11822,A16,B20,C37,PCS,475,8.17,D,C07,1.358577,3880.75,5272.3
43023,L15,11822,A16,B20,C37,PCS,967,8.17,D,C07,1.358577,7900.39,10733.29
43023,L15,11822,A16,B20,C37,PCS,77,8.17,D,C07,1.358577,629.09,854.67
43023,L15,11822,A16,B20,C37,PCS,790,8.17,D,C07,1.358577,6454.3,8768.66
43023,L15,11822,A16,B20,C37,PCS,914,8.17,D,C07,1.358577,7467.38,10145.01
43031,L15,11909,A11,B30,C33,PCS,301,6.74,D,C10,8.657656,2028.74,17564.13
43031,L15,11909,A11,B30,C33,PCS,637,6.74,D,C10,8.657656,4293.38,37170.61
43031,L15,11909,A11,B30,C33,PCS,870,6.74,D,C10,8.657656,5863.8,50766.76
43031,L15,11909,A11,B30,C33,PCS,404,6.74,D,C10,8.657656,2722.96,23574.45
43031,L15,11909,A11,B30,C33,PCS,784,6.74,D,C10,8.657656,5284.16,45748.44
43031,L15,11909,A11,B30,C33,PCS,945,6.74,D,C10,8.657656,6369.3,55143.21
43031,L15,11909,A11,B30,C33,PCS,71,6.74,D,C10,8.657656,478.54,4143.03
43031,L15,11909,A11,B30,C33,PCS,522,6.74,D,C10,8.657656,3518.28,30460.06
43031,L15,11909,A11,B30,C33,PCS,962,6.74,D,C10,8.657656,6483.88,56135.2
43031,L15,11909,A11,B30,C33,PCS,233,6.74,D,C10,8.657656,1570.42,13596.16
43036,L15,12102,A13,B30,C31,PCS,235,8.22,D,C07,1.358577,1931.7,2624.36
43036,L15,12102,A13,B30,C31,PCS,648,8.22,D,C07,1.358577,5326.56,7236.54
43036,L15,12102,A13,B30,C31,PCS,3,8.22,D,C07,1.358577,24.66,33.5
43036,L15,12102,A13,B30,C31,PCS,970,8.22,D,C07,1.358577,7973.4,10832.48
43036,L15,12102,A13,B30,C31,PCS,484,8.22,D,C07,1.358577,3978.48,5405.07
43036,L15,12102,A13,B30,C31,PCS,642,8.22,D,C07,1.358577,5277.24,7169.54
43036,L15,12102,A13,B30,C31,PCS,734,8.22,D,C07,1.358577,6033.48,8196.95
43036,L15,12102,A13,B30,C31,PCS,507,8.22,D,C07,1.358577,4167.54,5661.92
43036,L15,12102,A13,B30,C31,PCS,578,8.22,D,C07,1.358577,4751.16,6454.82
43036,L15,12102,A13,B30,C31,PCS,295,8.22,D,C07,1.358577,2424.9,3294.41
43024,L15,12190,A20,B20,C38,PCS,891,6.78,D,C01,6.825646,6040.98,41233.59
43024,L15,12190,A20,B20,C38,PCS,380,6.78,D,C01,6.825646,2576.4,17585.59
43024,L15,12190,A20,B20,C38,PCS,393,6.78,D,C01,6.825646,2664.54,18187.21
43024,L15,12190,A20,B20,C38,PCS,360,6.78,D,C01,6.825646,2440.8,16660.04
43024,L15,12190,A20,B20,C38,PCS,902,6.78,D,C01,6.825646,6115.56,41742.65
43024,L15,12190,A20,B20,C38,PCS,600,6.78,D,C01,6.825646,4068,27766.73
43024,L15,12190,A20,B20,C38,PCS,594,6.78,D,C01,6.825646,4027.32,27489.06
43024,L15,12190,A20,B20,C38,PCS,882,6.78,D,C01,6.825646,5979.96,40817.09
43024,L15,12190,A20,B20,C38,PCS,839,6.78,D,C01,6.825646,5688.42,38827.14
43024,L15,12190,A20,B20,C38,PCS,369,6.78,D,C01,6.825646,2501.82,17076.54
43026,L15,12427,A19,B30,C34,PCS,284,4,C,C09,1.199464,1136,1362.59
43026,L15,12427,A19,B30,C34,PCS,255,4,C,C09,1.199464,1020,1223.45
43026,L15,12427,A19,B30,C34,PCS,884,4,C,C09,1.199464,3536,4241.3
43026,L15,12427,A19,B30,C34,PCS,329,4,C,C09,1.199464,1316,1578.49
43026,L15,12427,A19,B30,C34,PCS,525,4,C,C09,1.199464,2100,2518.87
43026,L15,12427,A19,B30,C34,PCS,420,4,C,C09,1.199464,1680,2015.1
43026,L15,12427,A19,B30,C34,PCS,146,4,C,C09,1.199464,584,700.49
43026,L15,12427,A19,B30,C34,PCS,613,4,C,C09,1.199464,2452,2941.09
43026,L15,12427,A19,B30,C34,PCS,528,4,C,C09,1.199464,2112,2533.27
43026,L15,12427,A19,B30,C34,PCS,816,4,C,C09,1.199464,3264,3915.05
43033,L15,12462,A13,B20,C38,PCS,653,6.75,C,C08,1.496196,4407.75,6594.86
43033,L15,12462,A13,B20,C38,PCS,462,6.75,C,C08,1.496196,3118.5,4665.89
43033,L15,12462,A13,B20,C38,PCS,813,6.75,C,C08,1.496196,5487.75,8210.75
43033,L15,12462,A13,B20,C38,PCS,513,6.75,C,C08,1.496196,3462.75,5180.95
43033,L15,12462,A13,B20,C38,PCS,26,6.75,C,C08,1.496196,175.5,262.58
43033,L15,12462,A13,B20,C38,PCS,16,6.75,C,C08,1.496196,108,161.59
43033,L15,12462,A13,B20,C38,PCS,35,6.75,C,C08,1.496196,236.25,353.48
43033,L15,12462,A13,B20,C38,PCS,425,6.75,C,C08,1.496196,2868.75,4292.21
43033,L15,12462,A13,B20,C38,PCS,393,6.75,C,C08,1.496196,2652.75,3969.03
43033,L15,12462,A13,B20,C38,PCS,221,6.75,C,C08,1.496196,1491.75,2231.95
43012,L15,12494,A14,B22,C33,PCS,433,2.95,C,C03,7.133317,1277.35,9111.74
43012,L15,12494,A14,B22,C33,PCS,285,2.95,C,C03,7.133317,840.75,5997.34
43012,L15,12494,A14,B22,C33,PCS,145,2.95,C,C03,7.133317,427.75,3051.28
43012,L15,12494,A14,B22,C33,PCS,455,2.95,C,C03,7.133317,1342.25,9574.69
43012,L15,12494,A14,B22,C33,PCS,229,2.95,C,C03,7.133317,675.55,4818.91
43012,L15,12494,A14,B22,C33,PCS,325,2.95,C,C03,7.133317,958.75,6839.07
43012,L15,12494,A14,B22,C33,PCS,118,2.95,C,C03,7.133317,348.1,2483.11
43012,L15,12494,A14,B22,C33,PCS,232,2.95,C,C03,7.133317,684.4,4882.04
43012,L15,12494,A14,B22,C33,PCS,810,2.95,C,C03,7.133317,2389.5,17045.06
43012,L15,12494,A14,B22,C33,PCS,38,2.95,C,C03,7.133317,112.1,799.64
43036,L15,12527,A12,B24,C38,PCS,498,2.11,C,C07,1.358577,1050.78,1427.57
43036,L15,12527,A12,B24,C38,PCS,8,2.11,C,C07,1.358577,16.88,22.93
43036,L15,12527,A12,B24,C38,PCS,489,2.11,C,C07,1.358577,1031.79,1401.77
43036,L15,12527,A12,B24,C38,PCS,697,2.11,C,C07,1.358577,1470.67,1998.02
43036,L15,12527,A12,B24,C38,PCS,493,2.11,C,C07,1.358577,1040.23,1413.23
43036,L15,12527,A12,B24,C38,PCS,524,2.11,C,C07,1.358577,1105.64,1502.1
43036,L15,12527,A12,B24,C38,PCS,352,2.11,C,C07,1.358577,742.72,1009.04
43036,L15,12527,A12,B24,C38,PCS,211,2.11,C,C07,1.358577,445.21,604.85
43036,L15,12527,A12,B24,C38,PCS,486,2.11,C,C07,1.358577,1025.46,1393.17
43036,L15,12527,A12,B24,C38,PCS,170,2.11,C,C07,1.358577,358.7,487.32
43027,L15,12812,A12,B28,C37,PCS,148,5.3,C,C04,5.388146,784.4,4226.46
43027,L15,12812,A12,B28,C37,PCS,729,5.3,C,C04,5.388146,3863.7,20818.18
43027,L15,12812,A12,B28,C37,PCS,566,5.3,C,C04,5.388146,2999.8,16163.36
43027,L15,12812,A12,B28,C37,PCS,781,5.3,C,C04,5.388146,4139.3,22303.15
43027,L15,12812,A12,B28,C37,PCS,844,5.3,C,C04,5.388146,4473.2,24102.25
43027,L15,12812,A12,B28,C37,PCS,626,5.3,C,C04,5.388146,3317.8,17876.79
43027,L15,12812,A12,B28,C37,PCS,310,5.3,C,C04,5.388146,1643,8852.72
43027,L15,12812,A12,B28,C37,PCS,330,5.3,C,C04,5.388146,1749,9423.87
43027,L15,12812,A12,B28,C37,PCS,920,5.3,C,C04,5.388146,4876,26272.6
43027,L15,12812,A12,B28,C37,PCS,518,5.3,C,C04,5.388146,2745.4,14792.62
43027,L15,12822,A10,B27,C37,PCS,342,9.66,C,C05,3.40242,3303.72,11240.64
43027,L15,12822,A10,B27,C37,PCS,130,9.66,C,C05,3.40242,1255.8,4272.76
43027,L15,12822,A10,B27,C37,PCS,111,9.66,C,C05,3.40242,1072.26,3648.28
43027,L15,12822,A10,B27,C37,PCS,767,9.66,C,C05,3.40242,7409.22,25209.28
43027,L15,12822,A10,B27,C37,PCS,713,9.66,C,C05,3.40242,6887.58,23434.44
43027,L15,12822,A10,B27,C37,PCS,907,9.66,C,C05,3.40242,8761.62,29810.71
43027,L15,12822,A10,B27,C37,PCS,596,9.66,C,C05,3.40242,5757.36,19588.96
43027,L15,12822,A10,B27,C37,PCS,189,9.66,C,C05,3.40242,1825.74,6211.93
43027,L15,12822,A10,B27,C37,PCS,963,9.66,C,C05,3.40242,9302.58,31651.28
43027,L15,12822,A10,B27,C37,PCS,204,9.66,C,C05,3.40242,1970.64,6704.94
43037,L15,13248,A12,B27,C30,PCS,72,7.64,C,C07,1.358577,550.08,747.33
43037,L15,13248,A12,B27,C30,PCS,704,7.64,C,C07,1.358577,5378.56,7307.19
43037,L15,13248,A12,B27,C30,PCS,215,7.64,C,C07,1.358577,1642.6,2231.6
43037,L15,13248,A12,B27,C30,PCS,433,7.64,C,C07,1.358577,3308.12,4494.34
43037,L15,13248,A12,B27,C30,PCS,61,7.64,C,C07,1.358577,466.04,633.15
43037,L15,13248,A12,B27,C30,PCS,362,7.64,C,C07,1.358577,2765.68,3757.39
43037,L15,13248,A12,B27,C30,PCS,709,7.64,C,C07,1.358577,5416.76,7359.09
43037,L15,13248,A12,B27,C30,PCS,25,7.64,C,C07,1.358577,191,259.49
43037,L15,13248,A12,B27,C30,PCS,188,7.64,C,C07,1.358577,1436.32,1951.35
43037,L15,13248,A12,B27,C30,PCS,839,7.64,C,C07,1.358577,6409.96,8708.42
43021,L15,13308,A14,B29,C33,PCS,315,8.57,D,C08,1.496196,2699.55,4039.06
43021,L15,13308,A14,B29,C33,PCS,17,8.57,D,C08,1.496196,145.69,217.98
43021,L15,13308,A14,B29,C33,PCS,500,8.57,D,C08,1.496196,4285,6411.2
43021,L15,13308,A14,B29,C33,PCS,740,8.57,D,C08,1.496196,6341.8,9488.58
43021,L15,13308,A14,B29,C33,PCS,851,8.57,D,C08,1.496196,7293.07,10911.86
43021,L15,13308,A14,B29,C33,PCS,278,8.57,D,C08,1.496196,2382.46,3564.63
43021,L15,13308,A14,B29,C33,PCS,962,8.57,D,C08,1.496196,8244.34,12335.15
43021,L15,13308,A14,B29,C33,PCS,617,8.57,D,C08,1.496196,5287.69,7911.42
43021,L15,13308,A14,B29,C33,PCS,819,8.57,D,C08,1.496196,7018.83,10501.55
43021,L15,13308,A14,B29,C33,PCS,381,8.57,D,C08,1.496196,3265.17,4885.33
43028,L15,13485,A14,B29,C32,PCS,376,7.85,D,C03,7.133317,2951.6,21054.7
43028,L15,13485,A14,B29,C32,PCS,414,7.85,D,C03,7.133317,3249.9,23182.57
43028,L15,13485,A14,B29,C32,PCS,231,7.85,D,C03,7.133317,1813.35,12935.2
43028,L15,13485,A14,B29,C32,PCS,200,7.85,D,C03,7.133317,1570,11199.31
43028,L15,13485,A14,B29,C32,PCS,154,7.85,D,C03,7.133317,1208.9,8623.47
43028,L15,13485,A14,B29,C32,PCS,317,7.85,D,C03,7.133317,2488.45,17750.9
43028,L15,13485,A14,B29,C32,PCS,117,7.85,D,C03,7.133317,918.45,6551.59
43028,L15,13485,A14,B29,C32,PCS,208,7.85,D,C03,7.133317,1632.8,11647.28
43028,L15,13485,A14,B29,C32,PCS,619,7.85,D,C03,7.133317,4859.15,34661.86
43028,L15,13485,A14,B29,C32,PCS,514,7.85,D,C03,7.133317,4034.9,28782.22
43031,L15,13499,A15,B29,C31,PCS,841,8.66,C,C06,3.547054,7283.06,25833.41
43031,L15,13499,A15,B29,C31,PCS,498,8.66,C,C06,3.547054,4312.68,15297.31
43031,L15,13499,A15,B29,C31,PCS,780,8.66,C,C06,3.547054,6754.8,23959.64
43031,L15,13499,A15,B29,C31,PCS,337,8.66,C,C06,3.547054,2918.42,10351.79
43031,L15,13499,A15,B29,C31,PCS,395,8.66,C,C06,3.547054,3420.7,12133.41
43031,L15,13499,A15,B29,C31,PCS,157,8.66,C,C06,3.547054,1359.62,4822.65
43031,L15,13499,A15,B29,C31,PCS,334,8.66,C,C06,3.547054,2892.44,10259.64
43031,L15,13499,A15,B29,C31,PCS,989,8.66,C,C06,3.547054,8564.74,30379.6
43031,L15,13499,A15,B29,C31,PCS,871,8.66,C,C06,3.547054,7542.86,26754.93
43031,L15,13499,A15,B29,C31,PCS,2,8.66,C,C06,3.547054,17.32,61.43
43012,L15,13659,A10,B26,C37,PCS,194,2.95,D,C03,7.133317,572.3,4082.4
43012,L15,13659,A10,B26,C37,PCS,847,2.95,D,C03,7.133317,2498.65,17823.66
43012,L15,13659,A10,B26,C37,PCS,177,2.95,D,C03,7.133317,522.15,3724.66
43012,L15,13659,A10,B26,C37,PCS,759,2.95,D,C03,7.133317,2239.05,15971.85
43012,L15,13659,A10,B26,C37,PCS,280,2.95,D,C03,7.133317,826,5892.12
43012,L15,13659,A10,B26,C37,PCS,385,2.95,D,C03,7.133317,1135.75,8101.66
43012,L15,13659,A10,B26,C37,PCS,927,2.95,D,C03,7.133317,2734.65,19507.13
43012,L15,13659,A10,B26,C37,PCS,882,2.95,D,C03,7.133317,2601.9,18560.18
43012,L15,13659,A10,B26,C37,PCS,300,2.95,D,C03,7.133317,885,6312.99
43012,L15,13659,A10,B26,C37,PCS,218,2.95,D,C03,7.133317,643.1,4587.44
43028,L15,13744,A10,B28,C37,PCS,642,7.79,C,C06,3.547054,5001.18,17739.46
43028,L15,13744,A10,B28,C37,PCS,675,7.79,C,C06,3.547054,5258.25,18651.3
43028,L15,13744,A10,B28,C37,PCS,525,7.79,C,C06,3.547054,4089.75,14506.56
43028,L15,13744,A10,B28,C37,PCS,340,7.79,C,C06,3.547054,2648.6,9394.73
43028,L15,13744,A10,B28,C37,PCS,232,7.79,C,C06,3.547054,1807.28,6410.52
43028,L15,13744,A10,B28,C37,PCS,416,7.79,C,C06,3.547054,3240.64,11494.73
43028,L15,13744,A10,B28,C37,PCS,49,7.79,C,C06,3.547054,381.71,1353.95
43028,L15,13744,A10,B28,C37,PCS,206,7.79,C,C06,3.547054,1604.74,5692.1
43028,L15,13744,A10,B28,C37,PCS,327,7.79,C,C06,3.547054,2547.33,9035.52
43028,L15,13744,A10,B28,C37,PCS,349,7.79,C,C06,3.547054,2718.71,9643.41
43038,L15,13898,A20,B21,C39,PCS,463,9.98,D,C10,8.657656,4620.74,40004.78
43038,L15,13898,A20,B21,C39,PCS,518,9.98,D,C10,8.657656,5169.64,44756.96
43038,L15,13898,A20,B21,C39,PCS,831,9.98,D,C10,8.657656,8293.38,71801.23
43038,L15,13898,A20,B21,C39,PCS,729,9.98,D,C10,8.657656,7275.42,62988.08
43038,L15,13898,A20,B21,C39,PCS,712,9.98,D,C10,8.657656,7105.76,61519.23
43038,L15,13898,A20,B21,C39,PCS,120,9.98,D,C10,8.657656,1197.6,10368.41
43038,L15,13898,A20,B21,C39,PCS,798,9.98,D,C10,8.657656,7964.04,68949.92
43038,L15,13898,A20,B21,C39,PCS,965,9.98,D,C10,8.657656,9630.7,83379.29
43038,L15,13898,A20,B21,C39,PCS,163,9.98,D,C10,8.657656,1626.74,14083.76
43038,L15,13898,A20,B21,C39,PCS,343,9.98,D,C10,8.657656,3423.14,29636.37
43028,L15,14101,A14,B20,C38,PCS,582,7.85,D,C03,7.133317,4568.7,32589.99
43028,L15,14101,A14,B20,C38,PCS,595,7.85,D,C03,7.133317,4670.75,33317.94
43028,L15,14101,A14,B20,C38,PCS,396,7.85,D,C03,7.133317,3108.6,22174.63
43028,L15,14101,A14,B20,C38,PCS,988,7.85,D,C03,7.133317,7755.8,55324.58
43028,L15,14101,A14,B20,C38,PCS,782,7.85,D,C03,7.133317,6138.7,43789.29
43028,L15,14101,A14,B20,C38,PCS,309,7.85,D,C03,7.133317,2425.65,17302.93
43028,L15,14101,A14,B20,C38,PCS,795,7.85,D,C03,7.133317,6240.75,44517.25
43028,L15,14101,A14,B20,C38,PCS,139,7.85,D,C03,7.133317,1091.15,7783.52
43028,L15,14101,A14,B20,C38,PCS,17,7.85,D,C03,7.133317,133.45,951.94
43028,L15,14101,A14,B20,C38,PCS,867,7.85,D,C03,7.133317,6805.95,48549
43015,L15,14160,A15,B24,C38,PCS,368,8.1,D,C08,1.496196,2980.8,4459.86
43015,L15,14160,A15,B24,C38,PCS,133,8.1,D,C08,1.496196,1077.3,1611.85
43015,L15,14160,A15,B24,C38,PCS,406,8.1,D,C08,1.496196,3288.6,4920.39
43015,L15,14160,A15,B24,C38,PCS,677,8.1,D,C08,1.496196,5483.7,8204.69
43015,L15,14160,A15,B24,C38,PCS,39,8.1,D,C08,1.496196,315.9,472.65
43015,L15,14160,A15,B24,C38,PCS,294,8.1,D,C08,1.496196,2381.4,3563.04
43015,L15,14160,A15,B24,C38,PCS,190,8.1,D,C08,1.496196,1539,2302.65
43015,L15,14160,A15,B24,C38,PCS,804,8.1,D,C08,1.496196,6512.4,9743.83
43015,L15,14160,A15,B24,C38,PCS,470,8.1,D,C08,1.496196,3807,5696.02
43015,L15,14160,A15,B24,C38,PCS,242,8.1,D,C08,1.496196,1960.2,2932.84
43021,L15,14243,A13,B28,C37,PCS,191,8.57,D,C08,1.496196,1636.87,2449.08
43021,L15,14243,A13,B28,C37,PCS,620,8.57,D,C08,1.496196,5313.4,7949.89
43021,L15,14243,A13,B28,C37,PCS,823,8.57,D,C08,1.496196,7053.11,10552.83
43021,L15,14243,A13,B28,C37,PCS,133,8.57,D,C08,1.496196,1139.81,1705.38
43021,L15,14243,A13,B28,C37,PCS,639,8.57,D,C08,1.496196,5476.23,8193.51
43021,L15,14243,A13,B28,C37,PCS,839,8.57,D,C08,1.496196,7190.23,10757.99
43021,L15,14243,A13,B28,C37,PCS,165,8.57,D,C08,1.496196,1414.05,2115.7
43021,L15,14243,A13,B28,C37,PCS,888,8.57,D,C08,1.496196,7610.16,11386.29
43021,L15,14243,A13,B28,C37,PCS,51,8.57,D,C08,1.496196,437.07,653.94
43021,L15,14243,A13,B28,C37,PCS,833,8.57,D,C08,1.496196,7138.81,10681.06
43031,L15,14352,A11,B28,C38,PCS,596,6.83,D,C04,5.388146,4070.68,21933.42
43031,L15,14352,A11,B28,C38,PCS,27,6.83,D,C04,5.388146,184.41,993.63
43031,L15,14352,A11,B28,C38,PCS,839,6.83,D,C04,5.388146,5730.37,30876.07
43031,L15,14352,A11,B28,C38,PCS,239,6.83,D,C04,5.388146,1632.37,8795.45
43031,L15,14352,A11,B28,C38,PCS,829,6.83,D,C04,5.388146,5662.07,30508.06
43031,L15,14352,A11,B28,C38,PCS,686,6.83,D,C04,5.388146,4685.38,25245.51
43031,L15,14352,A11,B28,C38,PCS,670,6.83,D,C04,5.388146,4576.1,24656.69
43031,L15,14352,A11,B28,C38,PCS,353,6.83,D,C04,5.388146,2410.99,12990.77
43031,L15,14352,A11,B28,C38,PCS,498,6.83,D,C04,5.388146,3401.34,18326.92
43031,L15,14352,A11,B28,C38,PCS,486,6.83,D,C04,5.388146,3319.38,17885.3
43018,L15,14394,A20,B28,C32,PCS,2,6.44,D,C06,3.547054,12.88,45.69
43018,L15,14394,A20,B28,C32,PCS,806,6.44,D,C06,3.547054,5190.64,18411.48
43018,L15,14394,A20,B28,C32,PCS,975,6.44,D,C06,3.547054,6279,22271.95
43018,L15,14394,A20,B28,C32,PCS,760,6.44,D,C06,3.547054,4894.4,17360.7
43018,L15,14394,A20,B28,C32,PCS,964,6.44,D,C06,3.547054,6208.16,22020.68
43018,L15,14394,A20,B28,C32,PCS,613,6.44,D,C06,3.547054,3947.72,14002.78
43018,L15,14394,A20,B28,C32,PCS,831,6.44,D,C06,3.547054,5351.64,18982.56
43018,L15,14394,A20,B28,C32,PCS,784,6.44,D,C06,3.547054,5048.96,17908.93
43018,L15,14394,A20,B28,C32,PCS,36,6.44,D,C06,3.547054,231.84,822.35
43018,L15,14394,A20,B28,C32,PCS,630,6.44,D,C06,3.547054,4057.2,14391.11
43032,L15,14631,A10,B27,C34,PCS,11,1.16,D,C06,3.547054,12.76,45.26
43032,L15,14631,A10,B27,C34,PCS,662,1.16,D,C06,3.547054,767.92,2723.85
43032,L15,14631,A10,B27,C34,PCS,493,1.16,D,C06,3.547054,571.88,2028.49
43032,L15,14631,A10,B27,C34,PCS,16,1.16,D,C06,3.547054,18.56,65.83
43032,L15,14631,A10,B27,C34,PCS,483,1.16,D,C06,3.547054,560.28,1987.34
43032,L15,14631,A10,B27,C34,PCS,847,1.16,D,C06,3.547054,982.52,3485.05
43032,L15,14631,A10,B27,C34,PCS,386,1.16,D,C06,3.547054,447.76,1588.23
43032,L15,14631,A10,B27,C34,PCS,105,1.16,D,C06,3.547054,121.8,432.03
43032,L15,14631,A10,B27,C34,PCS,1,1.16,D,C06,3.547054,1.16,4.11
43032,L15,14631,A10,B27,C34,PCS,405,1.16,D,C06,3.547054,469.8,1666.41
43025,L15,14706,A15,B24,C36,PCS,873,5.68,D,C02,9.912483,4958.64,49152.43
43025,L15,14706,A15,B24,C36,PCS,985,5.68,D,C02,9.912483,5594.8,55458.36
43025,L15,14706,A15,B24,C36,PCS,813,5.68,D,C02,9.912483,4617.84,45774.26
43025,L15,14706,A15,B24,C36,PCS,437,5.68,D,C02,9.912483,2482.16,24604.37
43025,L15,14706,A15,B24,C36,PCS,241,5.68,D,C02,9.912483,1368.88,13569
43025,L15,14706,A15,B24,C36,PCS,770,5.68,D,C02,9.912483,4373.6,43353.24
43025,L15,14706,A15,B24,C36,PCS,80,5.68,D,C02,9.912483,454.4,4504.23
43025,L15,14706,A15,B24,C36,PCS,119,5.68,D,C02,9.912483,675.92,6700.05
43025,L15,14706,A15,B24,C36,PCS,849,5.68,D,C02,9.912483,4822.32,47801.17
43025,L15,14706,A15,B24,C36,PCS,838,5.68,D,C02,9.912483,4759.84,47181.83
43026,L15,14739,A12,B29,C33,PCS,130,3.13,C,C09,1.199464,406.9,488.06
43026,L15,14739,A12,B29,C33,PCS,955,3.13,C,C09,1.199464,2989.15,3585.38
43026,L15,14739,A12,B29,C33,PCS,546,3.13,C,C09,1.199464,1708.98,2049.86
43026,L15,14739,A12,B29,C33,PCS,991,3.13,C,C09,1.199464,3101.83,3720.53
43026,L15,14739,A12,B29,C33,PCS,925,3.13,C,C09,1.199464,2895.25,3472.75
43026,L15,14739,A12,B29,C33,PCS,55,3.13,C,C09,1.199464,172.15,206.49
43026,L15,14739,A12,B29,C33,PCS,9,3.13,C,C09,1.199464,28.17,33.79
43026,L15,14739,A12,B29,C33,PCS,764,3.13,C,C09,1.199464,2391.32,2868.3
43026,L15,14739,A12,B29,C33,PCS,674,3.13,C,C09,1.199464,2109.62,2530.41
43026,L15,14739,A12,B29,C33,PCS,989,3.13,C,C09,1.199464,3095.57,3713.02
43023,L15,14886,A10,B20,C32,PCS,210,6.76,C,C02,9.912483,1419.6,14071.76
43023,L15,14886,A10,B20,C32,PCS,519,6.76,C,C02,9.912483,3508.44,34777.35
43023,L15,14886,A10,B20,C32,PCS,673,6.76,C,C02,9.912483,4549.48,45096.64
43023,L15,14886,A10,B20,C32,PCS,238,6.76,C,C02,9.912483,1608.88,15948
43023,L15,14886,A10,B20,C32,PCS,60,6.76,C,C02,9.912483,405.6,4020.5
43023,L15,14886,A10,B20,C32,PCS,996,6.76,C,C02,9.912483,6732.96,66740.35
43023,L15,14886,A10,B20,C32,PCS,970,6.76,C,C02,9.912483,6557.2,64998.13
43023,L15,14886,A10,B20,C32,PCS,900,6.76,C,C02,9.912483,6084,60307.55
43023,L15,14886,A10,B20,C32,PCS,921,6.76,C,C02,9.912483,6225.96,61714.72
43023,L15,14886,A10,B20,C32,PCS,893,6.76,C,C02,9.912483,6036.68,59838.49
43025,L15,14986,A18,B27,C36,PCS,163,5.68,C,C02,9.912483,925.84,9177.37
43025,L15,14986,A18,B27,C36,PCS,138,5.68,C,C02,9.912483,783.84,7769.8
43025,L15,14986,A18,B27,C36,PCS,683,5.68,C,C02,9.912483,3879.44,38454.88
43025,L15,14986,A18,B27,C36,PCS,610,5.68,C,C02,9.912483,3464.8,34344.77
43025,L15,14986,A18,B27,C36,PCS,474,5.68,C,C02,9.912483,2692.32,26687.58
43025,L15,14986,A18,B27,C36,PCS,202,5.68,C,C02,9.912483,1147.36,11373.19
43025,L15,14986,A18,B27,C36,PCS,817,5.68,C,C02,9.912483,4640.56,45999.47
43025,L15,14986,A18,B27,C36,PCS,887,5.68,C,C02,9.912483,5038.16,49940.68
43025,L15,14986,A18,B27,C36,PCS,306,5.68,C,C02,9.912483,1738.08,17228.69
43025,L15,14986,A18,B27,C36,PCS,354,5.68,C,C02,9.912483,2010.72,19931.23
43009,L15,15005,A10,B24,C40,PCS,63,9.65,C,C08,1.496196,607.95,909.61
43009,L15,15005,A10,B24,C40,PCS,364,9.65,C,C08,1.496196,3512.6,5255.54
43009,L15,15005,A10,B24,C40,PCS,551,9.65,C,C08,1.496196,5317.15,7955.5
43009,L15,15005,A10,B24,C40,PCS,794,9.65,C,C08,1.496196,7662.1,11464
43009,L15,15005,A10,B24,C40,PCS,549,9.65,C,C08,1.496196,5297.85,7926.62
43009,L15,15005,A10,B24,C40,PCS,433,9.65,C,C08,1.496196,4178.45,6251.78
43009,L15,15005,A10,B24,C40,PCS,842,9.65,C,C08,1.496196,8125.3,12157.04
43009,L15,15005,A10,B24,C40,PCS,73,9.65,C,C08,1.496196,704.45,1054
43009,L15,15005,A10,B24,C40,PCS,114,9.65,C,C08,1.496196,1100.1,1645.97
43009,L15,15005,A10,B24,C40,PCS,239,9.65,C,C08,1.496196,2306.35,3450.75
43027,L15,15229,A18,B28,C36,PCS,478,5.3,C,C04,5.388146,2533.4,13650.33
43027,L15,15229,A18,B28,C36,PCS,985,5.3,C,C04,5.388146,5220.5,28128.82
43027,L15,15229,A18,B28,C36,PCS,641,5.3,C,C04,5.388146,3397.3,18305.15
43027,L15,15229,A18,B28,C36,PCS,773,5.3,C,C04,5.388146,4096.9,22074.7
43027,L15,15229,A18,B28,C36,PCS,282,5.3,C,C04,5.388146,1494.6,8053.12
43027,L15,15229,A18,B28,C36,PCS,391,5.3,C,C04,5.388146,2072.3,11165.85
43027,L15,15229,A18,B28,C36,PCS,599,5.3,C,C04,5.388146,3174.7,17105.75
43027,L15,15229,A18,B28,C36,PCS,846,5.3,C,C04,5.388146,4483.8,24159.37
43027,L15,15229,A18,B28,C36,PCS,535,5.3,C,C04,5.388146,2835.5,15278.09
43027,L15,15229,A18,B28,C36,PCS,752,5.3,C,C04,5.388146,3985.6,21474.99
43031,L15,15272,A18,B26,C37,PCS,155,8.66,D,C06,3.547054,1342.3,4761.21
43031,L15,15272,A18,B26,C37,PCS,901,8.66,D,C06,3.547054,7802.66,27676.46
43031,L15,15272,A18,B26,C37,PCS,903,8.66,D,C06,3.547054,7819.98,27737.89
43031,L15,15272,A18,B26,C37,PCS,943,8.66,D,C06,3.547054,8166.38,28966.59
43031,L15,15272,A18,B26,C37,PCS,105,8.66,D,C06,3.547054,909.3,3225.34
43031,L15,15272,A18,B26,C37,PCS,769,8.66,D,C06,3.547054,6659.54,23621.75
43031,L15,15272,A18,B26,C37,PCS,691,8.66,D,C06,3.547054,5984.06,21225.78
43031,L15,15272,A18,B26,C37,PCS,323,8.66,D,C06,3.547054,2797.18,9921.75
43031,L15,15272,A18,B26,C37,PCS,233,8.66,D,C06,3.547054,2017.78,7157.17
43031,L15,15272,A18,B26,C37,PCS,407,8.66,D,C06,3.547054,3524.62,12502.02
43013,L15,15522,A12,B29,C34,PCS,855,1.98,D,C03,7.133317,1692.9,12075.99
43013,L15,15522,A12,B29,C34,PCS,599,1.98,D,C03,7.133317,1186.02,8460.26
43013,L15,15522,A12,B29,C34,PCS,948,1.98,D,C03,7.133317,1877.04,13389.52
43013,L15,15522,A12,B29,C34,PCS,932,1.98,D,C03,7.133317,1845.36,13163.54
43013,L15,15522,A12,B29,C34,PCS,122,1.98,D,C03,7.133317,241.56,1723.12
43013,L15,15522,A12,B29,C34,PCS,579,1.98,D,C03,7.133317,1146.42,8177.78
43013,L15,15522,A12,B29,C34,PCS,173,1.98,D,C03,7.133317,342.54,2443.45
43013,L15,15522,A12,B29,C34,PCS,623,1.98,D,C03,7.133317,1233.54,8799.23
43013,L15,15522,A12,B29,C34,PCS,103,1.98,D,C03,7.133317,203.94,1454.77
43013,L15,15522,A12,B29,C34,PCS,654,1.98,D,C03,7.133317,1294.92,9237.07
43026,L15,15571,A19,B21,C38,PCS,766,8.64,C,C06,3.547054,6618.24,23475.25
43026,L15,15571,A19,B21,C38,PCS,720,8.64,C,C06,3.547054,6220.8,22065.51
43026,L15,15571,A19,B21,C38,PCS,174,8.64,C,C06,3.547054,1503.36,5332.5
43026,L15,15571,A19,B21,C38,PCS,184,8.64,C,C06,3.547054,1589.76,5638.96
43026,L15,15571,A19,B21,C38,PCS,607,8.64,C,C06,3.547054,5244.48,18602.45
43026,L15,15571,A19,B21,C38,PCS,306,8.64,C,C06,3.547054,2643.84,9377.84
43026,L15,15571,A19,B21,C38,PCS,406,8.64,C,C06,3.547054,3507.84,12442.5
43026,L15,15571,A19,B21,C38,PCS,904,8.64,C,C06,3.547054,7810.56,27704.48
43026,L15,15571,A19,B21,C38,PCS,583,8.64,C,C06,3.547054,5037.12,17866.94
43026,L15,15571,A19,B21,C38,PCS,247,8.64,C,C06,3.547054,2134.08,7569.7
43009,L15,15578,A12,B24,C38,PCS,148,4.68,C,C08,1.496196,692.64,1036.33
43009,L15,15578,A12,B24,C38,PCS,101,4.68,C,C08,1.496196,472.68,707.22
43009,L15,15578,A12,B24,C38,PCS,535,4.68,C,C08,1.496196,2503.8,3746.18
43009,L15,15578,A12,B24,C38,PCS,942,4.68,C,C08,1.496196,4408.56,6596.07
43009,L15,15578,A12,B24,C38,PCS,84,4.68,C,C08,1.496196,393.12,588.18
43009,L15,15578,A12,B24,C38,PCS,308,4.68,C,C08,1.496196,1441.44,2156.68
43009,L15,15578,A12,B24,C38,PCS,460,4.68,C,C08,1.496196,2152.8,3221.01
43009,L15,15578,A12,B24,C38,PCS,286,4.68,C,C08,1.496196,1338.48,2002.63
43009,L15,15578,A12,B24,C38,PCS,45,4.68,C,C08,1.496196,210.6,315.1
43009,L15,15578,A12,B24,C38,PCS,683,4.68,C,C08,1.496196,3196.44,4782.5
43026,L15,15690,A20,B22,C31,PCS,364,3.04,C,C05,3.40242,1106.56,3764.98
43026,L15,15690,A20,B22,C31,PCS,559,3.04,C,C05,3.40242,1699.36,5781.94
43026,L15,15690,A20,B22,C31,PCS,349,3.04,C,C05,3.40242,1060.96,3609.83
43026,L15,15690,A20,B22,C31,PCS,42,3.04,C,C05,3.40242,127.68,434.42
43026,L15,15690,A20,B22,C31,PCS,175,3.04,C,C05,3.40242,532,1810.09
43026,L15,15690,A20,B22,C31,PCS,838,3.04,C,C05,3.40242,2547.52,8667.73
43026,L15,15690,A20,B22,C31,PCS,994,3.04,C,C05,3.40242,3021.76,10281.3
43026,L15,15690,A20,B22,C31,PCS,612,3.04,C,C05,3.40242,1860.48,6330.13
43026,L15,15690,A20,B22,C31,PCS,5,3.04,C,C05,3.40242,15.2,51.72
43026,L15,15690,A20,B22,C31,PCS,57,3.04,C,C05,3.40242,173.28,589.57
43029,L15,16101,A12,B25,C33,PCS,193,4.11,D,C05,3.40242,793.23,2698.9
43029,L15,16101,A12,B25,C33,PCS,350,4.11,D,C05,3.40242,1438.5,4894.38
43029,L15,16101,A12,B25,C33,PCS,919,4.11,D,C05,3.40242,3777.09,12851.25
43029,L15,16101,A12,B25,C33,PCS,962,4.11,D,C05,3.40242,3953.82,13452.56
43029,L15,16101,A12,B25,C33,PCS,100,4.11,D,C05,3.40242,411,1398.39
43029,L15,16101,A12,B25,C33,PCS,911,4.11,D,C05,3.40242,3744.21,12739.37
43029,L15,16101,A12,B25,C33,PCS,912,4.11,D,C05,3.40242,3748.32,12753.36
43029,L15,16101,A12,B25,C33,PCS,853,4.11,D,C05,3.40242,3505.83,11928.31
43029,L15,16101,A12,B25,C33,PCS,38,4.11,D,C05,3.40242,156.18,531.39
43029,L15,16101,A12,B25,C33,PCS,174,4.11,D,C05,3.40242,715.14,2433.21
43030,L15,16180,A10,B20,C30,PCS,92,6.8,C,C02,9.912483,625.6,6201.25
43030,L15,16180,A10,B20,C30,PCS,362,6.8,C,C02,9.912483,2461.6,24400.57
43030,L15,16180,A10,B20,C30,PCS,852,6.8,C,C02,9.912483,5793.6,57428.96
43030,L15,16180,A10,B20,C30,PCS,943,6.8,C,C02,9.912483,6412.4,63562.81
43030,L15,16180,A10,B20,C30,PCS,140,6.8,C,C02,9.912483,952,9436.68
43030,L15,16180,A10,B20,C30,PCS,66,6.8,C,C02,9.912483,448.8,4448.72
43030,L15,16180,A10,B20,C30,PCS,814,6.8,C,C02,9.912483,5535.2,54867.58
43030,L15,16180,A10,B20,C30,PCS,901,6.8,C,C02,9.912483,6126.8,60731.8
43030,L15,16180,A10,B20,C30,PCS,688,6.8,C,C02,9.912483,4678.4,46374.56
43030,L15,16180,A10,B20,C30,PCS,519,6.8,C,C02,9.912483,3529.2,34983.14
43026,L15,16189,A14,B30,C34,PCS,309,8.03,D,C03,7.133317,2481.27,17699.69
43026,L15,16189,A14,B30,C34,PCS,258,8.03,D,C03,7.133317,2071.74,14778.38
43026,L15,16189,A14,B30,C34,PCS,801,8.03,D,C03,7.133317,6432.03,45881.71
43026,L15,16189,A14,B30,C34,PCS,601,8.03,D,C03,7.133317,4826.03,34425.6
43026,L15,16189,A14,B30,C34,PCS,820,8.03,D,C03,7.133317,6584.6,46970.04
43026,L15,16189,A14,B30,C34,PCS,892,8.03,D,C03,7.133317,7162.76,51094.24
43026,L15,16189,A14,B30,C34,PCS,313,8.03,D,C03,7.133317,2513.39,17928.81
43026,L15,16189,A14,B30,C34,PCS,410,8.03,D,C03,7.133317,3292.3,23485.02
43026,L15,16189,A14,B30,C34,PCS,700,8.03,D,C03,7.133317,5621,40096.37
43026,L15,16189,A14,B30,C34,PCS,987,8.03,D,C03,7.133317,7925.61,56535.89
43017,L15,16247,A15,B25,C38,PCS,611,2.31,C,C05,3.40242,1411.41,4802.21
43017,L15,16247,A15,B25,C38,PCS,81,2.31,C,C05,3.40242,187.11,636.63
43017,L15,16247,A15,B25,C38,PCS,170,2.31,C,C05,3.40242,392.7,1336.13
43017,L15,16247,A15,B25,C38,PCS,685,2.31,C,C05,3.40242,1582.35,5383.82
43017,L15,16247,A15,B25,C38,PCS,433,2.31,C,C05,3.40242,1000.23,3403.2
43017,L15,16247,A15,B25,C38,PCS,602,2.31,C,C05,3.40242,1390.62,4731.47
43017,L15,16247,A15,B25,C38,PCS,272,2.31,C,C05,3.40242,628.32,2137.81
43017,L15,16247,A15,B25,C38,PCS,862,2.31,C,C05,3.40242,1991.22,6774.97
43017,L15,16247,A15,B25,C38,PCS,669,2.31,C,C05,3.40242,1545.39,5258.07
43017,L15,16247,A15,B25,C38,PCS,685,2.31,C,C05,3.40242,1582.35,5383.82
43011,L15,16353,A17,B26,C35,PCS,282,8.73,C,C01,6.825646,2461.86,16803.78
43011,L15,16353,A17,B26,C35,PCS,96,8.73,C,C01,6.825646,838.08,5720.44
43011,L15,16353,A17,B26,C35,PCS,483,8.73,C,C01,6.825646,4216.59,28780.95
43011,L15,16353,A17,B26,C35,PCS,451,8.73,C,C01,6.825646,3937.23,26874.14
43011,L15,16353,A17,B26,C35,PCS,668,8.73,C,C01,6.825646,5831.64,39804.71
43011,L15,16353,A17,B26,C35,PCS,370,8.73,C,C01,6.825646,3230.1,22047.52
43011,L15,16353,A17,B26,C35,PCS,794,8.73,C,C01,6.825646,6931.62,47312.78
43011,L15,16353,A17,B26,C35,PCS,37,8.73,C,C01,6.825646,323.01,2204.75
43011,L15,16353,A17,B26,C35,PCS,468,8.73,C,C01,6.825646,4085.64,27887.13
43011,L15,16353,A17,B26,C35,PCS,69,8.73,C,C01,6.825646,602.37,4111.56
43024,L15,16410,A15,B21,C36,PCS,806,6.78,C,C01,6.825646,5464.68,37299.97
43024,L15,16410,A15,B21,C36,PCS,684,6.78,C,C01,6.825646,4637.52,31654.07
43024,L15,16410,A15,B21,C36,PCS,470,6.78,C,C01,6.825646,3186.6,21750.6
43024,L15,16410,A15,B21,C36,PCS,98,6.78,C,C01,6.825646,664.44,4535.23
43024,L15,16410,A15,B21,C36,PCS,300,6.78,C,C01,6.825646,2034,13883.36
43024,L15,16410,A15,B21,C36,PCS,601,6.78,C,C01,6.825646,4074.78,27813.01
43024,L15,16410,A15,B21,C36,PCS,364,6.78,C,C01,6.825646,2467.92,16845.15
43024,L15,16410,A15,B21,C36,PCS,410,6.78,C,C01,6.825646,2779.8,18973.93
43024,L15,16410,A15,B21,C36,PCS,265,6.78,C,C01,6.825646,1796.7,12263.64
43024,L15,16410,A15,B21,C36,PCS,958,6.78,C,C01,6.825646,6495.24,44334.21
43031,L15,16452,A12,B23,C40,PCS,997,6.74,D,C10,8.657656,6719.78,58177.54
43031,L15,16452,A12,B23,C40,PCS,45,6.74,D,C10,8.657656,303.3,2625.87
43031,L15,16452,A12,B23,C40,PCS,577,6.74,D,C10,8.657656,3888.98,33669.45
43031,L15,16452,A12,B23,C40,PCS,754,6.74,D,C10,8.657656,5081.96,43997.86
43031,L15,16452,A12,B23,C40,PCS,645,6.74,D,C10,8.657656,4347.3,37637.43
43031,L15,16452,A12,B23,C40,PCS,300,6.74,D,C10,8.657656,2022,17505.78
43031,L15,16452,A12,B23,C40,PCS,102,6.74,D,C10,8.657656,687.48,5951.97
43031,L15,16452,A12,B23,C40,PCS,962,6.74,D,C10,8.657656,6483.88,56135.2
43031,L15,16452,A12,B23,C40,PCS,860,6.74,D,C10,8.657656,5796.4,50183.24
43031,L15,16452,A12,B23,C40,PCS,159,6.74,D,C10,8.657656,1071.66,9278.06
43011,L15,16489,A18,B20,C36,PCS,499,8.73,D,C01,6.825646,4356.27,29734.36
43011,L15,16489,A18,B20,C36,PCS,532,8.73,D,C01,6.825646,4644.36,31700.76
43011,L15,16489,A18,B20,C36,PCS,26,8.73,D,C01,6.825646,226.98,1549.29
43011,L15,16489,A18,B20,C36,PCS,504,8.73,D,C01,6.825646,4399.92,30032.3
43011,L15,16489,A18,B20,C36,PCS,336,8.73,D,C01,6.825646,2933.28,20021.53
43011,L15,16489,A18,B20,C36,PCS,929,8.73,D,C01,6.825646,8110.17,55357.15
43011,L15,16489,A18,B20,C36,PCS,490,8.73,D,C01,6.825646,4277.7,29198.07
43011,L15,16489,A18,B20,C36,PCS,538,8.73,D,C01,6.825646,4696.74,32058.28
43011,L15,16489,A18,B20,C36,PCS,68,8.73,D,C01,6.825646,593.64,4051.98
43011,L15,16489,A18,B20,C36,PCS,93,8.73,D,C01,6.825646,811.89,5541.67
43011,L15,16637,A19,B26,C34,PCS,540,2.6,C,C07,1.358577,1404,1907.44
43011,L15,16637,A19,B26,C34,PCS,12,2.6,C,C07,1.358577,31.2,42.39
43011,L15,16637,A19,B26,C34,PCS,507,2.6,C,C07,1.358577,1318.2,1790.88
43011,L15,16637,A19,B26,C34,PCS,63,2.6,C,C07,1.358577,163.8,222.53
43011,L15,16637,A19,B26,C34,PCS,976,2.6,C,C07,1.358577,2537.6,3447.52
43011,L15,16637,A19,B26,C34,PCS,710,2.6,C,C07,1.358577,1846,2507.93
43011,L15,16637,A19,B26,C34,PCS,329,2.6,C,C07,1.358577,855.4,1162.13
43011,L15,16637,A19,B26,C34,PCS,764,2.6,C,C07,1.358577,1986.4,2698.68
43011,L15,16637,A19,B26,C34,PCS,962,2.6,C,C07,1.358577,2501.2,3398.07
43011,L15,16637,A19,B26,C34,PCS,590,2.6,C,C07,1.358577,1534,2084.06
43025,L15,17019,A13,B24,C30,PCS,756,8.75,D,C10,8.657656,6615,57270.39
43025,L15,17019,A13,B24,C30,PCS,883,8.75,D,C10,8.657656,7726.25,66891.21
43025,L15,17019,A13,B24,C30,PCS,325,8.75,D,C10,8.657656,2843.75,24620.21
43025,L15,17019,A13,B24,C30,PCS,286,8.75,D,C10,8.657656,2502.5,21665.78
43025,L15,17019,A13,B24,C30,PCS,477,8.75,D,C10,8.657656,4173.75,36134.89
43025,L15,17019,A13,B24,C30,PCS,220,8.75,D,C10,8.657656,1925,16665.99
43025,L15,17019,A13,B24,C30,PCS,536,8.75,D,C10,8.657656,4690,40604.41
43025,L15,17019,A13,B24,C30,PCS,204,8.75,D,C10,8.657656,1785,15453.92
43025,L15,17019,A13,B24,C30,PCS,467,8.75,D,C10,8.657656,4086.25,35377.35
43025,L15,17019,A13,B24,C30,PCS,162,8.75,D,C10,8.657656,1417.5,12272.23
43029,L15,17043,A12,B24,C38,PCS,614,9.38,D,C10,8.657656,5759.32,49862.21
43029,L15,17043,A12,B24,C38,PCS,689,9.38,D,C10,8.657656,6462.82,55952.87
43029,L15,17043,A12,B24,C38,PCS,306,9.38,D,C10,8.657656,2870.28,24849.9
43029,L15,17043,A12,B24,C38,PCS,224,9.38,D,C10,8.657656,2101.12,18190.77
43029,L15,17043,A12,B24,C38,PCS,730,9.38,D,C10,8.657656,6847.4,59282.43
43029,L15,17043,A12,B24,C38,PCS,890,9.38,D,C10,8.657656,8348.2,72275.84
43029,L15,17043,A12,B24,C38,PCS,825,9.38,D,C10,8.657656,7738.5,66997.27
43029,L15,17043,A12,B24,C38,PCS,368,9.38,D,C10,8.657656,3451.84,29884.84
43029,L15,17043,A12,B24,C38,PCS,137,9.38,D,C10,8.657656,1285.06,11125.61
43029,L15,17043,A12,B24,C38,PCS,357,9.38,D,C10,8.657656,3348.66,28991.55
43022,L15,17084,A17,B27,C39,PCS,400,2.15,C,C04,5.388146,860,4633.81
43022,L15,17084,A17,B27,C39,PCS,460,2.15,C,C04,5.388146,989,5328.88
43022,L15,17084,A17,B27,C39,PCS,676,2.15,C,C04,5.388146,1453.4,7831.13
43022,L15,17084,A17,B27,C39,PCS,833,2.15,C,C04,5.388146,1790.95,9649.9
43022,L15,17084,A17,B27,C39,PCS,245,2.15,C,C04,5.388146,526.75,2838.21
43022,L15,17084,A17,B27,C39,PCS,583,2.15,C,C04,5.388146,1253.45,6753.77
43022,L15,17084,A17,B27,C39,PCS,274,2.15,C,C04,5.388146,589.1,3174.16
43022,L15,17084,A17,B27,C39,PCS,467,2.15,C,C04,5.388146,1004.05,5409.97
43022,L15,17084,A17,B27,C39,PCS,572,2.15,C,C04,5.388146,1229.8,6626.34
43022,L15,17084,A17,B27,C39,PCS,780,2.15,C,C04,5.388146,1677,9035.92
43024,L15,17181,A19,B20,C38,PCS,495,4.83,C,C09,1.199464,2390.85,2867.74
43024,L15,17181,A19,B20,C38,PCS,360,4.83,C,C09,1.199464,1738.8,2085.63
43024,L15,17181,A19,B20,C38,PCS,521,4.83,C,C09,1.199464,2516.43,3018.37
43024,L15,17181,A19,B20,C38,PCS,114,4.83,C,C09,1.199464,550.62,660.45
43024,L15,17181,A19,B20,C38,PCS,337,4.83,C,C09,1.199464,1627.71,1952.38
43024,L15,17181,A19,B20,C38,PCS,819,4.83,C,C09,1.199464,3955.77,4744.8
43024,L15,17181,A19,B20,C38,PCS,725,4.83,C,C09,1.199464,3501.75,4200.22
43024,L15,17181,A19,B20,C38,PCS,799,4.83,C,C09,1.199464,3859.17,4628.94
43024,L15,17181,A19,B20,C38,PCS,109,4.83,C,C09,1.199464,526.47,631.48
43024,L15,17181,A19,B20,C38,PCS,387,4.83,C,C09,1.199464,1869.21,2242.05
43011,L15,17202,A13,B21,C40,PCS,48,4.68,D,C04,5.388146,224.64,1210.39
43011,L15,17202,A13,B21,C40,PCS,894,4.68,D,C04,5.388146,4183.92,22543.57
43011,L15,17202,A13,B21,C40,PCS,852,4.68,D,C04,5.388146,3987.36,21484.48
43011,L15,17202,A13,B21,C40,PCS,175,4.68,D,C04,5.388146,819,4412.89
43011,L15,17202,A13,B21,C40,PCS,568,4.68,D,C04,5.388146,2658.24,14322.99
43011,L15,17202,A13,B21,C40,PCS,732,4.68,D,C04,5.388146,3425.76,18458.5
43011,L15,17202,A13,B21,C40,PCS,936,4.68,D,C04,5.388146,4380.48,23602.67
43011,L15,17202,A13,B21,C40,PCS,692,4.68,D,C04,5.388146,3238.56,17449.83
43011,L15,17202,A13,B21,C40,PCS,655,4.68,D,C04,5.388146,3065.4,16516.82
43011,L15,17202,A13,B21,C40,PCS,211,4.68,D,C04,5.388146,987.48,5320.69
43031,L15,17410,A15,B28,C30,PCS,141,1.38,D,C06,3.547054,194.58,690.19
43031,L15,17410,A15,B28,C30,PCS,382,1.38,D,C06,3.547054,527.16,1869.86
43031,L15,17410,A15,B28,C30,PCS,885,1.38,D,C06,3.547054,1221.3,4332.02
43031,L15,17410,A15,B28,C30,PCS,40,1.38,D,C06,3.547054,55.2,195.8
43031,L15,17410,A15,B28,C30,PCS,128,1.38,D,C06,3.547054,176.64,626.55
43031,L15,17410,A15,B28,C30,PCS,918,1.38,D,C06,3.547054,1266.84,4493.55
43031,L15,17410,A15,B28,C30,PCS,656,1.38,D,C06,3.547054,905.28,3211.08
43031,L15,17410,A15,B28,C30,PCS,667,1.38,D,C06,3.547054,920.46,3264.92
43031,L15,17410,A15,B28,C30,PCS,383,1.38,D,C06,3.547054,528.54,1874.76
43031,L15,17410,A15,B28,C30,PCS,696,1.38,D,C06,3.547054,960.48,3406.87
43024,L15,17479,A19,B30,C38,PCS,631,5.27,D,C07,1.358577,3325.37,4517.77
43024,L15,17479,A19,B30,C38,PCS,274,5.27,D,C07,1.358577,1443.98,1961.76
43024,L15,17479,A19,B30,C38,PCS,907,5.27,D,C07,1.358577,4779.89,6493.85
43024,L15,17479,A19,B30,C38,PCS,663,5.27,D,C07,1.358577,3494.01,4746.88
43024,L15,17479,A19,B30,C38,PCS,570,5.27,D,C07,1.358577,3003.9,4081.03
43024,L15,17479,A19,B30,C38,PCS,656,5.27,D,C07,1.358577,3457.12,4696.76
43024,L15,17479,A19,B30,C38,PCS,845,5.27,D,C07,1.358577,4453.15,6049.95
43024,L15,17479,A19,B30,C38,PCS,218,5.27,D,C07,1.358577,1148.86,1560.81
43024,L15,17479,A19,B30,C38,PCS,251,5.27,D,C07,1.358577,1322.77,1797.08
43024,L15,17479,A19,B30,C38,PCS,227,5.27,D,C07,1.358577,1196.29,1625.25
43009,L15,17620,A19,B20,C36,PCS,822,9.65,C,C08,1.496196,7932.3,11868.28
43009,L15,17620,A19,B20,C36,PCS,168,9.65,C,C08,1.496196,1621.2,2425.63
43009,L15,17620,A19,B20,C36,PCS,490,9.65,C,C08,1.496196,4728.5,7074.76
43009,L15,17620,A19,B20,C36,PCS,840,9.65,C,C08,1.496196,8106,12128.16
43009,L15,17620,A19,B20,C36,PCS,707,9.65,C,C08,1.496196,6822.55,10207.87
43009,L15,17620,A19,B20,C36,PCS,924,9.65,C,C08,1.496196,8916.6,13340.98
43009,L15,17620,A19,B20,C36,PCS,426,9.65,C,C08,1.496196,4110.9,6150.71
43009,L15,17620,A19,B20,C36,PCS,19,9.65,C,C08,1.496196,183.35,274.33
43009,L15,17620,A19,B20,C36,PCS,697,9.65,C,C08,1.496196,6726.05,10063.49
43009,L15,17620,A19,B20,C36,PCS,562,9.65,C,C08,1.496196,5423.3,8114.32
43023,L15,17631,A12,B30,C39,PCS,78,4.98,C,C09,1.199464,388.44,465.92
43023,L15,17631,A12,B30,C39,PCS,589,4.98,C,C09,1.199464,2933.22,3518.29
43023,L15,17631,A12,B30,C39,PCS,626,4.98,C,C09,1.199464,3117.48,3739.31
43023,L15,17631,A12,B30,C39,PCS,417,4.98,C,C09,1.199464,2076.66,2490.88
43023,L15,17631,A12,B30,C39,PCS,812,4.98,C,C09,1.199464,4043.76,4850.34
43023,L15,17631,A12,B30,C39,PCS,39,4.98,C,C09,1.199464,194.22,232.96
43023,L15,17631,A12,B30,C39,PCS,188,4.98,C,C09,1.199464,936.24,1122.99
43023,L15,17631,A12,B30,C39,PCS,227,4.98,C,C09,1.199464,1130.46,1355.95
43023,L15,17631,A12,B30,C39,PCS,709,4.98,C,C09,1.199464,3530.82,4235.09
43023,L15,17631,A12,B30,C39,PCS,883,4.98,C,C09,1.199464,4397.34,5274.45
43012,L15,17768,A14,B24,C30,PCS,475,5.89,C,C02,9.912483,2797.75,27732.65
43012,L15,17768,A14,B24,C30,PCS,534,5.89,C,C02,9.912483,3145.26,31177.34
43012,L15,17768,A14,B24,C30,PCS,56,5.89,C,C02,9.912483,329.84,3269.53
43012,L15,17768,A14,B24,C30,PCS,639,5.89,C,C02,9.912483,3763.71,37307.71
43012,L15,17768,A14,B24,C30,PCS,46,5.89,C,C02,9.912483,270.94,2685.69
43012,L15,17768,A14,B24,C30,PCS,103,5.89,C,C02,9.912483,606.67,6013.61
43012,L15,17768,A14,B24,C30,PCS,985,5.89,C,C02,9.912483,5801.65,57508.76
43012,L15,17768,A14,B24,C30,PCS,505,5.89,C,C02,9.912483,2974.45,29484.19
43012,L15,17768,A14,B24,C30,PCS,819,5.89,C,C02,9.912483,4823.91,47816.93
43012,L15,17768,A14,B24,C30,PCS,983,5.89,C,C02,9.912483,5789.87,57391.99
43023,L15,17822,A10,B22,C37,PCS,837,8.17,C,C07,1.358577,6838.29,9290.34
43023,L15,17822,A10,B22,C37,PCS,166,8.17,C,C07,1.358577,1356.22,1842.53
43023,L15,17822,A10,B22,C37,PCS,120,8.17,C,C07,1.358577,980.4,1331.95
43023,L15,17822,A10,B22,C37,PCS,436,8.17,C,C07,1.358577,3562.12,4839.41
43023,L15,17822,A10,B22,C37,PCS,714,8.17,C,C07,1.358577,5833.38,7925.1
43023,L15,17822,A10,B22,C37,PCS,352,8.17,C,C07,1.358577,2875.84,3907.05
43023,L15,17822,A10,B22,C37,PCS,203,8.17,C,C07,1.358577,1658.51,2253.21
43023,L15,17822,A10,B22,C37,PCS,283,8.17,C,C07,1.358577,2312.11,3141.18
43023,L15,17822,A10,B22,C37,PCS,106,8.17,C,C07,1.358577,866.02,1176.55
43023,L15,17822,A10,B22,C37,PCS,883,8.17,C,C07,1.358577,7214.11,9800.92
43018,L15,17894,A15,B25,C34,PCS,217,6.44,C,C06,3.547054,1397.48,4956.94
43018,L15,17894,A15,B25,C34,PCS,559,6.44,C,C06,3.547054,3599.96,12769.25
43018,L15,17894,A15,B25,C34,PCS,786,6.44,C,C06,3.547054,5061.84,17954.62
43018,L15,17894,A15,B25,C34,PCS,345,6.44,C,C06,3.547054,2221.8,7880.84
43018,L15,17894,A15,B25,C34,PCS,497,6.44,C,C06,3.547054,3200.68,11352.98
43018,L15,17894,A15,B25,C34,PCS,121,6.44,C,C06,3.547054,779.24,2764.01
43018,L15,17894,A15,B25,C34,PCS,740,6.44,C,C06,3.547054,4765.6,16903.84
43018,L15,17894,A15,B25,C34,PCS,40,6.44,C,C06,3.547054,257.6,913.72
43018,L15,17894,A15,B25,C34,PCS,488,6.44,C,C06,3.547054,3142.72,11147.4
43018,L15,17894,A15,B25,C34,PCS,723,6.44,C,C06,3.547054,4656.12,16515.51
43024,L15,17902,A20,B20,C40,PCS,134,7.58,C,C04,5.388146,1015.72,5472.85
43024,L15,17902,A20,B20,C40,PCS,494,7.58,C,C04,5.388146,3744.52,20176.02
43024,L15,17902,A20,B20,C40,PCS,68,7.58,C,C04,5.388146,515.44,2777.27
43024,L15,17902,A20,B20,C40,PCS,755,7.58,C,C04,5.388146,5722.9,30835.82
43024,L15,17902,A20,B20,C40,PCS,965,7.58,C,C04,5.388146,7314.7,39412.67
43024,L15,17902,A20,B20,C40,PCS,89,7.58,C,C04,5.388146,674.62,3634.95
43024,L15,17902,A20,B20,C40,PCS,37,7.58,C,C04,5.388146,280.46,1511.16
43024,L15,17902,A20,B20,C40,PCS,333,7.58,C,C04,5.388146,2524.14,13600.43
43024,L15,17902,A20,B20,C40,PCS,582,7.58,C,C04,5.388146,4411.56,23770.13
43024,L15,17902,A20,B20,C40,PCS,315,7.58,C,C04,5.388146,2387.7,12865.28
43028,L15,17917,A14,B22,C31,PCS,770,7.79,D,C06,3.547054,5998.3,21276.29
43028,L15,17917,A14,B22,C31,PCS,674,7.79,D,C06,3.547054,5250.46,18623.67
43028,L15,17917,A14,B22,C31,PCS,887,7.79,D,C06,3.547054,6909.73,24509.19
43028,L15,17917,A14,B22,C31,PCS,447,7.79,D,C06,3.547054,3482.13,12351.3
43028,L15,17917,A14,B22,C31,PCS,752,7.79,D,C06,3.547054,5858.08,20778.93
43028,L15,17917,A14,B22,C31,PCS,390,7.79,D,C06,3.547054,3038.1,10776.3
43028,L15,17917,A14,B22,C31,PCS,206,7.79,D,C06,3.547054,1604.74,5692.1
43028,L15,17917,A14,B22,C31,PCS,458,7.79,D,C06,3.547054,3567.82,12655.25
43028,L15,17917,A14,B22,C31,PCS,893,7.79,D,C06,3.547054,6956.47,24674.97
43028,L15,17917,A14,B22,C31,PCS,733,7.79,D,C06,3.547054,5710.07,20253.93
43032,L15,18253,A10,B26,C40,PCS,151,1.54,D,C01,6.825646,232.54,1587.24
43032,L15,18253,A10,B26,C40,PCS,677,1.54,D,C01,6.825646,1042.58,7116.28
43032,L15,18253,A10,B26,C40,PCS,667,1.54,D,C01,6.825646,1027.18,7011.17
43032,L15,18253,A10,B26,C40,PCS,3,1.54,D,C01,6.825646,4.62,31.53
43032,L15,18253,A10,B26,C40,PCS,307,1.54,D,C01,6.825646,472.78,3227.03
43032,L15,18253,A10,B26,C40,PCS,421,1.54,D,C01,6.825646,648.34,4425.34
43032,L15,18253,A10,B26,C40,PCS,38,1.54,D,C01,6.825646,58.52,399.44
43032,L15,18253,A10,B26,C40,PCS,199,1.54,D,C01,6.825646,306.46,2091.79
43032,L15,18253,A10,B26,C40,PCS,459,1.54,D,C01,6.825646,706.86,4824.78
43032,L15,18253,A10,B26,C40,PCS,387,1.54,D,C01,6.825646,595.98,4067.95
43034,L15,18339,A10,B29,C30,PCS,572,2.03,D,C04,5.388146,1161.16,6256.5
43034,L15,18339,A10,B29,C30,PCS,155,2.03,D,C04,5.388146,314.65,1695.38
43034,L15,18339,A10,B29,C30,PCS,89,2.03,D,C04,5.388146,180.67,973.48
43034,L15,18339,A10,B29,C30,PCS,526,2.03,D,C04,5.388146,1067.78,5753.35
43034,L15,18339,A10,B29,C30,PCS,418,2.03,D,C04,5.388146,848.54,4572.06
43034,L15,18339,A10,B29,C30,PCS,5,2.03,D,C04,5.388146,10.15,54.69
43034,L15,18339,A10,B29,C30,PCS,400,2.03,D,C04,5.388146,812,4375.17
43034,L15,18339,A10,B29,C30,PCS,263,2.03,D,C04,5.388146,533.89,2876.68
43034,L15,18339,A10,B29,C30,PCS,90,2.03,D,C04,5.388146,182.7,984.41
43034,L15,18339,A10,B29,C30,PCS,248,2.03,D,C04,5.388146,503.44,2712.61
43031,L15,18363,A15,B29,C34,PCS,76,1.38,D,C06,3.547054,104.88,372.02
43028,L15,18363,A11,B27,C38,PCS,195,2.97,C,C05,3.40242,579.15,1970.51
43031,L15,18363,A15,B29,C34,PCS,244,1.38,D,C06,3.547054,336.72,1194.36
43028,L15,18363,A11,B27,C38,PCS,591,2.97,C,C05,3.40242,1755.27,5972.17
43031,L15,18363,A15,B29,C34,PCS,790,1.38,D,C06,3.547054,1090.2,3867
43028,L15,18363,A11,B27,C38,PCS,734,2.97,C,C05,3.40242,2179.98,7417.21
43031,L15,18363,A15,B29,C34,PCS,617,1.38,D,C06,3.547054,851.46,3020.17
43028,L15,18363,A11,B27,C38,PCS,984,2.97,C,C05,3.40242,2922.48,9943.5
43031,L15,18363,A15,B29,C34,PCS,124,1.38,D,C06,3.547054,171.12,606.97
43028,L15,18363,A11,B27,C38,PCS,249,2.97,C,C05,3.40242,739.53,2516.19
43031,L15,18363,A15,B29,C34,PCS,371,1.38,D,C06,3.547054,511.98,1816.02
43028,L15,18363,A11,B27,C38,PCS,348,2.97,C,C05,3.40242,1033.56,3516.61
43031,L15,18363,A15,B29,C34,PCS,42,1.38,D,C06,3.547054,57.96,205.59
43028,L15,18363,A11,B27,C38,PCS,507,2.97,C,C05,3.40242,1505.79,5123.33
43031,L15,18363,A15,B29,C34,PCS,551,1.38,D,C06,3.547054,760.38,2697.11
43028,L15,18363,A11,B27,C38,PCS,835,2.97,C,C05,3.40242,2479.95,8437.83
43031,L15,18363,A15,B29,C34,PCS,247,1.38,D,C06,3.547054,340.86,1209.05
43028,L15,18363,A11,B27,C38,PCS,390,2.97,C,C05,3.40242,1158.3,3941.02
43031,L15,18363,A15,B29,C34,PCS,223,1.38,D,C06,3.547054,307.74,1091.57
43028,L15,18363,A11,B27,C38,PCS,41,2.97,C,C05,3.40242,121.77,414.31
43034,L15,18429,A19,B30,C40,PCS,544,6.72,D,C04,5.388146,3655.68,19697.34
43034,L15,18429,A19,B30,C40,PCS,116,6.72,D,C04,5.388146,779.52,4200.17
43034,L15,18429,A19,B30,C40,PCS,543,6.72,D,C04,5.388146,3648.96,19661.13
43034,L15,18429,A19,B30,C40,PCS,463,6.72,D,C04,5.388146,3111.36,16764.46
43034,L15,18429,A19,B30,C40,PCS,401,6.72,D,C04,5.388146,2694.72,14519.54
43034,L15,18429,A19,B30,C40,PCS,792,6.72,D,C04,5.388146,5322.24,28677.01
43034,L15,18429,A19,B30,C40,PCS,262,6.72,D,C04,5.388146,1760.64,9486.59
43034,L15,18429,A19,B30,C40,PCS,707,6.72,D,C04,5.388146,4751.04,25599.3
43034,L15,18429,A19,B30,C40,PCS,315,6.72,D,C04,5.388146,2116.8,11405.63
43034,L15,18429,A19,B30,C40,PCS,335,6.72,D,C04,5.388146,2251.2,12129.79
43028,L15,18473,A16,B22,C38,PCS,240,7.36,D,C03,7.133317,1766.4,12600.29
43028,L15,18473,A16,B22,C38,PCS,128,7.36,D,C03,7.133317,942.08,6720.16
43028,L15,18473,A16,B22,C38,PCS,523,7.36,D,C03,7.133317,3849.28,27458.13
43028,L15,18473,A16,B22,C38,PCS,682,7.36,D,C03,7.133317,5019.52,35805.83
43028,L15,18473,A16,B22,C38,PCS,314,7.36,D,C03,7.133317,2311.04,16485.38
43028,L15,18473,A16,B22,C38,PCS,135,7.36,D,C03,7.133317,993.6,7087.66
43028,L15,18473,A16,B22,C38,PCS,473,7.36,D,C03,7.133317,3481.28,24833.07
43028,L15,18473,A16,B22,C38,PCS,326,7.36,D,C03,7.133317,2399.36,17115.4
43028,L15,18473,A16,B22,C38,PCS,64,7.36,D,C03,7.133317,471.04,3360.08
43028,L15,18473,A16,B22,C38,PCS,890,7.36,D,C03,7.133317,6550.4,46726.08
43011,L15,18518,A15,B25,C31,PCS,707,8.73,D,C01,6.825646,6172.11,42128.64
43011,L15,18518,A15,B25,C31,PCS,502,8.73,D,C01,6.825646,4382.46,29913.12
43011,L15,18518,A15,B25,C31,PCS,163,8.73,D,C01,6.825646,1422.99,9712.83
43011,L15,18518,A15,B25,C31,PCS,407,8.73,D,C01,6.825646,3553.11,24252.27
43011,L15,18518,A15,B25,C31,PCS,238,8.73,D,C01,6.825646,2077.74,14181.92
43011,L15,18518,A15,B25,C31,PCS,162,8.73,D,C01,6.825646,1414.26,9653.24
43011,L15,18518,A15,B25,C31,PCS,185,8.73,D,C01,6.825646,1615.05,11023.76
43011,L15,18518,A15,B25,C31,PCS,431,8.73,D,C01,6.825646,3762.63,25682.38
43011,L15,18518,A15,B25,C31,PCS,931,8.73,D,C01,6.825646,8127.63,55476.33
43011,L15,18518,A15,B25,C31,PCS,23,8.73,D,C01,6.825646,200.79,1370.52
43024,L15,18663,A11,B27,C35,PCS,568,5.27,C,C07,1.358577,2993.36,4066.71
43024,L15,18663,A11,B27,C35,PCS,459,5.27,C,C07,1.358577,2418.93,3286.3
43024,L15,18663,A11,B27,C35,PCS,229,5.27,C,C07,1.358577,1206.83,1639.57
43024,L15,18663,A11,B27,C35,PCS,117,5.27,C,C07,1.358577,616.59,837.68
43024,L15,18663,A11,B27,C35,PCS,34,5.27,C,C07,1.358577,179.18,243.43
43024,L15,18663,A11,B27,C35,PCS,23,5.27,C,C07,1.358577,121.21,164.67
43024,L15,18663,A11,B27,C35,PCS,584,5.27,C,C07,1.358577,3077.68,4181.27
43024,L15,18663,A11,B27,C35,PCS,653,5.27,C,C07,1.358577,3441.31,4675.28
43024,L15,18663,A11,B27,C35,PCS,303,5.27,C,C07,1.358577,1596.81,2169.39
43024,L15,18663,A11,B27,C35,PCS,477,5.27,C,C07,1.358577,2513.79,3415.18
43024,L15,18749,A16,B25,C31,PCS,535,7.58,D,C04,5.388146,4055.3,21850.55
43024,L15,18749,A16,B25,C31,PCS,748,7.58,D,C04,5.388146,5669.84,30549.93
43024,L15,18749,A16,B25,C31,PCS,96,7.58,D,C04,5.388146,727.68,3920.85
43024,L15,18749,A16,B25,C31,PCS,373,7.58,D,C04,5.388146,2827.34,15234.12
43024,L15,18749,A16,B25,C31,PCS,560,7.58,D,C04,5.388146,4244.8,22871.6
43024,L15,18749,A16,B25,C31,PCS,787,7.58,D,C04,5.388146,5965.46,32142.77
43024,L15,18749,A16,B25,C31,PCS,773,7.58,D,C04,5.388146,5859.34,31570.98
43024,L15,18749,A16,B25,C31,PCS,288,7.58,D,C04,5.388146,2183.04,11762.54
43024,L15,18749,A16,B25,C31,PCS,288,7.58,D,C04,5.388146,2183.04,11762.54
43024,L15,18749,A16,B25,C31,PCS,10,7.58,D,C04,5.388146,75.8,408.42
43025,L15,18919,A12,B26,C34,PCS,733,9.97,D,C09,1.199464,7308.01,8765.69
43025,L15,18919,A12,B26,C34,PCS,904,9.97,D,C09,1.199464,9012.88,10810.63
43025,L15,18919,A12,B26,C34,PCS,69,9.97,D,C09,1.199464,687.93,825.15
43025,L15,18919,A12,B26,C34,PCS,603,9.97,D,C09,1.199464,6011.91,7211.07
43025,L15,18919,A12,B26,C34,PCS,75,9.97,D,C09,1.199464,747.75,896.9
43025,L15,18919,A12,B26,C34,PCS,221,9.97,D,C09,1.199464,2203.37,2642.86
43025,L15,18919,A12,B26,C34,PCS,960,9.97,D,C09,1.199464,9571.2,11480.31
43025,L15,18919,A12,B26,C34,PCS,715,9.97,D,C09,1.199464,7128.55,8550.44
43025,L15,18919,A12,B26,C34,PCS,474,9.97,D,C09,1.199464,4725.78,5668.4
43025,L15,18919,A12,B26,C34,PCS,124,9.97,D,C09,1.199464,1236.28,1482.87
43027,L15,19048,A10,B22,C36,PCS,861,4.95,C,C06,3.547054,4261.95,15117.37
43027,L15,19048,A10,B22,C36,PCS,440,4.95,C,C06,3.547054,2178,7725.48
43027,L15,19048,A10,B22,C36,PCS,265,4.95,C,C06,3.547054,1311.75,4652.85
43027,L15,19048,A10,B22,C36,PCS,691,4.95,C,C06,3.547054,3420.45,12132.52
43027,L15,19048,A10,B22,C36,PCS,8,4.95,C,C06,3.547054,39.6,140.46
43027,L15,19048,A10,B22,C36,PCS,281,4.95,C,C06,3.547054,1390.95,4933.77
43027,L15,19048,A10,B22,C36,PCS,410,4.95,C,C06,3.547054,2029.5,7198.75
43027,L15,19048,A10,B22,C36,PCS,233,4.95,C,C06,3.547054,1153.35,4090.99
43027,L15,19048,A10,B22,C36,PCS,156,4.95,C,C06,3.547054,772.2,2739.04
43027,L15,19048,A10,B22,C36,PCS,751,4.95,C,C06,3.547054,3717.45,13186
43039,L15,19087,A19,B24,C32,PCS,212,7.35,C,C01,6.825646,1558.2,10635.72
43039,L15,19087,A19,B24,C32,PCS,886,7.35,C,C01,6.825646,6512.1,44449.29
43039,L15,19087,A19,B24,C32,PCS,130,7.35,C,C01,6.825646,955.5,6521.9
43039,L15,19087,A19,B24,C32,PCS,957,7.35,C,C01,6.825646,7033.95,48011.25
43039,L15,19087,A19,B24,C32,PCS,283,7.35,C,C01,6.825646,2080.05,14197.68
43039,L15,19087,A19,B24,C32,PCS,378,7.35,C,C01,6.825646,2778.3,18963.69
43039,L15,19087,A19,B24,C32,PCS,958,7.35,C,C01,6.825646,7041.3,48061.42
43039,L15,19087,A19,B24,C32,PCS,592,7.35,C,C01,6.825646,4351.2,29699.75
43039,L15,19087,A19,B24,C32,PCS,583,7.35,C,C01,6.825646,4285.05,29248.23
43039,L15,19087,A19,B24,C32,PCS,122,7.35,C,C01,6.825646,896.7,6120.56
43027,L15,19191,A16,B20,C35,PCS,554,8.53,D,C03,7.133317,4725.62,33709.35
43027,L15,19191,A16,B20,C35,PCS,539,8.53,D,C03,7.133317,4597.67,32796.64
43027,L15,19191,A16,B20,C35,PCS,928,8.53,D,C03,7.133317,7915.84,56466.2
43027,L15,19191,A16,B20,C35,PCS,201,8.53,D,C03,7.133317,1714.53,12230.29
43027,L15,19191,A16,B20,C35,PCS,567,8.53,D,C03,7.133317,4836.51,34500.36
43027,L15,19191,A16,B20,C35,PCS,239,8.53,D,C03,7.133317,2038.67,14542.48
43027,L15,19191,A16,B20,C35,PCS,183,8.53,D,C03,7.133317,1560.99,11135.04
43027,L15,19191,A16,B20,C35,PCS,518,8.53,D,C03,7.133317,4418.54,31518.85
43027,L15,19191,A16,B20,C35,PCS,601,8.53,D,C03,7.133317,5126.53,36569.16
43027,L15,19191,A16,B20,C35,PCS,778,8.53,D,C03,7.133317,6636.34,47339.12
43023,L15,19256,A18,B20,C36,PCS,992,4.98,D,C09,1.199464,4940.16,5925.54
43023,L15,19256,A18,B20,C36,PCS,952,4.98,D,C09,1.199464,4740.96,5686.61
43023,L15,19256,A18,B20,C36,PCS,553,4.98,D,C09,1.199464,2753.94,3303.25
43023,L15,19256,A18,B20,C36,PCS,29,4.98,D,C09,1.199464,144.42,173.23
43023,L15,19256,A18,B20,C36,PCS,600,4.98,D,C09,1.199464,2988,3584
43023,L15,19256,A18,B20,C36,PCS,274,4.98,D,C09,1.199464,1364.52,1636.69
43023,L15,19256,A18,B20,C36,PCS,495,4.98,D,C09,1.199464,2465.1,2956.8
43023,L15,19256,A18,B20,C36,PCS,230,4.98,D,C09,1.199464,1145.4,1373.87
43023,L15,19256,A18,B20,C36,PCS,990,4.98,D,C09,1.199464,4930.2,5913.6
43023,L15,19256,A18,B20,C36,PCS,575,4.98,D,C09,1.199464,2863.5,3434.67
43024,L15,19303,A19,B28,C31,PCS,72,4.29,D,C10,8.657656,308.88,2674.18
43024,L15,19303,A19,B28,C31,PCS,266,4.29,D,C10,8.657656,1141.14,9879.6
43024,L15,19303,A19,B28,C31,PCS,879,4.29,D,C10,8.657656,3770.91,32647.24
43024,L15,19303,A19,B28,C31,PCS,242,4.29,D,C10,8.657656,1038.18,8988.21
43024,L15,19303,A19,B28,C31,PCS,594,4.29,D,C10,8.657656,2548.26,22061.96
43024,L15,19303,A19,B28,C31,PCS,368,4.29,D,C10,8.657656,1578.72,13668.01
43024,L15,19303,A19,B28,C31,PCS,703,4.29,D,C10,8.657656,3015.87,26110.37
43024,L15,19303,A19,B28,C31,PCS,246,4.29,D,C10,8.657656,1055.34,9136.77
43024,L15,19303,A19,B28,C31,PCS,291,4.29,D,C10,8.657656,1248.39,10808.13
43024,L15,19303,A19,B28,C31,PCS,133,4.29,D,C10,8.657656,570.57,4939.8
43019,L15,19429,A11,B28,C36,PCS,117,3.49,D,C03,7.133317,408.33,2912.75
43019,L15,19429,A11,B28,C36,PCS,423,3.49,D,C03,7.133317,1476.27,10530.7
43019,L15,19429,A11,B28,C36,PCS,71,3.49,D,C03,7.133317,247.79,1767.56
43019,L15,19429,A11,B28,C36,PCS,428,3.49,D,C03,7.133317,1493.72,10655.18
43019,L15,19429,A11,B28,C36,PCS,385,3.49,D,C03,7.133317,1343.65,9584.68
43019,L15,19429,A11,B28,C36,PCS,334,3.49,D,C03,7.133317,1165.66,8315.02
43019,L15,19429,A11,B28,C36,PCS,534,3.49,D,C03,7.133317,1863.66,13294.08
43019,L15,19429,A11,B28,C36,PCS,736,3.49,D,C03,7.133317,2568.64,18322.92
43019,L15,19429,A11,B28,C36,PCS,223,3.49,D,C03,7.133317,778.27,5551.65
43019,L15,19429,A11,B28,C36,PCS,618,3.49,D,C03,7.133317,2156.82,15385.28
43028,L15,19507,A18,B23,C40,PCS,342,7.36,D,C03,7.133317,2517.12,17955.41
43028,L15,19507,A18,B23,C40,PCS,26,7.36,D,C03,7.133317,191.36,1365.03
43028,L15,19507,A18,B23,C40,PCS,68,7.36,D,C03,7.133317,500.48,3570.08
43028,L15,19507,A18,B23,C40,PCS,178,7.36,D,C03,7.133317,1310.08,9345.22
43028,L15,19507,A18,B23,C40,PCS,596,7.36,D,C03,7.133317,4386.56,31290.72
43028,L15,19507,A18,B23,C40,PCS,674,7.36,D,C03,7.133317,4960.64,35385.82
43028,L15,19507,A18,B23,C40,PCS,950,7.36,D,C03,7.133317,6992,49876.15
43028,L15,19507,A18,B23,C40,PCS,218,7.36,D,C03,7.133317,1604.48,11445.26
43028,L15,19507,A18,B23,C40,PCS,299,7.36,D,C03,7.133317,2200.64,15697.86
43028,L15,19507,A18,B23,C40,PCS,602,7.36,D,C03,7.133317,4430.72,31605.73
43039,L15,19561,A13,B25,C33,PCS,256,1.23,D,C09,1.199464,314.88,377.69
43039,L15,19561,A13,B25,C33,PCS,492,1.23,D,C09,1.199464,605.16,725.87
43039,L15,19561,A13,B25,C33,PCS,867,1.23,D,C09,1.199464,1066.41,1279.12
43039,L15,19561,A13,B25,C33,PCS,692,1.23,D,C09,1.199464,851.16,1020.94
43039,L15,19561,A13,B25,C33,PCS,708,1.23,D,C09,1.199464,870.84,1044.54
43039,L15,19561,A13,B25,C33,PCS,78,1.23,D,C09,1.199464,95.94,115.08
43039,L15,19561,A13,B25,C33,PCS,184,1.23,D,C09,1.199464,226.32,271.46
43039,L15,19561,A13,B25,C33,PCS,144,1.23,D,C09,1.199464,177.12,212.45
43039,L15,19561,A13,B25,C33,PCS,539,1.23,D,C09,1.199464,662.97,795.21
43039,L15,19561,A13,B25,C33,PCS,727,1.23,D,C09,1.199464,894.21,1072.57
43013,L15,19578,A19,B30,C37,PCS,625,4.69,C,C06,3.547054,2931.25,10397.3
43013,L15,19578,A19,B30,C37,PCS,539,4.69,C,C06,3.547054,2527.91,8966.63
43013,L15,19578,A19,B30,C37,PCS,304,4.69,C,C06,3.547054,1425.76,5057.25
43013,L15,19578,A19,B30,C37,PCS,679,4.69,C,C06,3.547054,3184.51,11295.63
43013,L15,19578,A19,B30,C37,PCS,741,4.69,C,C06,3.547054,3475.29,12327.04
43013,L15,19578,A19,B30,C37,PCS,650,4.69,C,C06,3.547054,3048.5,10813.19
43013,L15,19578,A19,B30,C37,PCS,699,4.69,C,C06,3.547054,3278.31,11628.34
43013,L15,19578,A19,B30,C37,PCS,599,4.69,C,C06,3.547054,2809.31,9964.77
43013,L15,19578,A19,B30,C37,PCS,472,4.69,C,C06,3.547054,2213.68,7852.04
43013,L15,19578,A19,B30,C37,PCS,407,4.69,C,C06,3.547054,1908.83,6770.72
43024,L15,19686,A12,B30,C36,PCS,11,5.27,C,C07,1.358577,57.97,78.76
43024,L15,19686,A12,B30,C36,PCS,517,5.27,C,C07,1.358577,2724.59,3701.57
43024,L15,19686,A12,B30,C36,PCS,683,5.27,C,C07,1.358577,3599.41,4890.08
43024,L15,19686,A12,B30,C36,PCS,805,5.27,C,C07,1.358577,4242.35,5763.56
43024,L15,19686,A12,B30,C36,PCS,213,5.27,C,C07,1.358577,1122.51,1525.02
43024,L15,19686,A12,B30,C36,PCS,557,5.27,C,C07,1.358577,2935.39,3987.95
43024,L15,19686,A12,B30,C36,PCS,756,5.27,C,C07,1.358577,3984.12,5412.73
43024,L15,19686,A12,B30,C36,PCS,814,5.27,C,C07,1.358577,4289.78,5828
43024,L15,19686,A12,B30,C36,PCS,338,5.27,C,C07,1.358577,1781.26,2419.98
43024,L15,19686,A12,B30,C36,PCS,196,5.27,C,C07,1.358577,1032.92,1403.3
43036,L15,19702,A20,B26,C37,PCS,248,8.22,D,C07,1.358577,2038.56,2769.54
43036,L15,19702,A20,B26,C37,PCS,874,8.22,D,C07,1.358577,7184.28,9760.4
43036,L15,19702,A20,B26,C37,PCS,564,8.22,D,C07,1.358577,4636.08,6298.47
43036,L15,19702,A20,B26,C37,PCS,541,8.22,D,C07,1.358577,4447.02,6041.62
43036,L15,19702,A20,B26,C37,PCS,688,8.22,D,C07,1.358577,5655.36,7683.24
43036,L15,19702,A20,B26,C37,PCS,707,8.22,D,C07,1.358577,5811.54,7895.42
43036,L15,19702,A20,B26,C37,PCS,719,8.22,D,C07,1.358577,5910.18,8029.43
43036,L15,19702,A20,B26,C37,PCS,424,8.22,D,C07,1.358577,3485.28,4735.02
43036,L15,19702,A20,B26,C37,PCS,655,8.22,D,C07,1.358577,5384.1,7314.71
43036,L15,19702,A20,B26,C37,PCS,763,8.22,D,C07,1.358577,6271.86,8520.8
43011,L15,19787,A20,B23,C35,PCS,240,8.73,D,C01,6.825646,2095.2,14301.09
43011,L15,19787,A20,B23,C35,PCS,921,8.73,D,C01,6.825646,8040.33,54880.45
43011,L15,19787,A20,B23,C35,PCS,968,8.73,D,C01,6.825646,8450.64,57681.08
43011,L15,19787,A20,B23,C35,PCS,461,8.73,D,C01,6.825646,4024.53,27470.02
43011,L15,19787,A20,B23,C35,PCS,685,8.73,D,C01,6.825646,5980.05,40817.7
43011,L15,19787,A20,B23,C35,PCS,62,8.73,D,C01,6.825646,541.26,3694.45
43011,L15,19787,A20,B23,C35,PCS,121,8.73,D,C01,6.825646,1056.33,7210.13
43011,L15,19787,A20,B23,C35,PCS,65,8.73,D,C01,6.825646,567.45,3873.21
43011,L15,19787,A20,B23,C35,PCS,143,8.73,D,C01,6.825646,1248.39,8521.07
43011,L15,19787,A20,B23,C35,PCS,494,8.73,D,C01,6.825646,4312.62,29436.42
43039,L15,19917,A14,B23,C32,PCS,903,2.43,D,C04,5.388146,2194.29,11823.15
43039,L15,19917,A14,B23,C32,PCS,995,2.43,D,C04,5.388146,2417.85,13027.73
43039,L15,19917,A14,B23,C32,PCS,703,2.43,D,C04,5.388146,1708.29,9204.52
43039,L15,19917,A14,B23,C32,PCS,969,2.43,D,C04,5.388146,2354.67,12687.31
43039,L15,19917,A14,B23,C32,PCS,338,2.43,D,C04,5.388146,821.34,4425.5
43039,L15,19917,A14,B23,C32,PCS,919,2.43,D,C04,5.388146,2233.17,12032.65
43039,L15,19917,A14,B23,C32,PCS,238,2.43,D,C04,5.388146,578.34,3116.18
43039,L15,19917,A14,B23,C32,PCS,161,2.43,D,C04,5.388146,391.23,2108
43039,L15,19917,A14,B23,C32,PCS,936,2.43,D,C04,5.388146,2274.48,12255.23
43039,L15,19917,A14,B23,C32,PCS,245,2.43,D,C04,5.388146,595.35,3207.83
43029,L15,19947,A17,B27,C30,PCS,238,4.11,C,C05,3.40242,978.18,3328.18
43029,L15,19947,A17,B27,C30,PCS,902,4.11,C,C05,3.40242,3707.22,12613.52
43029,L15,19947,A17,B27,C30,PCS,327,4.11,C,C05,3.40242,1343.97,4572.75
43029,L15,19947,A17,B27,C30,PCS,72,4.11,C,C05,3.40242,295.92,1006.84
43029,L15,19947,A17,B27,C30,PCS,921,4.11,C,C05,3.40242,3785.31,12879.21
43029,L15,19947,A17,B27,C30,PCS,366,4.11,C,C05,3.40242,1504.26,5118.12
43029,L15,19947,A17,B27,C30,PCS,498,4.11,C,C05,3.40242,2046.78,6964.01
43029,L15,19947,A17,B27,C30,PCS,805,4.11,C,C05,3.40242,3308.55,11257.08
43029,L15,19947,A17,B27,C30,PCS,899,4.11,C,C05,3.40242,3694.89,12571.57
43029,L15,19947,A17,B27,C30,PCS,593,4.11,C,C05,3.40242,2437.23,8292.48
43067,L15,10020,A10,B29,C33,PCS,64,7.68,D,C10,8.657656,491.52,4255.41
43067,L15,10020,A10,B29,C33,PCS,954,7.68,D,C10,8.657656,7326.72,63432.22
43067,L15,10020,A10,B29,C33,PCS,226,7.68,D,C10,8.657656,1735.68,15026.92
43067,L15,10020,A10,B29,C33,PCS,684,7.68,D,C10,8.657656,5253.12,45479.71
43067,L15,10020,A10,B29,C33,PCS,302,7.68,D,C10,8.657656,2319.36,20080.22
43067,L15,10020,A10,B29,C33,PCS,259,7.68,D,C10,8.657656,1989.12,17221.12
43067,L15,10020,A10,B29,C33,PCS,138,7.68,D,C10,8.657656,1059.84,9175.73
43067,L15,10020,A10,B29,C33,PCS,223,7.68,D,C10,8.657656,1712.64,14827.45
43067,L15,10020,A10,B29,C33,PCS,565,7.68,D,C10,8.657656,4339.2,37567.3
43067,L15,10020,A10,B29,C33,PCS,767,7.68,D,C10,8.657656,5890.56,50998.44
43048,L15,10102,A12,B22,C31,PCS,972,5.4,C,C04,5.388146,5248.8,28281.3
43048,L15,10102,A12,B22,C31,PCS,912,5.4,C,C04,5.388146,4924.8,26535.54
43048,L15,10102,A12,B22,C31,PCS,995,5.4,C,C04,5.388146,5373,28950.51
43048,L15,10102,A12,B22,C31,PCS,921,5.4,C,C04,5.388146,4973.4,26797.41
43048,L15,10102,A12,B22,C31,PCS,327,5.4,C,C04,5.388146,1765.8,9514.39
43048,L15,10102,A12,B22,C31,PCS,295,5.4,C,C04,5.388146,1593,8583.32
43048,L15,10102,A12,B22,C31,PCS,133,5.4,C,C04,5.388146,718.2,3869.77
43048,L15,10102,A12,B22,C31,PCS,773,5.4,C,C04,5.388146,4174.2,22491.2
43048,L15,10102,A12,B22,C31,PCS,669,5.4,C,C04,5.388146,3612.6,19465.22
43048,L15,10102,A12,B22,C31,PCS,396,5.4,C,C04,5.388146,2138.4,11522.01
43067,L15,10697,A13,B21,C35,PCS,471,2.8,C,C07,1.358577,1318.8,1791.69
43067,L15,10697,A13,B21,C35,PCS,933,2.8,C,C07,1.358577,2612.4,3549.15
43067,L15,10697,A13,B21,C35,PCS,591,2.8,C,C07,1.358577,1654.8,2248.17
43067,L15,10697,A13,B21,C35,PCS,674,2.8,C,C07,1.358577,1887.2,2563.91
43067,L15,10697,A13,B21,C35,PCS,900,2.8,C,C07,1.358577,2520,3423.61
43067,L15,10697,A13,B21,C35,PCS,299,2.8,C,C07,1.358577,837.2,1137.4
43067,L15,10697,A13,B21,C35,PCS,844,2.8,C,C07,1.358577,2363.2,3210.59
43067,L15,10697,A13,B21,C35,PCS,448,2.8,C,C07,1.358577,1254.4,1704.2
43067,L15,10697,A13,B21,C35,PCS,951,2.8,C,C07,1.358577,2662.8,3617.62
43067,L15,10697,A13,B21,C35,PCS,789,2.8,C,C07,1.358577,2209.2,3001.37
43058,L15,10929,A11,B23,C33,PCS,210,3.29,C,C05,3.40242,690.9,2350.73
43058,L15,10929,A11,B23,C33,PCS,73,3.29,C,C05,3.40242,240.17,817.16
43058,L15,10929,A11,B23,C33,PCS,475,3.29,C,C05,3.40242,1562.75,5317.13
43058,L15,10929,A11,B23,C33,PCS,559,3.29,C,C05,3.40242,1839.11,6257.42
43058,L15,10929,A11,B23,C33,PCS,569,3.29,C,C05,3.40242,1872.01,6369.36
43058,L15,10929,A11,B23,C33,PCS,20,3.29,C,C05,3.40242,65.8,223.88
43058,L15,10929,A11,B23,C33,PCS,780,3.29,C,C05,3.40242,2566.2,8731.29
43058,L15,10929,A11,B23,C33,PCS,820,3.29,C,C05,3.40242,2697.8,9179.05
43058,L15,10929,A11,B23,C33,PCS,401,3.29,C,C05,3.40242,1319.29,4488.78
43058,L15,10929,A11,B23,C33,PCS,56,3.29,C,C05,3.40242,184.24,626.86
43059,L15,10942,A16,B28,C33,PCS,476,1.2,D,C09,1.199464,571.2,685.13
43059,L15,10942,A16,B28,C33,PCS,619,1.2,D,C09,1.199464,742.8,890.96
43059,L15,10942,A16,B28,C33,PCS,364,1.2,D,C09,1.199464,436.8,523.93
43059,L15,10942,A16,B28,C33,PCS,82,1.2,D,C09,1.199464,98.4,118.03
43059,L15,10942,A16,B28,C33,PCS,421,1.2,D,C09,1.199464,505.2,605.97
43059,L15,10942,A16,B28,C33,PCS,271,1.2,D,C09,1.199464,325.2,390.07
43059,L15,10942,A16,B28,C33,PCS,470,1.2,D,C09,1.199464,564,676.5
43059,L15,10942,A16,B28,C33,PCS,75,1.2,D,C09,1.199464,90,107.95
43059,L15,10942,A16,B28,C33,PCS,20,1.2,D,C09,1.199464,24,28.79
43059,L15,10942,A16,B28,C33,PCS,955,1.2,D,C09,1.199464,1146,1374.59
43063,L15,10967,A10,B23,C36,PCS,752,1.12,D,C05,3.40242,842.24,2865.65
43063,L15,10967,A10,B23,C36,PCS,557,1.12,D,C05,3.40242,623.84,2122.57
43063,L15,10967,A10,B23,C36,PCS,551,1.12,D,C05,3.40242,617.12,2099.7
43063,L15,10967,A10,B23,C36,PCS,518,1.12,D,C05,3.40242,580.16,1973.95
43063,L15,10967,A10,B23,C36,PCS,22,1.12,D,C05,3.40242,24.64,83.84
43063,L15,10967,A10,B23,C36,PCS,627,1.12,D,C05,3.40242,702.24,2389.32
43063,L15,10967,A10,B23,C36,PCS,340,1.12,D,C05,3.40242,380.8,1295.64
43063,L15,10967,A10,B23,C36,PCS,34,1.12,D,C05,3.40242,38.08,129.56
43063,L15,10967,A10,B23,C36,PCS,307,1.12,D,C05,3.40242,343.84,1169.89
43063,L15,10967,A10,B23,C36,PCS,894,1.12,D,C05,3.40242,1001.28,3406.78
43050,L15,11079,A10,B21,C33,PCS,905,7.93,D,C10,8.657656,7176.65,62132.97
43050,L15,11079,A10,B21,C33,PCS,496,7.93,D,C10,8.657656,3933.28,34052.99
43050,L15,11079,A10,B21,C33,PCS,868,7.93,D,C10,8.657656,6883.24,59592.72
43050,L15,11079,A10,B21,C33,PCS,858,7.93,D,C10,8.657656,6803.94,58906.17
43050,L15,11079,A10,B21,C33,PCS,687,7.93,D,C10,8.657656,5447.91,47166.13
43050,L15,11079,A10,B21,C33,PCS,763,7.93,D,C10,8.657656,6050.59,52383.93
43050,L15,11079,A10,B21,C33,PCS,913,7.93,D,C10,8.657656,7240.09,62682.21
43050,L15,11079,A10,B21,C33,PCS,815,7.93,D,C10,8.657656,6462.95,55954
43050,L15,11079,A10,B21,C33,PCS,436,7.93,D,C10,8.657656,3457.48,29933.67
43050,L15,11079,A10,B21,C33,PCS,680,7.93,D,C10,8.657656,5392.4,46685.54
43043,L15,11170,A13,B28,C39,PCS,860,2.28,D,C04,5.388146,1960.8,10565.08
43043,L15,11170,A13,B28,C39,PCS,696,2.28,D,C04,5.388146,1586.88,8550.34
43043,L15,11170,A13,B28,C39,PCS,274,2.28,D,C04,5.388146,624.72,3366.08
43043,L15,11170,A13,B28,C39,PCS,169,2.28,D,C04,5.388146,385.32,2076.16
43043,L15,11170,A13,B28,C39,PCS,409,2.28,D,C04,5.388146,932.52,5024.55
43043,L15,11170,A13,B28,C39,PCS,96,2.28,D,C04,5.388146,218.88,1179.36
43043,L15,11170,A13,B28,C39,PCS,168,2.28,D,C04,5.388146,383.04,2063.88
43043,L15,11170,A13,B28,C39,PCS,324,2.28,D,C04,5.388146,738.72,3980.33
43043,L15,11170,A13,B28,C39,PCS,935,2.28,D,C04,5.388146,2131.8,11486.45
43043,L15,11170,A13,B28,C39,PCS,19,2.28,D,C04,5.388146,43.32,233.41
43050,L15,11210,A20,B24,C38,PCS,710,8.07,D,C04,5.388146,5729.7,30872.46
43050,L15,11210,A20,B24,C38,PCS,260,8.07,D,C04,5.388146,2098.2,11305.41
43050,L15,11210,A20,B24,C38,PCS,249,8.07,D,C04,5.388146,2009.43,10827.1
43050,L15,11210,A20,B24,C38,PCS,186,8.07,D,C04,5.388146,1501.02,8087.71
43050,L15,11210,A20,B24,C38,PCS,253,8.07,D,C04,5.388146,2041.71,11001.03
43050,L15,11210,A20,B24,C38,PCS,240,8.07,D,C04,5.388146,1936.8,10435.76
43050,L15,11210,A20,B24,C38,PCS,355,8.07,D,C04,5.388146,2864.85,15436.23
43050,L15,11210,A20,B24,C38,PCS,944,8.07,D,C04,5.388146,7618.08,41047.33
43050,L15,11210,A20,B24,C38,PCS,175,8.07,D,C04,5.388146,1412.25,7609.41
43050,L15,11210,A20,B24,C38,PCS,809,8.07,D,C04,5.388146,6528.63,35177.21
43055,L15,11268,A13,B28,C38,PCS,871,9.95,D,C02,9.912483,8666.45,85906.04
43055,L15,11268,A13,B28,C38,PCS,980,9.95,D,C02,9.912483,9751,96656.62
43055,L15,11268,A13,B28,C38,PCS,784,9.95,D,C02,9.912483,7800.8,77325.3
43055,L15,11268,A13,B28,C38,PCS,947,9.95,D,C02,9.912483,9422.65,93401.86
43055,L15,11268,A13,B28,C38,PCS,562,9.95,D,C02,9.912483,5591.9,55429.61
43055,L15,11268,A13,B28,C38,PCS,388,9.95,D,C02,9.912483,3860.6,38268.13
43055,L15,11268,A13,B28,C38,PCS,568,9.95,D,C02,9.912483,5651.6,56021.39
43055,L15,11268,A13,B28,C38,PCS,764,9.95,D,C02,9.912483,7601.8,75352.71
43055,L15,11268,A13,B28,C38,PCS,737,9.95,D,C02,9.912483,7333.15,72689.72
43055,L15,11268,A13,B28,C38,PCS,747,9.95,D,C02,9.912483,7432.65,73676.02
43056,L15,11379,A15,B23,C39,PCS,333,8.01,C,C10,8.657656,2667.33,23092.83
43056,L15,11379,A15,B23,C39,PCS,781,8.01,C,C10,8.657656,6255.81,54160.65
43056,L15,11379,A15,B23,C39,PCS,257,8.01,C,C10,8.657656,2058.57,17822.39
43056,L15,11379,A15,B23,C39,PCS,712,8.01,C,C10,8.657656,5703.12,49375.65
43056,L15,11379,A15,B23,C39,PCS,213,8.01,C,C10,8.657656,1706.13,14771.09
43056,L15,11379,A15,B23,C39,PCS,480,8.01,C,C10,8.657656,3844.8,33286.96
43056,L15,11379,A15,B23,C39,PCS,372,8.01,C,C10,8.657656,2979.72,25797.39
43056,L15,11379,A15,B23,C39,PCS,678,8.01,C,C10,8.657656,5430.78,47017.83
43056,L15,11379,A15,B23,C39,PCS,228,8.01,C,C10,8.657656,1826.28,15811.3
43056,L15,11379,A15,B23,C39,PCS,987,8.01,C,C10,8.657656,7905.87,68446.3
43055,L15,11408,A20,B23,C37,PCS,856,1.18,C,C09,1.199464,1010.08,1211.55
43055,L15,11408,A20,B23,C37,PCS,221,1.18,C,C09,1.199464,260.78,312.8
43055,L15,11408,A20,B23,C37,PCS,162,1.18,C,C09,1.199464,191.16,229.29
43055,L15,11408,A20,B23,C37,PCS,762,1.18,C,C09,1.199464,899.16,1078.51
43055,L15,11408,A20,B23,C37,PCS,501,1.18,C,C09,1.199464,591.18,709.1
43055,L15,11408,A20,B23,C37,PCS,400,1.18,C,C09,1.199464,472,566.15
43055,L15,11408,A20,B23,C37,PCS,33,1.18,C,C09,1.199464,38.94,46.71
43055,L15,11408,A20,B23,C37,PCS,5,1.18,C,C09,1.199464,5.9,7.08
43055,L15,11408,A20,B23,C37,PCS,858,1.18,C,C09,1.199464,1012.44,1214.39
43055,L15,11408,A20,B23,C37,PCS,112,1.18,C,C09,1.199464,132.16,158.52
43052,L15,11761,A13,B28,C36,PCS,857,4.19,D,C09,1.199464,3590.83,4307.07
43052,L15,11761,A13,B28,C36,PCS,71,4.19,D,C09,1.199464,297.49,356.83
43052,L15,11761,A13,B28,C36,PCS,504,4.19,D,C09,1.199464,2111.76,2532.98
43052,L15,11761,A13,B28,C36,PCS,43,4.19,D,C09,1.199464,180.17,216.11
43052,L15,11761,A13,B28,C36,PCS,855,4.19,D,C09,1.199464,3582.45,4297.02
43052,L15,11761,A13,B28,C36,PCS,276,4.19,D,C09,1.199464,1156.44,1387.11
43052,L15,11761,A13,B28,C36,PCS,712,4.19,D,C09,1.199464,2983.28,3578.34
43052,L15,11761,A13,B28,C36,PCS,186,4.19,D,C09,1.199464,779.34,934.79
43052,L15,11761,A13,B28,C36,PCS,598,4.19,D,C09,1.199464,2505.62,3005.4
43052,L15,11761,A13,B28,C36,PCS,298,4.19,D,C09,1.199464,1248.62,1497.67
43067,L15,11773,A18,B25,C37,PCS,586,3.81,D,C03,7.133317,2232.66,15926.27
43067,L15,11773,A18,B25,C37,PCS,423,3.81,D,C03,7.133317,1611.63,11496.27
43067,L15,11773,A18,B25,C37,PCS,947,3.81,D,C03,7.133317,3608.07,25737.51
43067,L15,11773,A18,B25,C37,PCS,164,3.81,D,C03,7.133317,624.84,4457.18
43067,L15,11773,A18,B25,C37,PCS,568,3.81,D,C03,7.133317,2164.08,15437.07
43067,L15,11773,A18,B25,C37,PCS,734,3.81,D,C03,7.133317,2796.54,19948.61
43067,L15,11773,A18,B25,C37,PCS,665,3.81,D,C03,7.133317,2533.65,18073.33
43067,L15,11773,A18,B25,C37,PCS,675,3.81,D,C03,7.133317,2571.75,18345.11
43067,L15,11773,A18,B25,C37,PCS,368,3.81,D,C03,7.133317,1402.08,10001.48
43067,L15,11773,A18,B25,C37,PCS,407,3.81,D,C03,7.133317,1550.67,11061.42
43061,L15,11944,A16,B24,C32,PCS,670,3.34,D,C04,5.388146,2237.8,12057.59
43061,L15,11944,A16,B24,C32,PCS,782,3.34,D,C04,5.388146,2611.88,14073.19
43061,L15,11944,A16,B24,C32,PCS,186,3.34,D,C04,5.388146,621.24,3347.33
43061,L15,11944,A16,B24,C32,PCS,757,3.34,D,C04,5.388146,2528.38,13623.28
43061,L15,11944,A16,B24,C32,PCS,658,3.34,D,C04,5.388146,2197.72,11841.64
43061,L15,11944,A16,B24,C32,PCS,377,3.34,D,C04,5.388146,1259.18,6784.65
43061,L15,11944,A16,B24,C32,PCS,579,3.34,D,C04,5.388146,1933.86,10419.92
43061,L15,11944,A16,B24,C32,PCS,286,3.34,D,C04,5.388146,955.24,5146.97
43061,L15,11944,A16,B24,C32,PCS,301,3.34,D,C04,5.388146,1005.34,5416.92
43061,L15,11944,A16,B24,C32,PCS,459,3.34,D,C04,5.388146,1533.06,8260.35
43046,L15,11960,A17,B20,C31,PCS,817,1.6,D,C09,1.199464,1307.2,1567.94
43046,L15,11960,A17,B20,C31,PCS,170,1.6,D,C09,1.199464,272,326.25
43046,L15,11960,A17,B20,C31,PCS,102,1.6,D,C09,1.199464,163.2,195.75
43046,L15,11960,A17,B20,C31,PCS,996,1.6,D,C09,1.199464,1593.6,1911.47
43046,L15,11960,A17,B20,C31,PCS,472,1.6,D,C09,1.199464,755.2,905.84
43046,L15,11960,A17,B20,C31,PCS,688,1.6,D,C09,1.199464,1100.8,1320.37
43046,L15,11960,A17,B20,C31,PCS,219,1.6,D,C09,1.199464,350.4,420.29
43046,L15,11960,A17,B20,C31,PCS,960,1.6,D,C09,1.199464,1536,1842.38
43046,L15,11960,A17,B20,C31,PCS,646,1.6,D,C09,1.199464,1033.6,1239.77
43046,L15,11960,A17,B20,C31,PCS,641,1.6,D,C09,1.199464,1025.6,1230.17
43069,L15,12085,A14,B24,C37,PCS,393,2.77,D,C06,3.547054,1088.61,3861.36
43069,L15,12085,A14,B24,C37,PCS,544,2.77,D,C06,3.547054,1506.88,5344.98
43069,L15,12085,A14,B24,C37,PCS,954,2.77,D,C06,3.547054,2642.58,9373.37
43069,L15,12085,A14,B24,C37,PCS,126,2.77,D,C06,3.547054,349.02,1237.99
43069,L15,12085,A14,B24,C37,PCS,136,2.77,D,C06,3.547054,376.72,1336.25
43069,L15,12085,A14,B24,C37,PCS,871,2.77,D,C06,3.547054,2412.67,8557.87
43069,L15,12085,A14,B24,C37,PCS,962,2.77,D,C06,3.547054,2664.74,9451.98
43069,L15,12085,A14,B24,C37,PCS,279,2.77,D,C06,3.547054,772.83,2741.27
43069,L15,12085,A14,B24,C37,PCS,401,2.77,D,C06,3.547054,1110.77,3939.96
43069,L15,12085,A14,B24,C37,PCS,859,2.77,D,C06,3.547054,2379.43,8439.97
43060,L15,12177,A16,B26,C39,PCS,187,4.37,D,C06,3.547054,817.19,2898.62
43060,L15,12177,A16,B26,C39,PCS,526,4.37,D,C06,3.547054,2298.62,8153.33
43060,L15,12177,A16,B26,C39,PCS,409,4.37,D,C06,3.547054,1787.33,6339.76
43060,L15,12177,A16,B26,C39,PCS,616,4.37,D,C06,3.547054,2691.92,9548.39
43060,L15,12177,A16,B26,C39,PCS,363,4.37,D,C06,3.547054,1586.31,5626.73
43060,L15,12177,A16,B26,C39,PCS,16,4.37,D,C06,3.547054,69.92,248.01
43060,L15,12177,A16,B26,C39,PCS,470,4.37,D,C06,3.547054,2053.9,7285.29
43060,L15,12177,A16,B26,C39,PCS,416,4.37,D,C06,3.547054,1817.92,6448.26
43060,L15,12177,A16,B26,C39,PCS,690,4.37,D,C06,3.547054,3015.3,10695.43
43060,L15,12177,A16,B26,C39,PCS,9,4.37,D,C06,3.547054,39.33,139.51
43050,L15,12187,A20,B29,C39,PCS,170,2.17,C,C03,7.133317,368.9,2631.48
43050,L15,12187,A20,B29,C39,PCS,309,2.17,C,C03,7.133317,670.53,4783.1
43050,L15,12187,A20,B29,C39,PCS,867,2.17,C,C03,7.133317,1881.39,13420.55
43050,L15,12187,A20,B29,C39,PCS,267,2.17,C,C03,7.133317,579.39,4132.97
43050,L15,12187,A20,B29,C39,PCS,813,2.17,C,C03,7.133317,1764.21,12584.67
43050,L15,12187,A20,B29,C39,PCS,627,2.17,C,C03,7.133317,1360.59,9705.52
43050,L15,12187,A20,B29,C39,PCS,260,2.17,C,C03,7.133317,564.2,4024.62
43050,L15,12187,A20,B29,C39,PCS,486,2.17,C,C03,7.133317,1054.62,7522.94
43050,L15,12187,A20,B29,C39,PCS,903,2.17,C,C03,7.133317,1959.51,13977.81
43050,L15,12187,A20,B29,C39,PCS,133,2.17,C,C03,7.133317,288.61,2058.75
43049,L15,12302,A17,B22,C31,PCS,422,8.78,D,C02,9.912483,3705.16,36727.34
43049,L15,12302,A17,B22,C31,PCS,633,8.78,D,C02,9.912483,5557.74,55091
43049,L15,12302,A17,B22,C31,PCS,702,8.78,D,C02,9.912483,6163.56,61096.18
43049,L15,12302,A17,B22,C31,PCS,308,8.78,D,C02,9.912483,2704.24,26805.73
43049,L15,12302,A17,B22,C31,PCS,484,8.78,D,C02,9.912483,4249.52,42123.29
43049,L15,12302,A17,B22,C31,PCS,423,8.78,D,C02,9.912483,3713.94,36814.37
43049,L15,12302,A17,B22,C31,PCS,963,8.78,D,C02,9.912483,8455.14,83811.43
43049,L15,12302,A17,B22,C31,PCS,781,8.78,D,C02,9.912483,6857.18,67971.68
43049,L15,12302,A17,B22,C31,PCS,273,8.78,D,C02,9.912483,2396.94,23759.63
43049,L15,12302,A17,B22,C31,PCS,794,8.78,D,C02,9.912483,6971.32,69103.09
43055,L15,12346,A15,B25,C31,PCS,780,1.18,C,C09,1.199464,920.4,1103.99
43055,L15,12346,A15,B25,C31,PCS,433,1.18,C,C09,1.199464,510.94,612.85
43055,L15,12346,A15,B25,C31,PCS,178,1.18,C,C09,1.199464,210.04,251.94
43055,L15,12346,A15,B25,C31,PCS,620,1.18,C,C09,1.199464,731.6,877.53
43055,L15,12346,A15,B25,C31,PCS,323,1.18,C,C09,1.199464,381.14,457.16
43055,L15,12346,A15,B25,C31,PCS,553,1.18,C,C09,1.199464,652.54,782.7
43055,L15,12346,A15,B25,C31,PCS,670,1.18,C,C09,1.199464,790.6,948.3
43055,L15,12346,A15,B25,C31,PCS,175,1.18,C,C09,1.199464,206.5,247.69
43055,L15,12346,A15,B25,C31,PCS,855,1.18,C,C09,1.199464,1008.9,1210.14
43055,L15,12346,A15,B25,C31,PCS,775,1.18,C,C09,1.199464,914.5,1096.91
43063,L15,12371,A18,B21,C40,PCS,980,2.42,C,C01,6.825646,2371.6,16187.7
43063,L15,12371,A18,B21,C40,PCS,874,2.42,C,C01,6.825646,2115.08,14436.79
43063,L15,12371,A18,B21,C40,PCS,542,2.42,C,C01,6.825646,1311.64,8952.79
43063,L15,12371,A18,B21,C40,PCS,748,2.42,C,C01,6.825646,1810.16,12355.51
43063,L15,12371,A18,B21,C40,PCS,374,2.42,C,C01,6.825646,905.08,6177.76
43063,L15,12371,A18,B21,C40,PCS,626,2.42,C,C01,6.825646,1514.92,10340.31
43063,L15,12371,A18,B21,C40,PCS,595,2.42,C,C01,6.825646,1439.9,9828.25
43063,L15,12371,A18,B21,C40,PCS,451,2.42,C,C01,6.825646,1091.42,7449.65
43063,L15,12371,A18,B21,C40,PCS,497,2.42,C,C01,6.825646,1202.74,8209.48
43063,L15,12371,A18,B21,C40,PCS,649,2.42,C,C01,6.825646,1570.58,10720.22
43069,L15,12600,A18,B24,C30,PCS,476,1.91,C,C10,8.657656,909.16,7871.19
43069,L15,12600,A18,B24,C30,PCS,893,1.91,C,C10,8.657656,1705.63,14766.76
43069,L15,12600,A18,B24,C30,PCS,589,1.91,C,C10,8.657656,1124.99,9739.78
43069,L15,12600,A18,B24,C30,PCS,839,1.91,C,C10,8.657656,1602.49,13873.81
43069,L15,12600,A18,B24,C30,PCS,678,1.91,C,C10,8.657656,1294.98,11211.49
43069,L15,12600,A18,B24,C30,PCS,659,1.91,C,C10,8.657656,1258.69,10897.31
43069,L15,12600,A18,B24,C30,PCS,184,1.91,C,C10,8.657656,351.44,3042.65
43069,L15,12600,A18,B24,C30,PCS,974,1.91,C,C10,8.657656,1860.34,16106.18
43069,L15,12600,A18,B24,C30,PCS,247,1.91,C,C10,8.657656,471.77,4084.42
43069,L15,12600,A18,B24,C30,PCS,845,1.91,C,C10,8.657656,1613.95,13973.02
43056,L15,12765,A14,B22,C30,PCS,524,8.01,C,C10,8.657656,4197.24,36338.26
43056,L15,12765,A14,B22,C30,PCS,143,8.01,C,C10,8.657656,1145.43,9916.74
43056,L15,12765,A14,B22,C30,PCS,59,8.01,C,C10,8.657656,472.59,4091.52
43056,L15,12765,A14,B22,C30,PCS,483,8.01,C,C10,8.657656,3868.83,33495
43056,L15,12765,A14,B22,C30,PCS,54,8.01,C,C10,8.657656,432.54,3744.78
43056,L15,12765,A14,B22,C30,PCS,749,8.01,C,C10,8.657656,5999.49,51941.52
43056,L15,12765,A14,B22,C30,PCS,954,8.01,C,C10,8.657656,7641.54,66157.82
43056,L15,12765,A14,B22,C30,PCS,594,8.01,C,C10,8.657656,4757.94,41192.61
43056,L15,12765,A14,B22,C30,PCS,20,8.01,C,C10,8.657656,160.2,1386.96
43056,L15,12765,A14,B22,C30,PCS,672,8.01,C,C10,8.657656,5382.72,46601.74
43048,L15,12837,A13,B27,C34,PCS,497,4.07,D,C10,8.657656,2022.79,17512.62
43048,L15,12837,A13,B27,C34,PCS,657,4.07,D,C10,8.657656,2673.99,23150.49
43048,L15,12837,A13,B27,C34,PCS,878,4.07,D,C10,8.657656,3573.46,30937.79
43048,L15,12837,A13,B27,C34,PCS,788,4.07,D,C10,8.657656,3207.16,27766.49
43048,L15,12837,A13,B27,C34,PCS,823,4.07,D,C10,8.657656,3349.61,28999.77
43048,L15,12837,A13,B27,C34,PCS,747,4.07,D,C10,8.657656,3040.29,26321.78
43048,L15,12837,A13,B27,C34,PCS,718,4.07,D,C10,8.657656,2922.26,25299.92
43048,L15,12837,A13,B27,C34,PCS,240,4.07,D,C10,8.657656,976.8,8456.8
43048,L15,12837,A13,B27,C34,PCS,236,4.07,D,C10,8.657656,960.52,8315.85
43048,L15,12837,A13,B27,C34,PCS,777,4.07,D,C10,8.657656,3162.39,27378.88
43049,L15,12838,A14,B28,C37,PCS,192,5.96,C,C04,5.388146,1144.32,6165.76
43049,L15,12838,A14,B28,C37,PCS,445,5.96,C,C04,5.388146,2652.2,14290.44
43049,L15,12838,A14,B28,C37,PCS,581,5.96,C,C04,5.388146,3462.76,18657.86
43049,L15,12838,A14,B28,C37,PCS,401,5.96,C,C04,5.388146,2389.96,12877.45
43049,L15,12838,A14,B28,C37,PCS,503,5.96,C,C04,5.388146,2997.88,16153.02
43049,L15,12838,A14,B28,C37,PCS,710,5.96,C,C04,5.388146,4231.6,22800.48
43049,L15,12838,A14,B28,C37,PCS,715,5.96,C,C04,5.388146,4261.4,22961.05
43049,L15,12838,A14,B28,C37,PCS,785,5.96,C,C04,5.388146,4678.6,25208.98
43049,L15,12838,A14,B28,C37,PCS,291,5.96,C,C04,5.388146,1734.36,9344.98
43049,L15,12838,A14,B28,C37,PCS,592,5.96,C,C04,5.388146,3528.32,19011.1
43067,L15,12987,A18,B26,C37,PCS,329,7.68,C,C10,8.657656,2526.72,21875.47
43067,L15,12987,A18,B26,C37,PCS,498,7.68,C,C10,8.657656,3824.64,33112.42
43067,L15,12987,A18,B26,C37,PCS,153,7.68,C,C10,8.657656,1175.04,10173.09
43067,L15,12987,A18,B26,C37,PCS,912,7.68,C,C10,8.657656,7004.16,60639.61
43067,L15,12987,A18,B26,C37,PCS,854,7.68,C,C10,8.657656,6558.72,56783.14
43067,L15,12987,A18,B26,C37,PCS,487,7.68,C,C10,8.657656,3740.16,32381.02
43067,L15,12987,A18,B26,C37,PCS,10,7.68,C,C10,8.657656,76.8,664.91
43067,L15,12987,A18,B26,C37,PCS,849,7.68,C,C10,8.657656,6520.32,56450.69
43067,L15,12987,A18,B26,C37,PCS,565,7.68,C,C10,8.657656,4339.2,37567.3
43067,L15,12987,A18,B26,C37,PCS,795,7.68,C,C10,8.657656,6105.6,52860.18
43041,L15,13009,A13,B20,C36,PCS,771,8.61,C,C06,3.547054,6638.31,23546.44
43041,L15,13009,A13,B20,C36,PCS,645,8.61,C,C06,3.547054,5553.45,19698.39
43041,L15,13009,A13,B20,C36,PCS,802,8.61,C,C06,3.547054,6905.22,24493.19
43041,L15,13009,A13,B20,C36,PCS,916,8.61,C,C06,3.547054,7886.76,27974.76
43041,L15,13009,A13,B20,C36,PCS,830,8.61,C,C06,3.547054,7146.3,25348.31
43041,L15,13009,A13,B20,C36,PCS,731,8.61,C,C06,3.547054,6293.91,22324.84
43041,L15,13009,A13,B20,C36,PCS,861,8.61,C,C06,3.547054,7413.21,26295.06
43041,L15,13009,A13,B20,C36,PCS,488,8.61,C,C06,3.547054,4201.68,14903.59
43041,L15,13009,A13,B20,C36,PCS,221,8.61,C,C06,3.547054,1902.81,6749.37
43041,L15,13009,A13,B20,C36,PCS,680,8.61,C,C06,3.547054,5854.8,20767.29
43058,L15,13142,A16,B25,C40,PCS,587,8.19,C,C06,3.547054,4807.53,17052.57
43058,L15,13142,A16,B25,C40,PCS,215,8.19,C,C06,3.547054,1760.85,6245.83
43058,L15,13142,A16,B25,C40,PCS,12,8.19,C,C06,3.547054,98.28,348.6
43058,L15,13142,A16,B25,C40,PCS,464,8.19,C,C06,3.547054,3800.16,13479.37
43058,L15,13142,A16,B25,C40,PCS,530,8.19,C,C06,3.547054,4340.7,15396.7
43058,L15,13142,A16,B25,C40,PCS,255,8.19,C,C06,3.547054,2088.45,7407.84
43058,L15,13142,A16,B25,C40,PCS,247,8.19,C,C06,3.547054,2022.93,7175.44
43058,L15,13142,A16,B25,C40,PCS,251,8.19,C,C06,3.547054,2055.69,7291.64
43058,L15,13142,A16,B25,C40,PCS,495,8.19,C,C06,3.547054,4054.05,14379.93
43058,L15,13142,A16,B25,C40,PCS,652,8.19,C,C06,3.547054,5339.88,18940.84
43042,L15,13177,A14,B25,C40,PCS,551,9.8,D,C07,1.358577,5399.8,7336.04
43042,L15,13177,A14,B25,C40,PCS,558,9.8,D,C07,1.358577,5468.4,7429.24
43042,L15,13177,A14,B25,C40,PCS,550,9.8,D,C07,1.358577,5390,7322.73
43042,L15,13177,A14,B25,C40,PCS,458,9.8,D,C07,1.358577,4488.4,6097.84
43042,L15,13177,A14,B25,C40,PCS,56,9.8,D,C07,1.358577,548.8,745.59
43042,L15,13177,A14,B25,C40,PCS,575,9.8,D,C07,1.358577,5635,7655.58
43042,L15,13177,A14,B25,C40,PCS,807,9.8,D,C07,1.358577,7908.6,10744.44
43042,L15,13177,A14,B25,C40,PCS,405,9.8,D,C07,1.358577,3969,5392.19
43042,L15,13177,A14,B25,C40,PCS,725,9.8,D,C07,1.358577,7105,9652.69
43042,L15,13177,A14,B25,C40,PCS,352,9.8,D,C07,1.358577,3449.6,4686.55
43059,L15,13340,A17,B30,C31,PCS,752,3.54,C,C10,8.657656,2662.08,23047.37
43059,L15,13340,A17,B30,C31,PCS,461,3.54,C,C10,8.657656,1631.94,14128.78
43059,L15,13340,A17,B30,C31,PCS,948,3.54,C,C10,8.657656,3355.92,29054.4
43059,L15,13340,A17,B30,C31,PCS,455,3.54,C,C10,8.657656,1610.7,13944.89
43059,L15,13340,A17,B30,C31,PCS,313,3.54,C,C10,8.657656,1108.02,9592.86
43059,L15,13340,A17,B30,C31,PCS,185,3.54,C,C10,8.657656,654.9,5669.9
43059,L15,13340,A17,B30,C31,PCS,882,3.54,C,C10,8.657656,3122.28,27031.63
43059,L15,13340,A17,B30,C31,PCS,327,3.54,C,C10,8.657656,1157.58,10021.93
43059,L15,13340,A17,B30,C31,PCS,740,3.54,C,C10,8.657656,2619.6,22679.6
43059,L15,13340,A17,B30,C31,PCS,16,3.54,C,C10,8.657656,56.64,490.37
43064,L15,13370,A16,B27,C40,PCS,770,4.2,D,C09,1.199464,3234,3879.07
43064,L15,13370,A16,B27,C40,PCS,653,4.2,D,C09,1.199464,2742.6,3289.65
43064,L15,13370,A16,B27,C40,PCS,717,4.2,D,C09,1.199464,3011.4,3612.07
43064,L15,13370,A16,B27,C40,PCS,924,4.2,D,C09,1.199464,3880.8,4654.88
43064,L15,13370,A16,B27,C40,PCS,394,4.2,D,C09,1.199464,1654.8,1984.87
43064,L15,13370,A16,B27,C40,PCS,324,4.2,D,C09,1.199464,1360.8,1632.23
43064,L15,13370,A16,B27,C40,PCS,240,4.2,D,C09,1.199464,1008,1209.06
43064,L15,13370,A16,B27,C40,PCS,222,4.2,D,C09,1.199464,932.4,1118.38
43064,L15,13370,A16,B27,C40,PCS,115,4.2,D,C09,1.199464,483,579.34
43064,L15,13370,A16,B27,C40,PCS,609,4.2,D,C09,1.199464,2557.8,3067.99
43046,L15,13496,A15,B29,C32,PCS,71,7.6,D,C07,1.358577,539.6,733.09
43046,L15,13496,A15,B29,C32,PCS,722,7.6,D,C07,1.358577,5487.2,7454.78
43046,L15,13496,A15,B29,C32,PCS,123,7.6,D,C07,1.358577,934.8,1270
43046,L15,13496,A15,B29,C32,PCS,854,7.6,D,C07,1.358577,6490.4,8817.71
43046,L15,13496,A15,B29,C32,PCS,996,7.6,D,C07,1.358577,7569.6,10283.88
43046,L15,13496,A15,B29,C32,PCS,336,7.6,D,C07,1.358577,2553.6,3469.26
43046,L15,13496,A15,B29,C32,PCS,581,7.6,D,C07,1.358577,4415.6,5998.93
43046,L15,13496,A15,B29,C32,PCS,821,7.6,D,C07,1.358577,6239.6,8476.98
43046,L15,13496,A15,B29,C32,PCS,39,7.6,D,C07,1.358577,296.4,402.68
43046,L15,13496,A15,B29,C32,PCS,347,7.6,D,C07,1.358577,2637.2,3582.84
43060,L15,13511,A15,B29,C34,PCS,77,9.61,C,C07,1.358577,739.97,1005.31
43060,L15,13511,A15,B29,C34,PCS,129,9.61,C,C07,1.358577,1239.69,1684.21
43060,L15,13511,A15,B29,C34,PCS,85,9.61,C,C07,1.358577,816.85,1109.75
43060,L15,13511,A15,B29,C34,PCS,987,9.61,C,C07,1.358577,9485.07,12886.2
43060,L15,13511,A15,B29,C34,PCS,786,9.61,C,C07,1.358577,7553.46,10261.96
43060,L15,13511,A15,B29,C34,PCS,107,9.61,C,C07,1.358577,1028.27,1396.98
43060,L15,13511,A15,B29,C34,PCS,601,9.61,C,C07,1.358577,5775.61,7846.61
43060,L15,13511,A15,B29,C34,PCS,760,9.61,C,C07,1.358577,7303.6,9922.5
43060,L15,13511,A15,B29,C34,PCS,322,9.61,C,C07,1.358577,3094.42,4204.01
43060,L15,13511,A15,B29,C34,PCS,441,9.61,C,C07,1.358577,4238.01,5757.66
43040,L15,13767,A16,B27,C37,PCS,612,6.44,C,C10,8.657656,3941.28,34122.25
43040,L15,13767,A16,B27,C37,PCS,238,6.44,C,C10,8.657656,1532.72,13269.76
43040,L15,13767,A16,B27,C37,PCS,203,6.44,C,C10,8.657656,1307.32,11318.33
43040,L15,13767,A16,B27,C37,PCS,102,6.44,C,C10,8.657656,656.88,5687.04
43040,L15,13767,A16,B27,C37,PCS,402,6.44,C,C10,8.657656,2588.88,22413.63
43040,L15,13767,A16,B27,C37,PCS,326,6.44,C,C10,8.657656,2099.44,18176.23
43040,L15,13767,A16,B27,C37,PCS,224,6.44,C,C10,8.657656,1442.56,12489.19
43040,L15,13767,A16,B27,C37,PCS,829,6.44,C,C10,8.657656,5338.76,46221.15
43040,L15,13767,A16,B27,C37,PCS,121,6.44,C,C10,8.657656,779.24,6746.39
43040,L15,13767,A16,B27,C37,PCS,893,6.44,C,C10,8.657656,5750.92,49789.49
43048,L15,13769,A16,B20,C37,PCS,622,6.95,C,C01,6.825646,4322.9,29506.59
43048,L15,13769,A16,B20,C37,PCS,131,6.95,C,C01,6.825646,910.45,6214.41
43048,L15,13769,A16,B20,C37,PCS,196,6.95,C,C01,6.825646,1362.2,9297.89
43048,L15,13769,A16,B20,C37,PCS,534,6.95,C,C01,6.825646,3711.3,25332.02
43048,L15,13769,A16,B20,C37,PCS,856,6.95,C,C01,6.825646,5949.2,40607.13
43048,L15,13769,A16,B20,C37,PCS,602,6.95,C,C01,6.825646,4183.9,28557.82
43048,L15,13769,A16,B20,C37,PCS,218,6.95,C,C01,6.825646,1515.1,10341.54
43048,L15,13769,A16,B20,C37,PCS,966,6.95,C,C01,6.825646,6713.7,45825.34
43048,L15,13769,A16,B20,C37,PCS,136,6.95,C,C01,6.825646,945.2,6451.6
43048,L15,13769,A16,B20,C37,PCS,985,6.95,C,C01,6.825646,6845.75,46726.67
43060,L15,13819,A16,B29,C36,PCS,941,2.79,D,C03,7.133317,2625.39,18727.74
43060,L15,13819,A16,B29,C36,PCS,752,2.79,D,C03,7.133317,2098.08,14966.27
43060,L15,13819,A16,B29,C36,PCS,223,2.79,D,C03,7.133317,622.17,4438.14
43060,L15,13819,A16,B29,C36,PCS,61,2.79,D,C03,7.133317,170.19,1214.02
43060,L15,13819,A16,B29,C36,PCS,966,2.79,D,C03,7.133317,2695.14,19225.29
43060,L15,13819,A16,B29,C36,PCS,248,2.79,D,C03,7.133317,691.92,4935.68
43060,L15,13819,A16,B29,C36,PCS,754,2.79,D,C03,7.133317,2103.66,15006.07
43060,L15,13819,A16,B29,C36,PCS,240,2.79,D,C03,7.133317,669.6,4776.47
43060,L15,13819,A16,B29,C36,PCS,280,2.79,D,C03,7.133317,781.2,5572.55
43060,L15,13819,A16,B29,C36,PCS,445,2.79,D,C03,7.133317,1241.55,8856.37
43055,L15,13850,A19,B25,C34,PCS,393,7.41,D,C03,7.133317,2912.13,20773.15
43055,L15,13850,A19,B25,C34,PCS,794,7.41,D,C03,7.133317,5883.54,41969.16
43055,L15,13850,A19,B25,C34,PCS,979,7.41,D,C03,7.133317,7254.39,51747.86
43055,L15,13850,A19,B25,C34,PCS,783,7.41,D,C03,7.133317,5802.03,41387.72
43055,L15,13850,A19,B25,C34,PCS,31,7.41,D,C03,7.133317,229.71,1638.59
43055,L15,13850,A19,B25,C34,PCS,267,7.41,D,C03,7.133317,1978.47,14113.05
43055,L15,13850,A19,B25,C34,PCS,181,7.41,D,C03,7.133317,1341.21,9567.28
43055,L15,13850,A19,B25,C34,PCS,223,7.41,D,C03,7.133317,1652.43,11787.31
43055,L15,13850,A19,B25,C34,PCS,809,7.41,D,C03,7.133317,5994.69,42762.02
43055,L15,13850,A19,B25,C34,PCS,155,7.41,D,C03,7.133317,1148.55,8192.97
43052,L15,13902,A10,B30,C35,PCS,957,1.88,C,C08,1.496196,1799.16,2691.9
43052,L15,13902,A10,B30,C35,PCS,479,1.88,C,C08,1.496196,900.52,1347.35
43052,L15,13902,A10,B30,C35,PCS,399,1.88,C,C08,1.496196,750.12,1122.33
43052,L15,13902,A10,B30,C35,PCS,775,1.88,C,C08,1.496196,1457,2179.96
43052,L15,13902,A10,B30,C35,PCS,836,1.88,C,C08,1.496196,1571.68,2351.54
43052,L15,13902,A10,B30,C35,PCS,553,1.88,C,C08,1.496196,1039.64,1555.51
43052,L15,13902,A10,B30,C35,PCS,904,1.88,C,C08,1.496196,1699.52,2542.82
43052,L15,13902,A10,B30,C35,PCS,980,1.88,C,C08,1.496196,1842.4,2756.59
43052,L15,13902,A10,B30,C35,PCS,217,1.88,C,C08,1.496196,407.96,610.39
43052,L15,13902,A10,B30,C35,PCS,271,1.88,C,C08,1.496196,509.48,762.28
43052,L15,14046,A14,B27,C30,PCS,416,8.63,D,C02,9.912483,3590.08,35586.61
43052,L15,14046,A14,B27,C30,PCS,979,8.63,D,C02,9.912483,8448.77,83748.29
43052,L15,14046,A14,B27,C30,PCS,848,8.63,D,C02,9.912483,7318.24,72541.93
43052,L15,14046,A14,B27,C30,PCS,440,8.63,D,C02,9.912483,3797.2,37639.68
43052,L15,14046,A14,B27,C30,PCS,126,8.63,D,C02,9.912483,1087.38,10778.64
43052,L15,14046,A14,B27,C30,PCS,472,8.63,D,C02,9.912483,4073.36,40377.11
43052,L15,14046,A14,B27,C30,PCS,541,8.63,D,C02,9.912483,4668.83,46279.7
43052,L15,14046,A14,B27,C30,PCS,449,8.63,D,C02,9.912483,3874.87,38409.58
43052,L15,14046,A14,B27,C30,PCS,391,8.63,D,C02,9.912483,3374.33,33447.99
43052,L15,14046,A14,B27,C30,PCS,545,8.63,D,C02,9.912483,4703.35,46621.88
43067,L15,14099,A11,B25,C39,PCS,751,2.8,C,C07,1.358577,2102.8,2856.82
43067,L15,14099,A11,B25,C39,PCS,315,2.8,C,C07,1.358577,882,1198.26
43067,L15,14099,A11,B25,C39,PCS,127,2.8,C,C07,1.358577,355.6,483.11
43067,L15,14099,A11,B25,C39,PCS,659,2.8,C,C07,1.358577,1845.2,2506.85
43067,L15,14099,A11,B25,C39,PCS,894,2.8,C,C07,1.358577,2503.2,3400.79
43067,L15,14099,A11,B25,C39,PCS,673,2.8,C,C07,1.358577,1884.4,2560.1
43067,L15,14099,A11,B25,C39,PCS,131,2.8,C,C07,1.358577,366.8,498.33
43067,L15,14099,A11,B25,C39,PCS,786,2.8,C,C07,1.358577,2200.8,2989.96
43067,L15,14099,A11,B25,C39,PCS,470,2.8,C,C07,1.358577,1316,1787.89
43067,L15,14099,A11,B25,C39,PCS,601,2.8,C,C07,1.358577,1682.8,2286.21
43050,L15,14204,A12,B23,C32,PCS,925,8.07,D,C04,5.388146,7464.75,40221.16
43050,L15,14204,A12,B23,C32,PCS,213,8.07,D,C04,5.388146,1718.91,9261.74
43050,L15,14204,A12,B23,C32,PCS,767,8.07,D,C04,5.388146,6189.69,33350.95
43050,L15,14204,A12,B23,C32,PCS,73,8.07,D,C04,5.388146,589.11,3174.21
43050,L15,14204,A12,B23,C32,PCS,815,8.07,D,C04,5.388146,6577.05,35438.11
43050,L15,14204,A12,B23,C32,PCS,20,8.07,D,C04,5.388146,161.4,869.65
43050,L15,14204,A12,B23,C32,PCS,587,8.07,D,C04,5.388146,4737.09,25524.13
43050,L15,14204,A12,B23,C32,PCS,32,8.07,D,C04,5.388146,258.24,1391.43
43050,L15,14204,A12,B23,C32,PCS,753,8.07,D,C04,5.388146,6076.71,32742.2
43050,L15,14204,A12,B23,C32,PCS,646,8.07,D,C04,5.388146,5213.22,28089.59
43053,L15,14212,A17,B30,C34,PCS,822,9.31,D,C08,1.496196,7652.82,11450.12
43053,L15,14212,A17,B30,C34,PCS,728,9.31,D,C08,1.496196,6777.68,10140.74
43053,L15,14212,A17,B30,C34,PCS,421,9.31,D,C08,1.496196,3919.51,5864.36
43053,L15,14212,A17,B30,C34,PCS,788,9.31,D,C08,1.496196,7336.28,10976.51
43053,L15,14212,A17,B30,C34,PCS,992,9.31,D,C08,1.496196,9235.52,13818.15
43053,L15,14212,A17,B30,C34,PCS,967,9.31,D,C08,1.496196,9002.77,13469.91
43053,L15,14212,A17,B30,C34,PCS,985,9.31,D,C08,1.496196,9170.35,13720.64
43053,L15,14212,A17,B30,C34,PCS,573,9.31,D,C08,1.496196,5334.63,7981.65
43053,L15,14212,A17,B30,C34,PCS,151,9.31,D,C08,1.496196,1405.81,2103.37
43053,L15,14212,A17,B30,C34,PCS,728,9.31,D,C08,1.496196,6777.68,10140.74
43048,L15,14325,A15,B21,C38,PCS,646,6.81,C,C03,7.133317,4399.26,31381.32
43048,L15,14325,A15,B21,C38,PCS,600,6.81,C,C03,7.133317,4086,29146.73
43048,L15,14325,A15,B21,C38,PCS,880,6.81,C,C03,7.133317,5992.8,42748.54
43048,L15,14325,A15,B21,C38,PCS,548,6.81,C,C03,7.133317,3731.88,26620.68
43048,L15,14325,A15,B21,C38,PCS,587,6.81,C,C03,7.133317,3997.47,28515.22
43048,L15,14325,A15,B21,C38,PCS,315,6.81,C,C03,7.133317,2145.15,15302.03
43048,L15,14325,A15,B21,C38,PCS,632,6.81,C,C03,7.133317,4303.92,30701.23
43048,L15,14325,A15,B21,C38,PCS,80,6.81,C,C03,7.133317,544.8,3886.23
43048,L15,14325,A15,B21,C38,PCS,618,6.81,C,C03,7.133317,4208.58,30021.14
43048,L15,14325,A15,B21,C38,PCS,277,6.81,C,C03,7.133317,1886.37,13456.08
43067,L15,14445,A19,B23,C39,PCS,701,3.81,C,C03,7.133317,2670.81,19051.73
43067,L15,14445,A19,B23,C39,PCS,597,3.81,C,C03,7.133317,2274.57,16225.23
43067,L15,14445,A19,B23,C39,PCS,247,3.81,C,C03,7.133317,941.07,6712.95
43067,L15,14445,A19,B23,C39,PCS,154,3.81,C,C03,7.133317,586.74,4185.4
43067,L15,14445,A19,B23,C39,PCS,497,3.81,C,C03,7.133317,1893.57,13507.44
43067,L15,14445,A19,B23,C39,PCS,34,3.81,C,C03,7.133317,129.54,924.05
43067,L15,14445,A19,B23,C39,PCS,941,3.81,C,C03,7.133317,3585.21,25574.44
43067,L15,14445,A19,B23,C39,PCS,489,3.81,C,C03,7.133317,1863.09,13290.01
43067,L15,14445,A19,B23,C39,PCS,560,3.81,C,C03,7.133317,2133.6,15219.65
43067,L15,14445,A19,B23,C39,PCS,269,3.81,C,C03,7.133317,1024.89,7310.87
43056,L15,14500,A16,B30,C32,PCS,539,8.01,C,C10,8.657656,4317.39,37378.48
43056,L15,14500,A16,B30,C32,PCS,453,8.01,C,C10,8.657656,3628.53,31414.56
43056,L15,14500,A16,B30,C32,PCS,275,8.01,C,C10,8.657656,2202.75,19070.65
43056,L15,14500,A16,B30,C32,PCS,6,8.01,C,C10,8.657656,48.06,416.09
43056,L15,14500,A16,B30,C32,PCS,42,8.01,C,C10,8.657656,336.42,2912.61
43056,L15,14500,A16,B30,C32,PCS,286,8.01,C,C10,8.657656,2290.86,19833.48
43056,L15,14500,A16,B30,C32,PCS,865,8.01,C,C10,8.657656,6928.65,59985.87
43056,L15,14500,A16,B30,C32,PCS,992,8.01,C,C10,8.657656,7945.92,68793.04
43056,L15,14500,A16,B30,C32,PCS,621,8.01,C,C10,8.657656,4974.21,43065
43056,L15,14500,A16,B30,C32,PCS,31,8.01,C,C10,8.657656,248.31,2149.78
43066,L15,14518,A11,B30,C38,PCS,846,2.47,C,C08,1.496196,2089.62,3126.48
43066,L15,14518,A11,B30,C38,PCS,839,2.47,C,C08,1.496196,2072.33,3100.61
43066,L15,14518,A11,B30,C38,PCS,714,2.47,C,C08,1.496196,1763.58,2638.66
43066,L15,14518,A11,B30,C38,PCS,644,2.47,C,C08,1.496196,1590.68,2379.97
43066,L15,14518,A11,B30,C38,PCS,558,2.47,C,C08,1.496196,1378.26,2062.15
43066,L15,14518,A11,B30,C38,PCS,321,2.47,C,C08,1.496196,792.87,1186.29
43066,L15,14518,A11,B30,C38,PCS,978,2.47,C,C08,1.496196,2415.66,3614.3
43066,L15,14518,A11,B30,C38,PCS,396,2.47,C,C08,1.496196,978.12,1463.46
43066,L15,14518,A11,B30,C38,PCS,856,2.47,C,C08,1.496196,2114.32,3163.44
43066,L15,14518,A11,B30,C38,PCS,757,2.47,C,C08,1.496196,1869.79,2797.57
43042,L15,14558,A19,B20,C33,PCS,205,9.94,D,C03,7.133317,2037.7,14535.56
43042,L15,14558,A19,B20,C33,PCS,259,9.94,D,C03,7.133317,2574.46,18364.44
43042,L15,14558,A19,B20,C33,PCS,610,9.94,D,C03,7.133317,6063.4,43252.15
43042,L15,14558,A19,B20,C33,PCS,457,9.94,D,C03,7.133317,4542.58,32403.66
43042,L15,14558,A19,B20,C33,PCS,936,9.94,D,C03,7.133317,9303.84,66367.24
43042,L15,14558,A19,B20,C33,PCS,436,9.94,D,C03,7.133317,4333.84,30914.65
43042,L15,14558,A19,B20,C33,PCS,703,9.94,D,C03,7.133317,6987.82,49846.34
43042,L15,14558,A19,B20,C33,PCS,50,9.94,D,C03,7.133317,497,3545.26
43042,L15,14558,A19,B20,C33,PCS,869,9.94,D,C03,7.133317,8637.86,61616.59
43042,L15,14558,A19,B20,C33,PCS,868,9.94,D,C03,7.133317,8627.92,61545.69
43063,L15,14621,A18,B30,C39,PCS,906,2.42,C,C01,6.825646,2192.52,14965.37
43063,L15,14621,A18,B30,C39,PCS,394,2.42,C,C01,6.825646,953.48,6508.12
43063,L15,14621,A18,B30,C39,PCS,168,2.42,C,C01,6.825646,406.56,2775.03
43063,L15,14621,A18,B30,C39,PCS,821,2.42,C,C01,6.825646,1986.82,13561.33
43063,L15,14621,A18,B30,C39,PCS,936,2.42,C,C01,6.825646,2265.12,15460.91
43063,L15,14621,A18,B30,C39,PCS,272,2.42,C,C01,6.825646,658.24,4492.91
43063,L15,14621,A18,B30,C39,PCS,883,2.42,C,C01,6.825646,2136.86,14585.45
43063,L15,14621,A18,B30,C39,PCS,719,2.42,C,C01,6.825646,1739.98,11876.49
43063,L15,14621,A18,B30,C39,PCS,529,2.42,C,C01,6.825646,1280.18,8738.06
43063,L15,14621,A18,B30,C39,PCS,716,2.42,C,C01,6.825646,1732.72,11826.93
43040,L15,14689,A17,B25,C35,PCS,649,6.44,C,C10,8.657656,4179.56,36185.19
43040,L15,14689,A17,B25,C35,PCS,924,6.44,C,C10,8.657656,5950.56,51517.9
43040,L15,14689,A17,B25,C35,PCS,567,6.44,C,C10,8.657656,3651.48,31613.26
43040,L15,14689,A17,B25,C35,PCS,897,6.44,C,C10,8.657656,5776.68,50012.51
43040,L15,14689,A17,B25,C35,PCS,185,6.44,C,C10,8.657656,1191.4,10314.73
43040,L15,14689,A17,B25,C35,PCS,909,6.44,C,C10,8.657656,5853.96,50681.57
43040,L15,14689,A17,B25,C35,PCS,374,6.44,C,C10,8.657656,2408.56,20852.48
43040,L15,14689,A17,B25,C35,PCS,457,6.44,C,C10,8.657656,2943.08,25480.17
43040,L15,14689,A17,B25,C35,PCS,308,6.44,C,C10,8.657656,1983.52,17172.63
43040,L15,14689,A17,B25,C35,PCS,349,6.44,C,C10,8.657656,2247.56,19458.6
43050,L15,14714,A14,B22,C30,PCS,73,5.86,C,C09,1.199464,427.78,513.11
43050,L15,14714,A14,B22,C30,PCS,84,5.86,C,C09,1.199464,492.24,590.42
43050,L15,14714,A14,B22,C30,PCS,964,5.86,C,C09,1.199464,5649.04,6775.82
43050,L15,14714,A14,B22,C30,PCS,294,5.86,C,C09,1.199464,1722.84,2066.48
43050,L15,14714,A14,B22,C30,PCS,303,5.86,C,C09,1.199464,1775.58,2129.74
43050,L15,14714,A14,B22,C30,PCS,616,5.86,C,C09,1.199464,3609.76,4329.78
43050,L15,14714,A14,B22,C30,PCS,251,5.86,C,C09,1.199464,1470.86,1764.24
43050,L15,14714,A14,B22,C30,PCS,426,5.86,C,C09,1.199464,2496.36,2994.29
43050,L15,14714,A14,B22,C30,PCS,417,5.86,C,C09,1.199464,2443.62,2931.03
43050,L15,14714,A14,B22,C30,PCS,891,5.86,C,C09,1.199464,5221.26,6262.71
43048,L15,14877,A19,B25,C31,PCS,745,1.19,D,C04,5.388146,886.55,4776.86
43048,L15,14877,A19,B25,C31,PCS,651,1.19,D,C04,5.388146,774.69,4174.14
43048,L15,14877,A19,B25,C31,PCS,738,1.19,D,C04,5.388146,878.22,4731.98
43048,L15,14877,A19,B25,C31,PCS,451,1.19,D,C04,5.388146,536.69,2891.76
43048,L15,14877,A19,B25,C31,PCS,44,1.19,D,C04,5.388146,52.36,282.12
43048,L15,14877,A19,B25,C31,PCS,497,1.19,D,C04,5.388146,591.43,3186.71
43048,L15,14877,A19,B25,C31,PCS,20,1.19,D,C04,5.388146,23.8,128.24
43048,L15,14877,A19,B25,C31,PCS,216,1.19,D,C04,5.388146,257.04,1384.97
43048,L15,14877,A19,B25,C31,PCS,177,1.19,D,C04,5.388146,210.63,1134.91
43048,L15,14877,A19,B25,C31,PCS,911,1.19,D,C04,5.388146,1084.09,5841.24
43069,L15,14878,A18,B30,C32,PCS,2,1.91,C,C10,8.657656,3.82,33.07
43069,L15,14878,A18,B30,C32,PCS,260,1.91,C,C10,8.657656,496.6,4299.39
43069,L15,14878,A18,B30,C32,PCS,517,1.91,C,C10,8.657656,987.47,8549.18
43069,L15,14878,A18,B30,C32,PCS,481,1.91,C,C10,8.657656,918.71,7953.88
43069,L15,14878,A18,B30,C32,PCS,360,1.91,C,C10,8.657656,687.6,5953
43069,L15,14878,A18,B30,C32,PCS,287,1.91,C,C10,8.657656,548.17,4745.87
43069,L15,14878,A18,B30,C32,PCS,723,1.91,C,C10,8.657656,1380.93,11955.62
43069,L15,14878,A18,B30,C32,PCS,919,1.91,C,C10,8.657656,1755.29,15196.7
43069,L15,14878,A18,B30,C32,PCS,60,1.91,C,C10,8.657656,114.6,992.17
43069,L15,14878,A18,B30,C32,PCS,348,1.91,C,C10,8.657656,664.68,5754.57
43065,L15,14984,A18,B24,C35,PCS,134,2.5,C,C09,1.199464,335,401.82
43065,L15,14984,A18,B24,C35,PCS,833,2.5,C,C09,1.199464,2082.5,2497.88
43065,L15,14984,A18,B24,C35,PCS,864,2.5,C,C09,1.199464,2160,2590.84
43065,L15,14984,A18,B24,C35,PCS,993,2.5,C,C09,1.199464,2482.5,2977.67
43065,L15,14984,A18,B24,C35,PCS,720,2.5,C,C09,1.199464,1800,2159.04
43065,L15,14984,A18,B24,C35,PCS,131,2.5,C,C09,1.199464,327.5,392.82
43065,L15,14984,A18,B24,C35,PCS,362,2.5,C,C09,1.199464,905,1085.51
43065,L15,14984,A18,B24,C35,PCS,876,2.5,C,C09,1.199464,2190,2626.83
43065,L15,14984,A18,B24,C35,PCS,544,2.5,C,C09,1.199464,1360,1631.27
43065,L15,14984,A18,B24,C35,PCS,378,2.5,C,C09,1.199464,945,1133.49
43055,L15,15191,A20,B27,C35,PCS,344,7.41,C,C03,7.133317,2549.04,18183.11
43055,L15,15191,A20,B27,C35,PCS,57,7.41,C,C03,7.133317,422.37,3012.9
43055,L15,15191,A20,B27,C35,PCS,459,7.41,C,C03,7.133317,3401.19,24261.77
43055,L15,15191,A20,B27,C35,PCS,845,7.41,C,C03,7.133317,6261.45,44664.91
43055,L15,15191,A20,B27,C35,PCS,475,7.41,C,C03,7.133317,3519.75,25107.49
43055,L15,15191,A20,B27,C35,PCS,347,7.41,C,C03,7.133317,2571.27,18341.68
43055,L15,15191,A20,B27,C35,PCS,293,7.41,C,C03,7.133317,2171.13,15487.36
43055,L15,15191,A20,B27,C35,PCS,949,7.41,C,C03,7.133317,7032.09,50162.13
43055,L15,15191,A20,B27,C35,PCS,910,7.41,C,C03,7.133317,6743.1,48100.67
43055,L15,15191,A20,B27,C35,PCS,739,7.41,C,C03,7.133317,5475.99,39061.97
43069,L15,15280,A10,B27,C32,PCS,384,9.59,D,C01,6.825646,3682.56,25135.85
43069,L15,15280,A10,B27,C32,PCS,904,9.59,D,C01,6.825646,8669.36,59173.98
43069,L15,15280,A10,B27,C32,PCS,937,9.59,D,C01,6.825646,8985.83,61334.09
43069,L15,15280,A10,B27,C32,PCS,781,9.59,D,C01,6.825646,7489.79,51122.66
43069,L15,15280,A10,B27,C32,PCS,957,9.59,D,C01,6.825646,9177.63,62643.25
43069,L15,15280,A10,B27,C32,PCS,488,9.59,D,C01,6.825646,4679.92,31943.48
43069,L15,15280,A10,B27,C32,PCS,145,9.59,D,C01,6.825646,1390.55,9491.4
43069,L15,15280,A10,B27,C32,PCS,794,9.59,D,C01,6.825646,7614.46,51973.61
43069,L15,15280,A10,B27,C32,PCS,339,9.59,D,C01,6.825646,3251.01,22190.24
43069,L15,15280,A10,B27,C32,PCS,968,9.59,D,C01,6.825646,9283.12,63363.29
43052,L15,15347,A18,B28,C35,PCS,17,4.19,D,C09,1.199464,71.23,85.44
43052,L15,15347,A18,B28,C35,PCS,194,4.19,D,C09,1.199464,812.86,975
43052,L15,15347,A18,B28,C35,PCS,559,4.19,D,C09,1.199464,2342.21,2809.4
43052,L15,15347,A18,B28,C35,PCS,657,4.19,D,C09,1.199464,2752.83,3301.92
43052,L15,15347,A18,B28,C35,PCS,945,4.19,D,C09,1.199464,3959.55,4749.34
43052,L15,15347,A18,B28,C35,PCS,846,4.19,D,C09,1.199464,3544.74,4251.79
43052,L15,15347,A18,B28,C35,PCS,512,4.19,D,C09,1.199464,2145.28,2573.19
43052,L15,15347,A18,B28,C35,PCS,457,4.19,D,C09,1.199464,1914.83,2296.77
43052,L15,15347,A18,B28,C35,PCS,188,4.19,D,C09,1.199464,787.72,944.84
43052,L15,15347,A18,B28,C35,PCS,117,4.19,D,C09,1.199464,490.23,588.01
43042,L15,15379,A10,B26,C36,PCS,253,9.94,D,C03,7.133317,2514.82,17939.01
43042,L15,15379,A10,B26,C36,PCS,49,9.94,D,C03,7.133317,487.06,3474.35
43042,L15,15379,A10,B26,C36,PCS,69,9.94,D,C03,7.133317,685.86,4892.46
43042,L15,15379,A10,B26,C36,PCS,263,9.94,D,C03,7.133317,2614.22,18648.06
43042,L15,15379,A10,B26,C36,PCS,505,9.94,D,C03,7.133317,5019.7,35807.11
43042,L15,15379,A10,B26,C36,PCS,259,9.94,D,C03,7.133317,2574.46,18364.44
43042,L15,15379,A10,B26,C36,PCS,388,9.94,D,C03,7.133317,3856.72,27511.21
43042,L15,15379,A10,B26,C36,PCS,841,9.94,D,C03,7.133317,8359.54,59631.25
43042,L15,15379,A10,B26,C36,PCS,793,9.94,D,C03,7.133317,7882.42,56227.8
43042,L15,15379,A10,B26,C36,PCS,326,9.94,D,C03,7.133317,3240.44,23115.09
43041,L15,15521,A12,B29,C40,PCS,954,8.41,D,C06,3.547054,8023.14,28458.51
43041,L15,15521,A12,B29,C40,PCS,987,8.41,D,C06,3.547054,8300.67,29442.92
43041,L15,15521,A12,B29,C40,PCS,391,8.41,D,C06,3.547054,3288.31,11663.81
43041,L15,15521,A12,B29,C40,PCS,701,8.41,D,C06,3.547054,5895.41,20911.34
43041,L15,15521,A12,B29,C40,PCS,499,8.41,D,C06,3.547054,4196.59,14885.53
43041,L15,15521,A12,B29,C40,PCS,200,8.41,D,C06,3.547054,1682,5966.14
43041,L15,15521,A12,B29,C40,PCS,530,8.41,D,C06,3.547054,4457.3,15810.28
43041,L15,15521,A12,B29,C40,PCS,443,8.41,D,C06,3.547054,3725.63,13215.01
43041,L15,15521,A12,B29,C40,PCS,21,8.41,D,C06,3.547054,176.61,626.45
43041,L15,15521,A12,B29,C40,PCS,524,8.41,D,C06,3.547054,4406.84,15631.3
43055,L15,15547,A11,B22,C38,PCS,4,7.41,C,C03,7.133317,29.64,211.43
43055,L15,15547,A11,B22,C38,PCS,16,7.41,C,C03,7.133317,118.56,845.73
43055,L15,15547,A11,B22,C38,PCS,657,7.41,C,C03,7.133317,4868.37,34727.63
43055,L15,15547,A11,B22,C38,PCS,551,7.41,C,C03,7.133317,4082.91,29124.69
43055,L15,15547,A11,B22,C38,PCS,559,7.41,C,C03,7.133317,4142.19,29547.55
43055,L15,15547,A11,B22,C38,PCS,740,7.41,C,C03,7.133317,5483.4,39114.83
43055,L15,15547,A11,B22,C38,PCS,841,7.41,C,C03,7.133317,6231.81,44453.48
43055,L15,15547,A11,B22,C38,PCS,263,7.41,C,C03,7.133317,1948.83,13901.62
43055,L15,15547,A11,B22,C38,PCS,213,7.41,C,C03,7.133317,1578.33,11258.73
43055,L15,15547,A11,B22,C38,PCS,6,7.41,C,C03,7.133317,44.46,317.15
43042,L15,15588,A11,B20,C37,PCS,942,9.94,D,C03,7.133317,9363.48,66792.67
43042,L15,15588,A11,B20,C37,PCS,578,9.94,D,C03,7.133317,5745.32,40983.19
43042,L15,15588,A11,B20,C37,PCS,333,9.94,D,C03,7.133317,3310.02,23611.42
43042,L15,15588,A11,B20,C37,PCS,927,9.94,D,C03,7.133317,9214.38,65729.09
43042,L15,15588,A11,B20,C37,PCS,227,9.94,D,C03,7.133317,2256.38,16095.47
43042,L15,15588,A11,B20,C37,PCS,859,9.94,D,C03,7.133317,8538.46,60907.54
43042,L15,15588,A11,B20,C37,PCS,216,9.94,D,C03,7.133317,2147.04,15315.52
43042,L15,15588,A11,B20,C37,PCS,98,9.94,D,C03,7.133317,974.12,6948.71
43042,L15,15588,A11,B20,C37,PCS,980,9.94,D,C03,7.133317,9741.2,69487.07
43042,L15,15588,A11,B20,C37,PCS,873,9.94,D,C03,7.133317,8677.62,61900.21
43055,L15,15617,A13,B20,C37,PCS,155,5.86,C,C08,1.496196,908.3,1358.99
43055,L15,15617,A13,B20,C37,PCS,822,5.86,C,C08,1.496196,4816.92,7207.06
43055,L15,15617,A13,B20,C37,PCS,508,5.86,C,C08,1.496196,2976.88,4454
43055,L15,15617,A13,B20,C37,PCS,551,5.86,C,C08,1.496196,3228.86,4831.01
43055,L15,15617,A13,B20,C37,PCS,983,5.86,C,C08,1.496196,5760.38,8618.66
43055,L15,15617,A13,B20,C37,PCS,712,5.86,C,C08,1.496196,4172.32,6242.61
43055,L15,15617,A13,B20,C37,PCS,592,5.86,C,C08,1.496196,3469.12,5190.48
43055,L15,15617,A13,B20,C37,PCS,467,5.86,C,C08,1.496196,2736.62,4094.52
43055,L15,15617,A13,B20,C37,PCS,313,5.86,C,C08,1.496196,1834.18,2744.29
43055,L15,15617,A13,B20,C37,PCS,981,5.86,C,C08,1.496196,5748.66,8601.12
43046,L15,15660,A14,B24,C33,PCS,237,5.24,C,C10,8.657656,1241.88,10751.77
43046,L15,15660,A14,B24,C33,PCS,589,5.24,C,C10,8.657656,3086.36,26720.64
43046,L15,15660,A14,B24,C33,PCS,176,5.24,C,C10,8.657656,922.24,7984.44
43046,L15,15660,A14,B24,C33,PCS,557,5.24,C,C10,8.657656,2918.68,25268.93
43046,L15,15660,A14,B24,C33,PCS,336,5.24,C,C10,8.657656,1760.64,15243.02
43046,L15,15660,A14,B24,C33,PCS,96,5.24,C,C10,8.657656,503.04,4355.15
43046,L15,15660,A14,B24,C33,PCS,775,5.24,C,C10,8.657656,4061,35158.74
43046,L15,15660,A14,B24,C33,PCS,146,5.24,C,C10,8.657656,765.04,6623.45
43046,L15,15660,A14,B24,C33,PCS,725,5.24,C,C10,8.657656,3799,32890.44
43046,L15,15660,A14,B24,C33,PCS,258,5.24,C,C10,8.657656,1351.92,11704.46
43058,L15,15778,A12,B29,C37,PCS,516,8.19,D,C06,3.547054,4226.04,14989.99
43058,L15,15778,A12,B29,C37,PCS,227,8.19,D,C06,3.547054,1859.13,6594.43
43058,L15,15778,A12,B29,C37,PCS,301,8.19,D,C06,3.547054,2465.19,8744.16
43058,L15,15778,A12,B29,C37,PCS,387,8.19,D,C06,3.547054,3169.53,11242.49
43058,L15,15778,A12,B29,C37,PCS,812,8.19,D,C06,3.547054,6650.28,23588.9
43058,L15,15778,A12,B29,C37,PCS,741,8.19,D,C06,3.547054,6068.79,21526.33
43058,L15,15778,A12,B29,C37,PCS,657,8.19,D,C06,3.547054,5380.83,19086.09
43058,L15,15778,A12,B29,C37,PCS,83,8.19,D,C06,3.547054,679.77,2411.18
43058,L15,15778,A12,B29,C37,PCS,447,8.19,D,C06,3.547054,3660.93,12985.52
43058,L15,15778,A12,B29,C37,PCS,577,8.19,D,C06,3.547054,4725.63,16762.06
43043,L15,15793,A10,B23,C33,PCS,869,6.87,C,C04,5.388146,5970.03,32167.39
43043,L15,15793,A10,B23,C33,PCS,375,6.87,C,C04,5.388146,2576.25,13881.21
43043,L15,15793,A10,B23,C33,PCS,747,6.87,C,C04,5.388146,5131.89,27651.37
43043,L15,15793,A10,B23,C33,PCS,480,6.87,C,C04,5.388146,3297.6,17767.95
43043,L15,15793,A10,B23,C33,PCS,99,6.87,C,C04,5.388146,680.13,3664.64
43043,L15,15793,A10,B23,C33,PCS,783,6.87,C,C04,5.388146,5379.21,28983.97
43043,L15,15793,A10,B23,C33,PCS,588,6.87,C,C04,5.388146,4039.56,21765.74
43043,L15,15793,A10,B23,C33,PCS,126,6.87,C,C04,5.388146,865.62,4664.09
43043,L15,15793,A10,B23,C33,PCS,676,6.87,C,C04,5.388146,4644.12,25023.2
43043,L15,15793,A10,B23,C33,PCS,111,6.87,C,C04,5.388146,762.57,4108.84
43043,L15,15817,A15,B25,C40,PCS,377,2.24,D,C01,6.825646,844.48,5764.12
43043,L15,15817,A15,B25,C40,PCS,200,2.24,D,C01,6.825646,448,3057.89
43043,L15,15817,A15,B25,C40,PCS,818,2.24,D,C01,6.825646,1832.32,12506.77
43043,L15,15817,A15,B25,C40,PCS,467,2.24,D,C01,6.825646,1046.08,7140.17
43043,L15,15817,A15,B25,C40,PCS,189,2.24,D,C01,6.825646,423.36,2889.71
43043,L15,15817,A15,B25,C40,PCS,64,2.24,D,C01,6.825646,143.36,978.52
43043,L15,15817,A15,B25,C40,PCS,464,2.24,D,C01,6.825646,1039.36,7094.3
43043,L15,15817,A15,B25,C40,PCS,237,2.24,D,C01,6.825646,530.88,3623.6
43043,L15,15817,A15,B25,C40,PCS,610,2.24,D,C01,6.825646,1366.4,9326.56
43043,L15,15817,A15,B25,C40,PCS,600,2.24,D,C01,6.825646,1344,9173.67
43045,L15,15904,A14,B23,C38,PCS,587,7.31,C,C04,5.388146,4290.97,23120.37
43045,L15,15904,A14,B23,C38,PCS,816,7.31,C,C04,5.388146,5964.96,32140.08
43045,L15,15904,A14,B23,C38,PCS,403,7.31,C,C04,5.388146,2945.93,15873.1
43045,L15,15904,A14,B23,C38,PCS,92,7.31,C,C04,5.388146,672.52,3623.64
43045,L15,15904,A14,B23,C38,PCS,234,7.31,C,C04,5.388146,1710.54,9216.64
43045,L15,15904,A14,B23,C38,PCS,465,7.31,C,C04,5.388146,3399.15,18315.12
43045,L15,15904,A14,B23,C38,PCS,639,7.31,C,C04,5.388146,4671.09,25168.51
43045,L15,15904,A14,B23,C38,PCS,280,7.31,C,C04,5.388146,2046.8,11028.46
43045,L15,15904,A14,B23,C38,PCS,491,7.31,C,C04,5.388146,3589.21,19339.19
43045,L15,15904,A14,B23,C38,PCS,96,7.31,C,C04,5.388146,701.76,3781.19
43065,L15,15923,A19,B20,C33,PCS,739,4.28,D,C06,3.547054,3162.92,11219.05
43065,L15,15923,A19,B20,C33,PCS,459,4.28,D,C06,3.547054,1964.52,6968.26
43065,L15,15923,A19,B20,C33,PCS,122,4.28,D,C06,3.547054,522.16,1852.13
43065,L15,15923,A19,B20,C33,PCS,956,4.28,D,C06,3.547054,4091.68,14513.41
43065,L15,15923,A19,B20,C33,PCS,351,4.28,D,C06,3.547054,1502.28,5328.67
43065,L15,15923,A19,B20,C33,PCS,906,4.28,D,C06,3.547054,3877.68,13754.34
43065,L15,15923,A19,B20,C33,PCS,620,4.28,D,C06,3.547054,2653.6,9412.46
43065,L15,15923,A19,B20,C33,PCS,561,4.28,D,C06,3.547054,2401.08,8516.76
43065,L15,15923,A19,B20,C33,PCS,832,4.28,D,C06,3.547054,3560.96,12630.92
43065,L15,15923,A19,B20,C33,PCS,747,4.28,D,C06,3.547054,3197.16,11340.5
43044,L15,15964,A14,B30,C37,PCS,709,5.47,C,C05,3.40242,3878.23,13195.37
43044,L15,15964,A14,B30,C37,PCS,723,5.47,C,C05,3.40242,3954.81,13455.92
43044,L15,15964,A14,B30,C37,PCS,170,5.47,C,C05,3.40242,929.9,3163.91
43044,L15,15964,A14,B30,C37,PCS,743,5.47,C,C05,3.40242,4064.21,13828.15
43044,L15,15964,A14,B30,C37,PCS,733,5.47,C,C05,3.40242,4009.51,13642.04
43044,L15,15964,A14,B30,C37,PCS,818,5.47,C,C05,3.40242,4474.46,15223.99
43044,L15,15964,A14,B30,C37,PCS,178,5.47,C,C05,3.40242,973.66,3312.8
43044,L15,15964,A14,B30,C37,PCS,916,5.47,C,C05,3.40242,5010.52,17047.89
43044,L15,15964,A14,B30,C37,PCS,550,5.47,C,C05,3.40242,3008.5,10236.18
43044,L15,15964,A14,B30,C37,PCS,30,5.47,C,C05,3.40242,164.1,558.34
43067,L15,15966,A12,B27,C33,PCS,311,2.8,D,C07,1.358577,870.8,1183.05
43067,L15,15966,A12,B27,C33,PCS,127,2.8,D,C07,1.358577,355.6,483.11
43067,L15,15966,A12,B27,C33,PCS,203,2.8,D,C07,1.358577,568.4,772.22
43067,L15,15966,A12,B27,C33,PCS,76,2.8,D,C07,1.358577,212.8,289.11
43067,L15,15966,A12,B27,C33,PCS,73,2.8,D,C07,1.358577,204.4,277.69
43067,L15,15966,A12,B27,C33,PCS,770,2.8,D,C07,1.358577,2156,2929.09
43067,L15,15966,A12,B27,C33,PCS,155,2.8,D,C07,1.358577,434,589.62
43067,L15,15966,A12,B27,C33,PCS,56,2.8,D,C07,1.358577,156.8,213.02
43067,L15,15966,A12,B27,C33,PCS,990,2.8,D,C07,1.358577,2772,3765.98
43067,L15,15966,A12,B27,C33,PCS,273,2.8,D,C07,1.358577,764.4,1038.5
43047,L15,15970,A14,B30,C30,PCS,157,2.87,D,C07,1.358577,450.59,612.16
43047,L15,15970,A14,B30,C30,PCS,870,2.87,D,C07,1.358577,2496.9,3392.23
43047,L15,15970,A14,B30,C30,PCS,319,2.87,D,C07,1.358577,915.53,1243.82
43047,L15,15970,A14,B30,C30,PCS,891,2.87,D,C07,1.358577,2557.17,3474.11
43047,L15,15970,A14,B30,C30,PCS,22,2.87,D,C07,1.358577,63.14,85.78
43047,L15,15970,A14,B30,C30,PCS,310,2.87,D,C07,1.358577,889.7,1208.73
43047,L15,15970,A14,B30,C30,PCS,900,2.87,D,C07,1.358577,2583,3509.2
43047,L15,15970,A14,B30,C30,PCS,288,2.87,D,C07,1.358577,826.56,1122.95
43047,L15,15970,A14,B30,C30,PCS,811,2.87,D,C07,1.358577,2327.57,3162.18
43047,L15,15970,A14,B30,C30,PCS,472,2.87,D,C07,1.358577,1354.64,1840.38
43067,L15,15988,A18,B21,C39,PCS,233,8.59,C,C01,6.825646,2001.47,13661.33
43067,L15,15988,A18,B21,C39,PCS,516,8.59,C,C01,6.825646,4432.44,30254.27
43067,L15,15988,A18,B21,C39,PCS,241,8.59,C,C01,6.825646,2070.19,14130.38
43067,L15,15988,A18,B21,C39,PCS,321,8.59,C,C01,6.825646,2757.39,18820.97
43067,L15,15988,A18,B21,C39,PCS,102,8.59,C,C01,6.825646,876.18,5980.49
43067,L15,15988,A18,B21,C39,PCS,990,8.59,C,C01,6.825646,8504.1,58045.98
43067,L15,15988,A18,B21,C39,PCS,92,8.59,C,C01,6.825646,790.28,5394.17
43067,L15,15988,A18,B21,C39,PCS,23,8.59,C,C01,6.825646,197.57,1348.54
43067,L15,15988,A18,B21,C39,PCS,615,8.59,C,C01,6.825646,5282.85,36058.86
43067,L15,15988,A18,B21,C39,PCS,208,8.59,C,C01,6.825646,1786.72,12195.52
43050,L15,16020,A12,B23,C34,PCS,727,2.17,D,C03,7.133317,1577.59,11253.45
43050,L15,16020,A12,B23,C34,PCS,537,2.17,D,C03,7.133317,1165.29,8312.38
43050,L15,16020,A12,B23,C34,PCS,704,2.17,D,C03,7.133317,1527.68,10897.43
43050,L15,16020,A12,B23,C34,PCS,209,2.17,D,C03,7.133317,453.53,3235.17
43050,L15,16020,A12,B23,C34,PCS,253,2.17,D,C03,7.133317,549.01,3916.26
43050,L15,16020,A12,B23,C34,PCS,295,2.17,D,C03,7.133317,640.15,4566.39
43050,L15,16020,A12,B23,C34,PCS,484,2.17,D,C03,7.133317,1050.28,7491.98
43050,L15,16020,A12,B23,C34,PCS,384,2.17,D,C03,7.133317,833.28,5944.05
43050,L15,16020,A12,B23,C34,PCS,957,2.17,D,C03,7.133317,2076.69,14813.69
43050,L15,16020,A12,B23,C34,PCS,303,2.17,D,C03,7.133317,657.51,4690.23
43069,L15,16026,A16,B24,C40,PCS,24,2.77,C,C06,3.547054,66.48,235.81
43069,L15,16026,A16,B24,C40,PCS,380,2.77,C,C06,3.547054,1052.6,3733.63
43069,L15,16026,A16,B24,C40,PCS,824,2.77,C,C06,3.547054,2282.48,8096.08
43069,L15,16026,A16,B24,C40,PCS,905,2.77,C,C06,3.547054,2506.85,8891.93
43069,L15,16026,A16,B24,C40,PCS,737,2.77,C,C06,3.547054,2041.49,7241.28
43069,L15,16026,A16,B24,C40,PCS,792,2.77,C,C06,3.547054,2193.84,7781.67
43069,L15,16026,A16,B24,C40,PCS,13,2.77,C,C06,3.547054,36.01,127.73
43069,L15,16026,A16,B24,C40,PCS,949,2.77,C,C06,3.547054,2628.73,9324.25
43069,L15,16026,A16,B24,C40,PCS,795,2.77,C,C06,3.547054,2202.15,7811.14
43069,L15,16026,A16,B24,C40,PCS,411,2.77,C,C06,3.547054,1138.47,4038.21
43049,L15,16049,A11,B23,C35,PCS,33,5.96,D,C04,5.388146,196.68,1059.74
43049,L15,16049,A11,B23,C35,PCS,658,5.96,D,C04,5.388146,3921.68,21130.58
43049,L15,16049,A11,B23,C35,PCS,33,5.96,D,C04,5.388146,196.68,1059.74
43049,L15,16049,A11,B23,C35,PCS,908,5.96,D,C04,5.388146,5411.68,29158.92
43049,L15,16049,A11,B23,C35,PCS,21,5.96,D,C04,5.388146,125.16,674.38
43049,L15,16049,A11,B23,C35,PCS,593,5.96,D,C04,5.388146,3534.28,19043.22
43049,L15,16049,A11,B23,C35,PCS,730,5.96,D,C04,5.388146,4350.8,23442.75
43049,L15,16049,A11,B23,C35,PCS,414,5.96,D,C04,5.388146,2467.44,13294.93
43049,L15,16049,A11,B23,C35,PCS,945,5.96,D,C04,5.388146,5632.2,30347.12
43049,L15,16049,A11,B23,C35,PCS,348,5.96,D,C04,5.388146,2074.08,11175.45
43052,L15,16297,A14,B22,C32,PCS,412,4.19,D,C09,1.199464,1726.28,2070.61
43052,L15,16297,A14,B22,C32,PCS,347,4.19,D,C09,1.199464,1453.93,1743.94
43052,L15,16297,A14,B22,C32,PCS,492,4.19,D,C09,1.199464,2061.48,2472.67
43052,L15,16297,A14,B22,C32,PCS,527,4.19,D,C09,1.199464,2208.13,2648.57
43052,L15,16297,A14,B22,C32,PCS,578,4.19,D,C09,1.199464,2421.82,2904.89
43052,L15,16297,A14,B22,C32,PCS,290,4.19,D,C09,1.199464,1215.1,1457.47
43052,L15,16297,A14,B22,C32,PCS,598,4.19,D,C09,1.199464,2505.62,3005.4
43052,L15,16297,A14,B22,C32,PCS,730,4.19,D,C09,1.199464,3058.7,3668.8
43052,L15,16297,A14,B22,C32,PCS,232,4.19,D,C09,1.199464,972.08,1165.97
43052,L15,16297,A14,B22,C32,PCS,672,4.19,D,C09,1.199464,2815.68,3377.31
43051,L15,16403,A11,B27,C36,PCS,456,6.8,D,C09,1.199464,3100.8,3719.3
43051,L15,16403,A11,B27,C36,PCS,578,6.8,D,C09,1.199464,3930.4,4714.37
43051,L15,16403,A11,B27,C36,PCS,6,6.8,D,C09,1.199464,40.8,48.94
43051,L15,16403,A11,B27,C36,PCS,415,6.8,D,C09,1.199464,2822,3384.89
43051,L15,16403,A11,B27,C36,PCS,603,6.8,D,C09,1.199464,4100.4,4918.28
43051,L15,16403,A11,B27,C36,PCS,761,6.8,D,C09,1.199464,5174.8,6206.99
43051,L15,16403,A11,B27,C36,PCS,845,6.8,D,C09,1.199464,5746,6892.12
43051,L15,16403,A11,B27,C36,PCS,594,6.8,D,C09,1.199464,4039.2,4844.87
43051,L15,16403,A11,B27,C36,PCS,871,6.8,D,C09,1.199464,5922.8,7104.19
43051,L15,16403,A11,B27,C36,PCS,444,6.8,D,C09,1.199464,3019.2,3621.42
43055,L15,16553,A20,B25,C31,PCS,71,1.18,D,C09,1.199464,83.78,100.49
43055,L15,16553,A20,B25,C31,PCS,17,1.18,D,C09,1.199464,20.06,24.06
43055,L15,16553,A20,B25,C31,PCS,80,1.18,D,C09,1.199464,94.4,113.23
43055,L15,16553,A20,B25,C31,PCS,448,1.18,D,C09,1.199464,528.64,634.08
43055,L15,16553,A20,B25,C31,PCS,763,1.18,D,C09,1.199464,900.34,1079.93
43055,L15,16553,A20,B25,C31,PCS,343,1.18,D,C09,1.199464,404.74,485.47
43055,L15,16553,A20,B25,C31,PCS,76,1.18,D,C09,1.199464,89.68,107.57
43055,L15,16553,A20,B25,C31,PCS,954,1.18,D,C09,1.199464,1125.72,1350.26
43055,L15,16553,A20,B25,C31,PCS,601,1.18,D,C09,1.199464,709.18,850.64
43055,L15,16553,A20,B25,C31,PCS,443,1.18,D,C09,1.199464,522.74,627.01
43040,L15,16566,A15,B25,C32,PCS,87,2.42,D,C06,3.547054,210.54,746.8
43040,L15,16566,A15,B25,C32,PCS,98,2.42,D,C06,3.547054,237.16,841.22
43040,L15,16566,A15,B25,C32,PCS,952,2.42,D,C06,3.547054,2303.84,8171.84
43040,L15,16566,A15,B25,C32,PCS,181,2.42,D,C06,3.547054,438.02,1553.68
43040,L15,16566,A15,B25,C32,PCS,815,2.42,D,C06,3.547054,1972.3,6995.85
43040,L15,16566,A15,B25,C32,PCS,497,2.42,D,C06,3.547054,1202.74,4266.18
43040,L15,16566,A15,B25,C32,PCS,954,2.42,D,C06,3.547054,2308.68,8189.01
43040,L15,16566,A15,B25,C32,PCS,932,2.42,D,C06,3.547054,2255.44,8000.17
43040,L15,16566,A15,B25,C32,PCS,500,2.42,D,C06,3.547054,1210,4291.94
43040,L15,16566,A15,B25,C32,PCS,595,2.42,D,C06,3.547054,1439.9,5107.4
43051,L15,16796,A12,B22,C31,PCS,864,7.45,C,C06,3.547054,6436.8,22831.68
43051,L15,16796,A12,B22,C31,PCS,653,7.45,C,C06,3.547054,4864.85,17255.89
43051,L15,16796,A12,B22,C31,PCS,562,7.45,C,C06,3.547054,4186.9,14851.16
43051,L15,16796,A12,B22,C31,PCS,256,7.45,C,C06,3.547054,1907.2,6764.94
43051,L15,16796,A12,B22,C31,PCS,427,7.45,C,C06,3.547054,3181.15,11283.71
43051,L15,16796,A12,B22,C31,PCS,740,7.45,C,C06,3.547054,5513,19554.91
43051,L15,16796,A12,B22,C31,PCS,861,7.45,C,C06,3.547054,6414.45,22752.4
43051,L15,16796,A12,B22,C31,PCS,527,7.45,C,C06,3.547054,3926.15,13926.27
43051,L15,16796,A12,B22,C31,PCS,101,7.45,C,C06,3.547054,752.45,2668.98
43051,L15,16796,A12,B22,C31,PCS,132,7.45,C,C06,3.547054,983.4,3488.17
43050,L15,16865,A12,B20,C34,PCS,456,2.17,D,C03,7.133317,989.52,7058.56
43050,L15,16865,A12,B20,C34,PCS,174,2.17,D,C03,7.133317,377.58,2693.4
43050,L15,16865,A12,B20,C34,PCS,390,2.17,D,C03,7.133317,846.3,6036.93
43050,L15,16865,A12,B20,C34,PCS,45,2.17,D,C03,7.133317,97.65,696.57
43050,L15,16865,A12,B20,C34,PCS,892,2.17,D,C03,7.133317,1935.64,13807.53
43050,L15,16865,A12,B20,C34,PCS,799,2.17,D,C03,7.133317,1733.83,12367.96
43050,L15,16865,A12,B20,C34,PCS,86,2.17,D,C03,7.133317,186.62,1331.22
43050,L15,16865,A12,B20,C34,PCS,191,2.17,D,C03,7.133317,414.47,2956.55
43050,L15,16865,A12,B20,C34,PCS,224,2.17,D,C03,7.133317,486.08,3467.36
43050,L15,16865,A12,B20,C34,PCS,4,2.17,D,C03,7.133317,8.68,61.92
43063,L15,16899,A13,B21,C36,PCS,859,1.12,C,C05,3.40242,962.08,3273.4
43063,L15,16899,A13,B21,C36,PCS,74,1.12,C,C05,3.40242,82.88,281.99
43063,L15,16899,A13,B21,C36,PCS,268,1.12,C,C05,3.40242,300.16,1021.27
43063,L15,16899,A13,B21,C36,PCS,909,1.12,C,C05,3.40242,1018.08,3463.94
43063,L15,16899,A13,B21,C36,PCS,662,1.12,C,C05,3.40242,741.44,2522.69
43063,L15,16899,A13,B21,C36,PCS,156,1.12,C,C05,3.40242,174.72,594.47
43063,L15,16899,A13,B21,C36,PCS,574,1.12,C,C05,3.40242,642.88,2187.35
43063,L15,16899,A13,B21,C36,PCS,303,1.12,C,C05,3.40242,339.36,1154.65
43063,L15,16899,A13,B21,C36,PCS,512,1.12,C,C05,3.40242,573.44,1951.08
43063,L15,16899,A13,B21,C36,PCS,498,1.12,C,C05,3.40242,557.76,1897.73
43065,L15,17095,A19,B22,C33,PCS,496,7.14,D,C07,1.358577,3541.44,4811.32
43065,L15,17095,A19,B22,C33,PCS,693,7.14,D,C07,1.358577,4948.02,6722.27
43065,L15,17095,A19,B22,C33,PCS,4,7.14,D,C07,1.358577,28.56,38.8
43065,L15,17095,A19,B22,C33,PCS,8,7.14,D,C07,1.358577,57.12,77.6
43065,L15,17095,A19,B22,C33,PCS,172,7.14,D,C07,1.358577,1228.08,1668.44
43065,L15,17095,A19,B22,C33,PCS,810,7.14,D,C07,1.358577,5783.4,7857.19
43065,L15,17095,A19,B22,C33,PCS,193,7.14,D,C07,1.358577,1378.02,1872.15
43065,L15,17095,A19,B22,C33,PCS,352,7.14,D,C07,1.358577,2513.28,3414.48
43065,L15,17095,A19,B22,C33,PCS,196,7.14,D,C07,1.358577,1399.44,1901.25
43065,L15,17095,A19,B22,C33,PCS,954,7.14,D,C07,1.358577,6811.56,9254.03
43049,L15,17132,A14,B22,C38,PCS,191,9.21,D,C07,1.358577,1759.11,2389.89
43049,L15,17132,A14,B22,C38,PCS,130,9.21,D,C07,1.358577,1197.3,1626.62
43049,L15,17132,A14,B22,C38,PCS,983,9.21,D,C07,1.358577,9053.43,12299.78
43049,L15,17132,A14,B22,C38,PCS,23,9.21,D,C07,1.358577,211.83,287.79
43049,L15,17132,A14,B22,C38,PCS,989,9.21,D,C07,1.358577,9108.69,12374.86
43049,L15,17132,A14,B22,C38,PCS,463,9.21,D,C07,1.358577,4264.23,5793.28
43049,L15,17132,A14,B22,C38,PCS,76,9.21,D,C07,1.358577,699.96,950.95
43049,L15,17132,A14,B22,C38,PCS,712,9.21,D,C07,1.358577,6557.52,8908.9
43049,L15,17132,A14,B22,C38,PCS,273,9.21,D,C07,1.358577,2514.33,3415.91
43049,L15,17132,A14,B22,C38,PCS,66,9.21,D,C07,1.358577,607.86,825.82
43058,L15,17314,A16,B25,C32,PCS,334,8.19,D,C06,3.547054,2735.46,9702.82
43058,L15,17314,A16,B25,C32,PCS,964,8.19,D,C06,3.547054,7895.16,28004.56
43058,L15,17314,A16,B25,C32,PCS,840,8.19,D,C06,3.547054,6879.6,24402.31
43058,L15,17314,A16,B25,C32,PCS,610,8.19,D,C06,3.547054,4995.9,17720.73
43058,L15,17314,A16,B25,C32,PCS,199,8.19,D,C06,3.547054,1629.81,5781.02
43058,L15,17314,A16,B25,C32,PCS,910,8.19,D,C06,3.547054,7452.9,26435.84
43058,L15,17314,A16,B25,C32,PCS,624,8.19,D,C06,3.547054,5110.56,18127.43
43058,L15,17314,A16,B25,C32,PCS,343,8.19,D,C06,3.547054,2809.17,9964.28
43058,L15,17314,A16,B25,C32,PCS,113,8.19,D,C06,3.547054,925.47,3282.69
43058,L15,17314,A16,B25,C32,PCS,549,8.19,D,C06,3.547054,4496.31,15948.65
43063,L15,17315,A15,B20,C37,PCS,246,7.07,D,C08,1.496196,1739.22,2602.21
43063,L15,17315,A15,B20,C37,PCS,599,7.07,D,C08,1.496196,4234.93,6336.29
43063,L15,17315,A15,B20,C37,PCS,677,7.07,D,C08,1.496196,4786.39,7161.38
43063,L15,17315,A15,B20,C37,PCS,37,7.07,D,C08,1.496196,261.59,391.39
43063,L15,17315,A15,B20,C37,PCS,856,7.07,D,C08,1.496196,6051.92,9054.86
43063,L15,17315,A15,B20,C37,PCS,11,7.07,D,C08,1.496196,77.77,116.36
43063,L15,17315,A15,B20,C37,PCS,60,7.07,D,C08,1.496196,424.2,634.69
43063,L15,17315,A15,B20,C37,PCS,641,7.07,D,C08,1.496196,4531.87,6780.57
43063,L15,17315,A15,B20,C37,PCS,562,7.07,D,C08,1.496196,3973.34,5944.9
43063,L15,17315,A15,B20,C37,PCS,721,7.07,D,C08,1.496196,5097.47,7626.81
43059,L15,17452,A18,B25,C33,PCS,748,1.2,D,C09,1.199464,897.6,1076.64
43059,L15,17452,A18,B25,C33,PCS,590,1.2,D,C09,1.199464,708,849.22
43059,L15,17452,A18,B25,C33,PCS,892,1.2,D,C09,1.199464,1070.4,1283.91
43059,L15,17452,A18,B25,C33,PCS,430,1.2,D,C09,1.199464,516,618.92
43059,L15,17452,A18,B25,C33,PCS,439,1.2,D,C09,1.199464,526.8,631.88
43059,L15,17452,A18,B25,C33,PCS,170,1.2,D,C09,1.199464,204,244.69
43059,L15,17452,A18,B25,C33,PCS,821,1.2,D,C09,1.199464,985.2,1181.71
43059,L15,17452,A18,B25,C33,PCS,310,1.2,D,C09,1.199464,372,446.2
43059,L15,17452,A18,B25,C33,PCS,679,1.2,D,C09,1.199464,814.8,977.32
43059,L15,17452,A18,B25,C33,PCS,775,1.2,D,C09,1.199464,930,1115.5
43041,L15,17470,A15,B26,C40,PCS,335,8.61,C,C06,3.547054,2884.35,10230.95
43041,L15,17470,A15,B26,C40,PCS,365,8.61,C,C06,3.547054,3142.65,11147.15
43041,L15,17470,A15,B26,C40,PCS,987,8.61,C,C06,3.547054,8498.07,30143.11
43041,L15,17470,A15,B26,C40,PCS,317,8.61,C,C06,3.547054,2729.37,9681.22
43041,L15,17470,A15,B26,C40,PCS,282,8.61,C,C06,3.547054,2428.02,8612.32
43041,L15,17470,A15,B26,C40,PCS,500,8.61,C,C06,3.547054,4305,15270.07
43041,L15,17470,A15,B26,C40,PCS,506,8.61,C,C06,3.547054,4356.66,15453.31
43041,L15,17470,A15,B26,C40,PCS,442,8.61,C,C06,3.547054,3805.62,13498.74
43041,L15,17470,A15,B26,C40,PCS,156,8.61,C,C06,3.547054,1343.16,4764.26
43041,L15,17470,A15,B26,C40,PCS,295,8.61,C,C06,3.547054,2539.95,9009.34
43067,L15,17531,A19,B26,C36,PCS,889,7.35,C,C03,7.133317,6534.15,46610.16
43067,L15,17531,A19,B26,C36,PCS,40,7.35,C,C03,7.133317,294,2097.2
43067,L15,17531,A19,B26,C36,PCS,491,7.35,C,C03,7.133317,3608.85,25743.07
43067,L15,17531,A19,B26,C36,PCS,26,7.35,C,C03,7.133317,191.1,1363.18
43067,L15,17531,A19,B26,C36,PCS,400,7.35,C,C03,7.133317,2940,20971.95
43067,L15,17531,A19,B26,C36,PCS,732,7.35,C,C03,7.133317,5380.2,38378.67
43067,L15,17531,A19,B26,C36,PCS,179,7.35,C,C03,7.133317,1315.65,9384.95
43067,L15,17531,A19,B26,C36,PCS,872,7.35,C,C03,7.133317,6409.2,45718.86
43067,L15,17531,A19,B26,C36,PCS,212,7.35,C,C03,7.133317,1558.2,11115.13
43067,L15,17531,A19,B26,C36,PCS,919,7.35,C,C03,7.133317,6754.65,48183.06
43069,L15,17552,A20,B27,C33,PCS,62,1.91,D,C10,8.657656,118.42,1025.24
43069,L15,17552,A20,B27,C33,PCS,76,1.91,D,C10,8.657656,145.16,1256.75
43069,L15,17552,A20,B27,C33,PCS,971,1.91,D,C10,8.657656,1854.61,16056.58
43069,L15,17552,A20,B27,C33,PCS,927,1.91,D,C10,8.657656,1770.57,15328.99
43069,L15,17552,A20,B27,C33,PCS,962,1.91,D,C10,8.657656,1837.42,15907.75
43069,L15,17552,A20,B27,C33,PCS,626,1.91,D,C10,8.657656,1195.66,10351.61
43069,L15,17552,A20,B27,C33,PCS,33,1.91,D,C10,8.657656,63.03,545.69
43069,L15,17552,A20,B27,C33,PCS,674,1.91,D,C10,8.657656,1287.34,11145.35
43069,L15,17552,A20,B27,C33,PCS,710,1.91,D,C10,8.657656,1356.1,11740.65
43069,L15,17552,A20,B27,C33,PCS,124,1.91,D,C10,8.657656,236.84,2050.48
43064,L15,17711,A17,B21,C31,PCS,211,4.2,C,C09,1.199464,886.2,1062.96
43064,L15,17711,A17,B21,C31,PCS,53,4.2,C,C09,1.199464,222.6,267
43064,L15,17711,A17,B21,C31,PCS,997,4.2,C,C09,1.199464,4187.4,5022.64
43064,L15,17711,A17,B21,C31,PCS,100,4.2,C,C09,1.199464,420,503.77
43064,L15,17711,A17,B21,C31,PCS,101,4.2,C,C09,1.199464,424.2,508.81
43064,L15,17711,A17,B21,C31,PCS,354,4.2,C,C09,1.199464,1486.8,1783.36
43064,L15,17711,A17,B21,C31,PCS,55,4.2,C,C09,1.199464,231,277.08
43064,L15,17711,A17,B21,C31,PCS,772,4.2,C,C09,1.199464,3242.4,3889.14
43064,L15,17711,A17,B21,C31,PCS,833,4.2,C,C09,1.199464,3498.6,4196.44
43064,L15,17711,A17,B21,C31,PCS,392,4.2,C,C09,1.199464,1646.4,1974.8
43046,L15,17955,A11,B22,C40,PCS,66,5.24,D,C10,8.657656,345.84,2994.16
43046,L15,17955,A11,B22,C40,PCS,584,5.24,D,C10,8.657656,3060.16,26493.81
43046,L15,17955,A11,B22,C40,PCS,701,5.24,D,C10,8.657656,3673.24,31801.65
43046,L15,17955,A11,B22,C40,PCS,518,5.24,D,C10,8.657656,2714.32,23499.65
43046,L15,17955,A11,B22,C40,PCS,636,5.24,D,C10,8.657656,3332.64,28852.85
43046,L15,17955,A11,B22,C40,PCS,265,5.24,D,C10,8.657656,1388.6,12022.02
43046,L15,17955,A11,B22,C40,PCS,5,5.24,D,C10,8.657656,26.2,226.83
43046,L15,17955,A11,B22,C40,PCS,634,5.24,D,C10,8.657656,3322.16,28762.12
43046,L15,17955,A11,B22,C40,PCS,969,5.24,D,C10,8.657656,5077.56,43959.77
43046,L15,17955,A11,B22,C40,PCS,977,5.24,D,C10,8.657656,5119.48,44322.7
43058,L15,18009,A14,B23,C40,PCS,311,1.27,C,C06,3.547054,394.97,1400.98
43058,L15,18009,A14,B23,C40,PCS,396,1.27,C,C06,3.547054,502.92,1783.88
43058,L15,18009,A14,B23,C40,PCS,403,1.27,C,C06,3.547054,511.81,1815.42
43058,L15,18009,A14,B23,C40,PCS,6,1.27,C,C06,3.547054,7.62,27.03
43058,L15,18009,A14,B23,C40,PCS,992,1.27,C,C06,3.547054,1259.84,4468.72
43058,L15,18009,A14,B23,C40,PCS,42,1.27,C,C06,3.547054,53.34,189.2
43058,L15,18009,A14,B23,C40,PCS,974,1.27,C,C06,3.547054,1236.98,4387.63
43058,L15,18009,A14,B23,C40,PCS,734,1.27,C,C06,3.547054,932.18,3306.49
43058,L15,18009,A14,B23,C40,PCS,462,1.27,C,C06,3.547054,586.74,2081.2
43058,L15,18009,A14,B23,C40,PCS,957,1.27,C,C06,3.547054,1215.39,4311.05
43055,L15,18064,A16,B24,C38,PCS,747,9.95,C,C02,9.912483,7432.65,73676.02
43055,L15,18064,A16,B24,C38,PCS,988,9.95,C,C02,9.912483,9830.6,97445.66
43055,L15,18064,A16,B24,C38,PCS,890,9.95,C,C02,9.912483,8855.5,87779.99
43055,L15,18064,A16,B24,C38,PCS,974,9.95,C,C02,9.912483,9691.3,96064.85
43055,L15,18064,A16,B24,C38,PCS,346,9.95,C,C02,9.912483,3442.7,34125.71
43055,L15,18064,A16,B24,C38,PCS,748,9.95,C,C02,9.912483,7442.6,73774.65
43055,L15,18064,A16,B24,C38,PCS,448,9.95,C,C02,9.912483,4457.6,44185.88
43055,L15,18064,A16,B24,C38,PCS,323,9.95,C,C02,9.912483,3213.85,31857.23
43055,L15,18064,A16,B24,C38,PCS,388,9.95,C,C02,9.912483,3860.6,38268.13
43055,L15,18064,A16,B24,C38,PCS,342,9.95,C,C02,9.912483,3402.9,33731.19
43060,L15,18120,A10,B20,C36,PCS,21,4.37,D,C06,3.547054,91.77,325.51
43060,L15,18120,A10,B20,C36,PCS,785,4.37,D,C06,3.547054,3430.45,12167.99
43060,L15,18120,A10,B20,C36,PCS,538,4.37,D,C06,3.547054,2351.06,8339.34
43060,L15,18120,A10,B20,C36,PCS,759,4.37,D,C06,3.547054,3316.83,11764.98
43060,L15,18120,A10,B20,C36,PCS,214,4.37,D,C06,3.547054,935.18,3317.13
43060,L15,18120,A10,B20,C36,PCS,990,4.37,D,C06,3.547054,4326.3,15345.62
43060,L15,18120,A10,B20,C36,PCS,125,4.37,D,C06,3.547054,546.25,1937.58
43060,L15,18120,A10,B20,C36,PCS,702,4.37,D,C06,3.547054,3067.74,10881.44
43060,L15,18120,A10,B20,C36,PCS,943,4.37,D,C06,3.547054,4120.91,14617.09
43060,L15,18120,A10,B20,C36,PCS,283,4.37,D,C06,3.547054,1236.71,4386.68
43056,L15,18337,A18,B23,C34,PCS,753,1.79,C,C10,8.657656,1347.87,11669.39
43056,L15,18337,A18,B23,C34,PCS,684,1.79,C,C10,8.657656,1224.36,10600.09
43056,L15,18337,A18,B23,C34,PCS,758,1.79,C,C10,8.657656,1356.82,11746.88
43056,L15,18337,A18,B23,C34,PCS,826,1.79,C,C10,8.657656,1478.54,12800.69
43056,L15,18337,A18,B23,C34,PCS,716,1.79,C,C10,8.657656,1281.64,11096
43056,L15,18337,A18,B23,C34,PCS,99,1.79,C,C10,8.657656,177.21,1534.22
43056,L15,18337,A18,B23,C34,PCS,618,1.79,C,C10,8.657656,1106.22,9577.27
43056,L15,18337,A18,B23,C34,PCS,12,1.79,C,C10,8.657656,21.48,185.97
43056,L15,18337,A18,B23,C34,PCS,325,1.79,C,C10,8.657656,581.75,5036.59
43056,L15,18337,A18,B23,C34,PCS,493,1.79,C,C10,8.657656,882.47,7640.12
43043,L15,18412,A18,B25,C40,PCS,322,2.04,C,C07,1.358577,656.88,892.42
43043,L15,18412,A18,B25,C40,PCS,77,2.04,C,C07,1.358577,157.08,213.41
43043,L15,18412,A18,B25,C40,PCS,698,2.04,C,C07,1.358577,1423.92,1934.5
43043,L15,18412,A18,B25,C40,PCS,440,2.04,C,C07,1.358577,897.6,1219.46
43043,L15,18412,A18,B25,C40,PCS,595,2.04,C,C07,1.358577,1213.8,1649.04
43043,L15,18412,A18,B25,C40,PCS,261,2.04,C,C07,1.358577,532.44,723.36
43043,L15,18412,A18,B25,C40,PCS,299,2.04,C,C07,1.358577,609.96,828.68
43043,L15,18412,A18,B25,C40,PCS,558,2.04,C,C07,1.358577,1138.32,1546.5
43043,L15,18412,A18,B25,C40,PCS,287,2.04,C,C07,1.358577,585.48,795.42
43043,L15,18412,A18,B25,C40,PCS,445,2.04,C,C07,1.358577,907.8,1233.32
43048,L15,18451,A12,B28,C32,PCS,577,5.4,C,C04,5.388146,3115.8,16788.39
43048,L15,18451,A12,B28,C32,PCS,569,5.4,C,C04,5.388146,3072.6,16555.62
43048,L15,18451,A12,B28,C32,PCS,417,5.4,C,C04,5.388146,2251.8,12133.03
43048,L15,18451,A12,B28,C32,PCS,821,5.4,C,C04,5.388146,4433.4,23887.81
43048,L15,18451,A12,B28,C32,PCS,194,5.4,C,C04,5.388146,1047.6,5644.62
43048,L15,18451,A12,B28,C32,PCS,470,5.4,C,C04,5.388146,2538,13675.11
43048,L15,18451,A12,B28,C32,PCS,129,5.4,C,C04,5.388146,696.6,3753.38
43048,L15,18451,A12,B28,C32,PCS,229,5.4,C,C04,5.388146,1236.6,6662.98
43048,L15,18451,A12,B28,C32,PCS,784,5.4,C,C04,5.388146,4233.6,22811.25
43048,L15,18451,A12,B28,C32,PCS,133,5.4,C,C04,5.388146,718.2,3869.77
43046,L15,18475,A17,B21,C33,PCS,115,7.6,D,C07,1.358577,874,1187.4
43046,L15,18475,A17,B21,C33,PCS,335,7.6,D,C07,1.358577,2546,3458.94
43046,L15,18475,A17,B21,C33,PCS,603,7.6,D,C07,1.358577,4582.8,6226.09
43046,L15,18475,A17,B21,C33,PCS,228,7.6,D,C07,1.358577,1732.8,2354.14
43046,L15,18475,A17,B21,C33,PCS,507,7.6,D,C07,1.358577,3853.2,5234.87
43046,L15,18475,A17,B21,C33,PCS,566,7.6,D,C07,1.358577,4301.6,5844.05
43046,L15,18475,A17,B21,C33,PCS,472,7.6,D,C07,1.358577,3587.2,4873.49
43046,L15,18475,A17,B21,C33,PCS,728,7.6,D,C07,1.358577,5532.8,7516.73
43046,L15,18475,A17,B21,C33,PCS,489,7.6,D,C07,1.358577,3716.4,5049.02
43046,L15,18475,A17,B21,C33,PCS,815,7.6,D,C07,1.358577,6194,8415.03
43057,L15,18508,A14,B25,C37,PCS,228,6.3,C,C08,1.496196,1436.4,2149.14
43057,L15,18508,A14,B25,C37,PCS,799,6.3,C,C08,1.496196,5033.7,7531.4
43057,L15,18508,A14,B25,C37,PCS,7,6.3,C,C08,1.496196,44.1,65.98
43057,L15,18508,A14,B25,C37,PCS,100,6.3,C,C08,1.496196,630,942.6
43057,L15,18508,A14,B25,C37,PCS,564,6.3,C,C08,1.496196,3553.2,5316.28
43057,L15,18508,A14,B25,C37,PCS,762,6.3,C,C08,1.496196,4800.6,7182.64
43057,L15,18508,A14,B25,C37,PCS,582,6.3,C,C08,1.496196,3666.6,5485.95
43057,L15,18508,A14,B25,C37,PCS,183,6.3,C,C08,1.496196,1152.9,1724.96
43057,L15,18508,A14,B25,C37,PCS,992,6.3,C,C08,1.496196,6249.6,9350.63
43057,L15,18508,A14,B25,C37,PCS,106,6.3,C,C08,1.496196,667.8,999.16
43045,L15,18816,A13,B30,C35,PCS,517,5.04,D,C01,6.825646,2605.68,17785.45
43045,L15,18816,A13,B30,C35,PCS,782,5.04,D,C01,6.825646,3941.28,26901.78
43045,L15,18816,A13,B30,C35,PCS,27,5.04,D,C01,6.825646,136.08,928.83
43045,L15,18816,A13,B30,C35,PCS,264,5.04,D,C01,6.825646,1330.56,9081.93
43045,L15,18816,A13,B30,C35,PCS,413,5.04,D,C01,6.825646,2081.52,14207.72
43045,L15,18816,A13,B30,C35,PCS,649,5.04,D,C01,6.825646,3270.96,22326.42
43045,L15,18816,A13,B30,C35,PCS,637,5.04,D,C01,6.825646,3210.48,21913.6
43045,L15,18816,A13,B30,C35,PCS,912,5.04,D,C01,6.825646,4596.48,31373.95
43045,L15,18816,A13,B30,C35,PCS,950,5.04,D,C01,6.825646,4788,32681.19
43045,L15,18816,A13,B30,C35,PCS,656,5.04,D,C01,6.825646,3306.24,22567.22
43069,L15,18938,A13,B29,C39,PCS,613,9.59,C,C01,6.825646,5878.67,40125.72
43069,L15,18938,A13,B29,C39,PCS,787,9.59,C,C01,6.825646,7547.33,51515.4
43069,L15,18938,A13,B29,C39,PCS,286,9.59,C,C01,6.825646,2742.74,18720.97
43069,L15,18938,A13,B29,C39,PCS,46,9.59,C,C01,6.825646,441.14,3011.07
43069,L15,18938,A13,B29,C39,PCS,909,9.59,C,C01,6.825646,8717.31,59501.27
43069,L15,18938,A13,B29,C39,PCS,292,9.59,C,C01,6.825646,2800.28,19113.72
43069,L15,18938,A13,B29,C39,PCS,749,9.59,C,C01,6.825646,7182.91,49028
43069,L15,18938,A13,B29,C39,PCS,723,9.59,C,C01,6.825646,6933.57,47326.09
43069,L15,18938,A13,B29,C39,PCS,274,9.59,C,C01,6.825646,2627.66,17935.48
43069,L15,18938,A13,B29,C39,PCS,404,9.59,C,C01,6.825646,3874.36,26445.01
43063,L15,19044,A16,B22,C31,PCS,165,2.42,D,C01,6.825646,399.3,2725.48
43063,L15,19044,A16,B22,C31,PCS,860,2.42,D,C01,6.825646,2081.2,14205.53
43063,L15,19044,A16,B22,C31,PCS,152,2.42,D,C01,6.825646,367.84,2510.75
43063,L15,19044,A16,B22,C31,PCS,898,2.42,D,C01,6.825646,2173.16,14833.22
43063,L15,19044,A16,B22,C31,PCS,749,2.42,D,C01,6.825646,1812.58,12372.03
43063,L15,19044,A16,B22,C31,PCS,103,2.42,D,C01,6.825646,249.26,1701.36
43063,L15,19044,A16,B22,C31,PCS,954,2.42,D,C01,6.825646,2308.68,15758.23
43063,L15,19044,A16,B22,C31,PCS,410,2.42,D,C01,6.825646,992.2,6772.41
43063,L15,19044,A16,B22,C31,PCS,815,2.42,D,C01,6.825646,1972.3,13462.22
43063,L15,19044,A16,B22,C31,PCS,292,2.42,D,C01,6.825646,706.64,4823.27
43055,L15,19224,A18,B27,C39,PCS,609,9.95,C,C02,9.912483,6059.55,60065.19
43055,L15,19224,A18,B27,C39,PCS,372,9.95,C,C02,9.912483,3701.4,36690.06
43055,L15,19224,A18,B27,C39,PCS,658,9.95,C,C02,9.912483,6547.1,64898.02
43055,L15,19224,A18,B27,C39,PCS,132,9.95,C,C02,9.912483,1313.4,13019.06
43055,L15,19224,A18,B27,C39,PCS,312,9.95,C,C02,9.912483,3104.4,30772.31
43055,L15,19224,A18,B27,C39,PCS,612,9.95,C,C02,9.912483,6089.4,60361.07
43055,L15,19224,A18,B27,C39,PCS,459,9.95,C,C02,9.912483,4567.05,45270.81
43055,L15,19224,A18,B27,C39,PCS,201,9.95,C,C02,9.912483,1999.95,19824.47
43055,L15,19224,A18,B27,C39,PCS,50,9.95,C,C02,9.912483,497.5,4931.46
43055,L15,19224,A18,B27,C39,PCS,506,9.95,C,C02,9.912483,5034.7,49906.38
43048,L15,19298,A14,B25,C34,PCS,271,5.4,D,C04,5.388146,1463.4,7885.01
43048,L15,19298,A14,B25,C34,PCS,477,5.4,D,C04,5.388146,2575.8,13878.79
43048,L15,19298,A14,B25,C34,PCS,745,5.4,D,C04,5.388146,4023,21676.51
43048,L15,19298,A14,B25,C34,PCS,735,5.4,D,C04,5.388146,3969,21385.55
43048,L15,19298,A14,B25,C34,PCS,524,5.4,D,C04,5.388146,2829.6,15246.3
43048,L15,19298,A14,B25,C34,PCS,708,5.4,D,C04,5.388146,3823.2,20599.96
43048,L15,19298,A14,B25,C34,PCS,989,5.4,D,C04,5.388146,5340.6,28775.93
43048,L15,19298,A14,B25,C34,PCS,459,5.4,D,C04,5.388146,2478.6,13355.06
43048,L15,19298,A14,B25,C34,PCS,594,5.4,D,C04,5.388146,3207.6,17283.02
43048,L15,19298,A14,B25,C34,PCS,499,5.4,D,C04,5.388146,2694.6,14518.9
43066,L15,19629,A11,B26,C35,PCS,910,3.73,C,C04,5.388146,3394.3,18288.98
43066,L15,19629,A11,B26,C35,PCS,906,3.73,C,C04,5.388146,3379.38,18208.59
43066,L15,19629,A11,B26,C35,PCS,781,3.73,C,C04,5.388146,2913.13,15696.37
43066,L15,19629,A11,B26,C35,PCS,217,3.73,C,C04,5.388146,809.41,4361.22
43066,L15,19629,A11,B26,C35,PCS,106,3.73,C,C04,5.388146,395.38,2130.37
43066,L15,19629,A11,B26,C35,PCS,534,3.73,C,C04,5.388146,1991.82,10732.22
43066,L15,19629,A11,B26,C35,PCS,60,3.73,C,C04,5.388146,223.8,1205.87
43066,L15,19629,A11,B26,C35,PCS,930,3.73,C,C04,5.388146,3468.9,18690.94
43066,L15,19629,A11,B26,C35,PCS,94,3.73,C,C04,5.388146,350.62,1889.19
43066,L15,19629,A11,B26,C35,PCS,343,3.73,C,C04,5.388146,1279.39,6893.54
43060,L15,19675,A18,B24,C36,PCS,273,9.61,C,C07,1.358577,2623.53,3564.27
43060,L15,19675,A18,B24,C36,PCS,472,9.61,C,C07,1.358577,4535.92,6162.4
43060,L15,19675,A18,B24,C36,PCS,471,9.61,C,C07,1.358577,4526.31,6149.34
43060,L15,19675,A18,B24,C36,PCS,169,9.61,C,C07,1.358577,1624.09,2206.45
43060,L15,19675,A18,B24,C36,PCS,39,9.61,C,C07,1.358577,374.79,509.18
43060,L15,19675,A18,B24,C36,PCS,636,9.61,C,C07,1.358577,6111.96,8303.57
43060,L15,19675,A18,B24,C36,PCS,90,9.61,C,C07,1.358577,864.9,1175.03
43060,L15,19675,A18,B24,C36,PCS,969,9.61,C,C07,1.358577,9312.09,12651.19
43060,L15,19675,A18,B24,C36,PCS,555,9.61,C,C07,1.358577,5333.55,7246.04
43060,L15,19675,A18,B24,C36,PCS,375,9.61,C,C07,1.358577,3603.75,4895.97
43066,L15,19684,A20,B26,C30,PCS,398,7.52,C,C04,5.388146,2992.96,16126.51
43066,L15,19684,A20,B26,C30,PCS,413,7.52,C,C04,5.388146,3105.76,16734.29
43066,L15,19684,A20,B26,C30,PCS,932,7.52,C,C04,5.388146,7008.64,37763.58
43066,L15,19684,A20,B26,C30,PCS,8,7.52,C,C04,5.388146,60.16,324.15
43066,L15,19684,A20,B26,C30,PCS,842,7.52,C,C04,5.388146,6331.84,34116.88
43066,L15,19684,A20,B26,C30,PCS,672,7.52,C,C04,5.388146,5053.44,27228.67
43066,L15,19684,A20,B26,C30,PCS,988,7.52,C,C04,5.388146,7429.76,40032.63
43066,L15,19684,A20,B26,C30,PCS,974,7.52,C,C04,5.388146,7324.48,39465.37
43066,L15,19684,A20,B26,C30,PCS,756,7.52,C,C04,5.388146,5685.12,30632.26
43066,L15,19684,A20,B26,C30,PCS,769,7.52,C,C04,5.388146,5782.88,31159
43055,L15,19689,A14,B25,C35,PCS,793,7.41,C,C03,7.133317,5876.13,41916.3
43055,L15,19689,A14,B25,C35,PCS,342,7.41,C,C03,7.133317,2534.22,18077.39
43055,L15,19689,A14,B25,C35,PCS,561,7.41,C,C03,7.133317,4157.01,29653.27
43055,L15,19689,A14,B25,C35,PCS,80,7.41,C,C03,7.133317,592.8,4228.63
43055,L15,19689,A14,B25,C35,PCS,855,7.41,C,C03,7.133317,6335.55,45193.49
43055,L15,19689,A14,B25,C35,PCS,559,7.41,C,C03,7.133317,4142.19,29547.55
43055,L15,19689,A14,B25,C35,PCS,67,7.41,C,C03,7.133317,496.47,3541.48
43055,L15,19689,A14,B25,C35,PCS,76,7.41,C,C03,7.133317,563.16,4017.2
43055,L15,19689,A14,B25,C35,PCS,931,7.41,C,C03,7.133317,6898.71,49210.69
43055,L15,19689,A14,B25,C35,PCS,69,7.41,C,C03,7.133317,511.29,3647.19
43041,L15,19810,A12,B27,C40,PCS,113,8.87,C,C04,5.388146,1002.31,5400.59
43041,L15,19810,A12,B27,C40,PCS,426,8.87,C,C04,5.388146,3778.62,20359.76
43041,L15,19810,A12,B27,C40,PCS,900,8.87,C,C04,5.388146,7983,43013.57
43041,L15,19810,A12,B27,C40,PCS,456,8.87,C,C04,5.388146,4044.72,21793.54
43041,L15,19810,A12,B27,C40,PCS,693,8.87,C,C04,5.388146,6146.91,33120.45
43041,L15,19810,A12,B27,C40,PCS,271,8.87,C,C04,5.388146,2403.77,12951.86
43041,L15,19810,A12,B27,C40,PCS,604,8.87,C,C04,5.388146,5357.48,28866.88
43041,L15,19810,A12,B27,C40,PCS,11,8.87,C,C04,5.388146,97.57,525.72
43041,L15,19810,A12,B27,C40,PCS,408,8.87,C,C04,5.388146,3618.96,19499.48
43041,L15,19810,A12,B27,C40,PCS,751,8.87,C,C04,5.388146,6661.37,35892.43
43055,L15,19848,A10,B28,C31,PCS,927,5.86,D,C08,1.496196,5432.22,8127.67
43055,L15,19848,A10,B28,C31,PCS,612,5.86,D,C08,1.496196,3586.32,5365.84
43055,L15,19848,A10,B28,C31,PCS,571,5.86,D,C08,1.496196,3346.06,5006.36
43055,L15,19848,A10,B28,C31,PCS,356,5.86,D,C08,1.496196,2086.16,3121.3
43055,L15,19848,A10,B28,C31,PCS,784,5.86,D,C08,1.496196,4594.24,6873.88
43055,L15,19848,A10,B28,C31,PCS,407,5.86,D,C08,1.496196,2385.02,3568.46
43055,L15,19848,A10,B28,C31,PCS,232,5.86,D,C08,1.496196,1359.52,2034.11
43055,L15,19848,A10,B28,C31,PCS,202,5.86,D,C08,1.496196,1183.72,1771.08
43055,L15,19848,A10,B28,C31,PCS,883,5.86,D,C08,1.496196,5174.38,7741.89
43055,L15,19848,A10,B28,C31,PCS,234,5.86,D,C08,1.496196,1371.24,2051.64
43097,L15,10015,A12,B25,C35,PCS,779,3.9,D,C06,3.547054,3038.1,10776.3
43097,L15,10015,A12,B25,C35,PCS,681,3.9,D,C06,3.547054,2655.9,9420.62
43097,L15,10015,A12,B25,C35,PCS,883,3.9,D,C06,3.547054,3443.7,12214.99
43097,L15,10015,A12,B25,C35,PCS,635,3.9,D,C06,3.547054,2476.5,8784.28
43097,L15,10015,A12,B25,C35,PCS,691,3.9,D,C06,3.547054,2694.9,9558.96
43097,L15,10015,A12,B25,C35,PCS,524,3.9,D,C06,3.547054,2043.6,7248.76
43097,L15,10015,A12,B25,C35,PCS,699,3.9,D,C06,3.547054,2726.1,9669.62
43097,L15,10015,A12,B25,C35,PCS,581,3.9,D,C06,3.547054,2265.9,8037.27
43097,L15,10015,A12,B25,C35,PCS,836,3.9,D,C06,3.547054,3260.4,11564.81
43097,L15,10015,A12,B25,C35,PCS,531,3.9,D,C06,3.547054,2070.9,7345.59
43098,L15,10063,A13,B20,C35,PCS,528,5.27,D,C08,1.496196,2782.56,4163.26
43098,L15,10063,A13,B20,C35,PCS,630,5.27,D,C08,1.496196,3320.1,4967.52
43098,L15,10063,A13,B20,C35,PCS,783,5.27,D,C08,1.496196,4126.41,6173.92
43098,L15,10063,A13,B20,C35,PCS,121,5.27,D,C08,1.496196,637.67,954.08
43098,L15,10063,A13,B20,C35,PCS,565,5.27,D,C08,1.496196,2977.55,4455
43098,L15,10063,A13,B20,C35,PCS,21,5.27,D,C08,1.496196,110.67,165.58
43098,L15,10063,A13,B20,C35,PCS,380,5.27,D,C08,1.496196,2002.6,2996.28
43098,L15,10063,A13,B20,C35,PCS,658,5.27,D,C08,1.496196,3467.66,5188.3
43098,L15,10063,A13,B20,C35,PCS,514,5.27,D,C08,1.496196,2708.78,4052.87
43098,L15,10063,A13,B20,C35,PCS,274,5.27,D,C08,1.496196,1443.98,2160.48
43094,L15,10259,A20,B30,C39,PCS,262,9.29,D,C01,6.825646,2433.98,16613.49
43094,L15,10259,A20,B30,C39,PCS,808,9.29,D,C01,6.825646,7506.32,51235.48
43094,L15,10259,A20,B30,C39,PCS,958,9.29,D,C01,6.825646,8899.82,60747.02
43094,L15,10259,A20,B30,C39,PCS,70,9.29,D,C01,6.825646,650.3,4438.72
43094,L15,10259,A20,B30,C39,PCS,487,9.29,D,C01,6.825646,4524.23,30880.79
43094,L15,10259,A20,B30,C39,PCS,172,9.29,D,C01,6.825646,1597.88,10906.56
43094,L15,10259,A20,B30,C39,PCS,101,9.29,D,C01,6.825646,938.29,6404.44
43094,L15,10259,A20,B30,C39,PCS,502,9.29,D,C01,6.825646,4663.58,31831.95
43094,L15,10259,A20,B30,C39,PCS,584,9.29,D,C01,6.825646,5425.36,37031.59
43094,L15,10259,A20,B30,C39,PCS,984,9.29,D,C01,6.825646,9141.36,62395.69
43075,L15,10390,A12,B20,C35,PCS,822,7.17,C,C02,9.912483,5893.74,58421.6
43075,L15,10390,A12,B20,C35,PCS,421,7.17,C,C02,9.912483,3018.57,29921.52
43075,L15,10390,A12,B20,C35,PCS,392,7.17,C,C02,9.912483,2810.64,27860.42
43075,L15,10390,A12,B20,C35,PCS,736,7.17,C,C02,9.912483,5277.12,52309.36
43075,L15,10390,A12,B20,C35,PCS,6,7.17,C,C02,9.912483,43.02,426.44
43075,L15,10390,A12,B20,C35,PCS,959,7.17,C,C02,9.912483,6876.03,68158.53
43075,L15,10390,A12,B20,C35,PCS,7,7.17,C,C02,9.912483,50.19,497.51
43075,L15,10390,A12,B20,C35,PCS,942,7.17,C,C02,9.912483,6754.14,66950.3
43075,L15,10390,A12,B20,C35,PCS,255,7.17,C,C02,9.912483,1828.35,18123.49
43075,L15,10390,A12,B20,C35,PCS,984,7.17,C,C02,9.912483,7055.28,69935.34
43079,L15,10462,A13,B23,C35,PCS,74,1.86,D,C05,3.40242,137.64,468.31
43079,L15,10462,A13,B23,C35,PCS,891,1.86,D,C05,3.40242,1657.26,5638.69
43079,L15,10462,A13,B23,C35,PCS,201,1.86,D,C05,3.40242,373.86,1272.03
43079,L15,10462,A13,B23,C35,PCS,111,1.86,D,C05,3.40242,206.46,702.46
43079,L15,10462,A13,B23,C35,PCS,318,1.86,D,C05,3.40242,591.48,2012.46
43079,L15,10462,A13,B23,C35,PCS,794,1.86,D,C05,3.40242,1476.84,5024.83
43079,L15,10462,A13,B23,C35,PCS,288,1.86,D,C05,3.40242,535.68,1822.61
43079,L15,10462,A13,B23,C35,PCS,633,1.86,D,C05,3.40242,1177.38,4005.94
43079,L15,10462,A13,B23,C35,PCS,714,1.86,D,C05,3.40242,1328.04,4518.55
43079,L15,10462,A13,B23,C35,PCS,6,1.86,D,C05,3.40242,11.16,37.97
43071,L15,10520,A17,B24,C39,PCS,556,6.75,D,C05,3.40242,3753,12769.28
43071,L15,10520,A17,B24,C39,PCS,828,6.75,D,C05,3.40242,5589,19016.13
43071,L15,10520,A17,B24,C39,PCS,533,6.75,D,C05,3.40242,3597.75,12241.06
43071,L15,10520,A17,B24,C39,PCS,741,6.75,D,C05,3.40242,5001.75,17018.05
43071,L15,10520,A17,B24,C39,PCS,201,6.75,D,C05,3.40242,1356.75,4616.23
43071,L15,10520,A17,B24,C39,PCS,951,6.75,D,C05,3.40242,6419.25,21840.98
43071,L15,10520,A17,B24,C39,PCS,831,6.75,D,C05,3.40242,5609.25,19085.02
43071,L15,10520,A17,B24,C39,PCS,701,6.75,D,C05,3.40242,4731.75,16099.4
43071,L15,10520,A17,B24,C39,PCS,244,6.75,D,C05,3.40242,1647,5603.79
43071,L15,10520,A17,B24,C39,PCS,804,6.75,D,C05,3.40242,5427,18464.93
43078,L15,10548,A11,B24,C34,PCS,106,2.69,D,C10,8.657656,285.14,2468.64
43078,L15,10548,A11,B24,C34,PCS,654,2.69,D,C10,8.657656,1759.26,15231.07
43078,L15,10548,A11,B24,C34,PCS,443,2.69,D,C10,8.657656,1191.67,10317.07
43078,L15,10548,A11,B24,C34,PCS,827,2.69,D,C10,8.657656,2224.63,19260.08
43078,L15,10548,A11,B24,C34,PCS,866,2.69,D,C10,8.657656,2329.54,20168.36
43078,L15,10548,A11,B24,C34,PCS,80,2.69,D,C10,8.657656,215.2,1863.13
43078,L15,10548,A11,B24,C34,PCS,322,2.69,D,C10,8.657656,866.18,7499.09
43078,L15,10548,A11,B24,C34,PCS,859,2.69,D,C10,8.657656,2310.71,20005.33
43078,L15,10548,A11,B24,C34,PCS,797,2.69,D,C10,8.657656,2143.93,18561.41
43078,L15,10548,A11,B24,C34,PCS,384,2.69,D,C10,8.657656,1032.96,8943.01
43096,L15,10709,A16,B21,C40,PCS,578,9.49,C,C05,3.40242,5485.22,18663.02
43096,L15,10709,A16,B21,C40,PCS,230,9.49,C,C05,3.40242,2182.7,7426.46
43096,L15,10709,A16,B21,C40,PCS,59,9.49,C,C05,3.40242,559.91,1905.05
43096,L15,10709,A16,B21,C40,PCS,844,9.49,C,C05,3.40242,8009.56,27251.89
43096,L15,10709,A16,B21,C40,PCS,409,9.49,C,C05,3.40242,3881.41,13206.19
43096,L15,10709,A16,B21,C40,PCS,250,9.49,C,C05,3.40242,2372.5,8072.24
43096,L15,10709,A16,B21,C40,PCS,41,9.49,C,C05,3.40242,389.09,1323.85
43096,L15,10709,A16,B21,C40,PCS,488,9.49,C,C05,3.40242,4631.12,15757.02
43096,L15,10709,A16,B21,C40,PCS,597,9.49,C,C05,3.40242,5665.53,19276.51
43096,L15,10709,A16,B21,C40,PCS,849,9.49,C,C05,3.40242,8057.01,27413.33
43082,L15,10808,A17,B23,C38,PCS,588,7.05,D,C10,8.657656,4145.4,35889.45
43082,L15,10808,A17,B23,C38,PCS,288,7.05,D,C10,8.657656,2030.4,17578.5
43082,L15,10808,A17,B23,C38,PCS,228,7.05,D,C10,8.657656,1607.4,13916.32
43082,L15,10808,A17,B23,C38,PCS,82,7.05,D,C10,8.657656,578.1,5004.99
43082,L15,10808,A17,B23,C38,PCS,159,7.05,D,C10,8.657656,1120.95,9704.8
43082,L15,10808,A17,B23,C38,PCS,908,7.05,D,C10,8.657656,6401.4,55421.12
43082,L15,10808,A17,B23,C38,PCS,673,7.05,D,C10,8.657656,4744.65,41077.55
43082,L15,10808,A17,B23,C38,PCS,24,7.05,D,C10,8.657656,169.2,1464.88
43082,L15,10808,A17,B23,C38,PCS,805,7.05,D,C10,8.657656,5675.25,49134.36
43082,L15,10808,A17,B23,C38,PCS,782,7.05,D,C10,8.657656,5513.1,47730.52
43099,L15,10821,A12,B24,C40,PCS,7,7.87,C,C05,3.40242,55.09,187.44
43099,L15,10821,A12,B24,C40,PCS,703,7.87,C,C05,3.40242,5532.61,18824.26
43099,L15,10821,A12,B24,C40,PCS,779,7.87,C,C05,3.40242,6130.73,20859.32
43099,L15,10821,A12,B24,C40,PCS,612,7.87,C,C05,3.40242,4816.44,16387.55
43099,L15,10821,A12,B24,C40,PCS,888,7.87,C,C05,3.40242,6988.56,23778.02
43099,L15,10821,A12,B24,C40,PCS,513,7.87,C,C05,3.40242,4037.31,13736.62
43099,L15,10821,A12,B24,C40,PCS,522,7.87,C,C05,3.40242,4108.14,13977.62
43099,L15,10821,A12,B24,C40,PCS,273,7.87,C,C05,3.40242,2148.51,7310.13
43099,L15,10821,A12,B24,C40,PCS,564,7.87,C,C05,3.40242,4438.68,15102.25
43099,L15,10821,A12,B24,C40,PCS,300,7.87,C,C05,3.40242,2361,8033.11
43100,L15,10989,A14,B22,C36,PCS,539,2.29,C,C05,3.40242,1234.31,4199.64
43100,L15,10989,A14,B22,C36,PCS,239,2.29,C,C05,3.40242,547.31,1862.18
43100,L15,10989,A14,B22,C36,PCS,518,2.29,C,C05,3.40242,1186.22,4036.02
43100,L15,10989,A14,B22,C36,PCS,460,2.29,C,C05,3.40242,1053.4,3584.11
43100,L15,10989,A14,B22,C36,PCS,402,2.29,C,C05,3.40242,920.58,3132.2
43100,L15,10989,A14,B22,C36,PCS,887,2.29,C,C05,3.40242,2031.23,6911.1
43100,L15,10989,A14,B22,C36,PCS,328,2.29,C,C05,3.40242,751.12,2555.63
43100,L15,10989,A14,B22,C36,PCS,857,2.29,C,C05,3.40242,1962.53,6677.35
43100,L15,10989,A14,B22,C36,PCS,40,2.29,C,C05,3.40242,91.6,311.66
43100,L15,10989,A14,B22,C36,PCS,946,2.29,C,C05,3.40242,2166.34,7370.8
43086,L15,11033,A18,B28,C33,PCS,86,1.54,D,C05,3.40242,132.44,450.62
43086,L15,11033,A18,B28,C33,PCS,698,1.54,D,C05,3.40242,1074.92,3657.33
43086,L15,11033,A18,B28,C33,PCS,429,1.54,D,C05,3.40242,660.66,2247.84
43086,L15,11033,A18,B28,C33,PCS,172,1.54,D,C05,3.40242,264.88,901.23
43086,L15,11033,A18,B28,C33,PCS,655,1.54,D,C05,3.40242,1008.7,3432.02
43086,L15,11033,A18,B28,C33,PCS,449,1.54,D,C05,3.40242,691.46,2352.64
43086,L15,11033,A18,B28,C33,PCS,157,1.54,D,C05,3.40242,241.78,822.64
43086,L15,11033,A18,B28,C33,PCS,366,1.54,D,C05,3.40242,563.64,1917.74
43086,L15,11033,A18,B28,C33,PCS,472,1.54,D,C05,3.40242,726.88,2473.15
43086,L15,11033,A18,B28,C33,PCS,513,1.54,D,C05,3.40242,790.02,2687.98
43086,L15,11084,A10,B30,C35,PCS,285,2.26,C,C06,3.547054,644.1,2284.66
43086,L15,11084,A10,B30,C35,PCS,517,2.26,C,C06,3.547054,1168.42,4144.45
43086,L15,11084,A10,B30,C35,PCS,101,2.26,C,C06,3.547054,228.26,809.65
43086,L15,11084,A10,B30,C35,PCS,51,2.26,C,C06,3.547054,115.26,408.83
43086,L15,11084,A10,B30,C35,PCS,45,2.26,C,C06,3.547054,101.7,360.74
43086,L15,11084,A10,B30,C35,PCS,373,2.26,C,C06,3.547054,842.98,2990.1
43086,L15,11084,A10,B30,C35,PCS,511,2.26,C,C06,3.547054,1154.86,4096.35
43086,L15,11084,A10,B30,C35,PCS,97,2.26,C,C06,3.547054,219.22,777.59
43086,L15,11084,A10,B30,C35,PCS,898,2.26,C,C06,3.547054,2029.48,7198.68
43086,L15,11084,A10,B30,C35,PCS,259,2.26,C,C06,3.547054,585.34,2076.23
43081,L15,11130,A14,B28,C34,PCS,974,9.49,C,C05,3.40242,9243.26,31449.45
43081,L15,11130,A14,B28,C34,PCS,470,9.49,C,C05,3.40242,4460.3,15175.81
43081,L15,11130,A14,B28,C34,PCS,422,9.49,C,C05,3.40242,4004.78,13625.94
43081,L15,11130,A14,B28,C34,PCS,496,9.49,C,C05,3.40242,4707.04,16015.33
43081,L15,11130,A14,B28,C34,PCS,34,9.49,C,C05,3.40242,322.66,1097.82
43081,L15,11130,A14,B28,C34,PCS,407,9.49,C,C05,3.40242,3862.43,13141.61
43081,L15,11130,A14,B28,C34,PCS,316,9.49,C,C05,3.40242,2998.84,10203.31
43081,L15,11130,A14,B28,C34,PCS,648,9.49,C,C05,3.40242,6149.52,20923.25
43081,L15,11130,A14,B28,C34,PCS,694,9.49,C,C05,3.40242,6586.06,22408.54
43081,L15,11130,A14,B28,C34,PCS,832,9.49,C,C05,3.40242,7895.68,26864.42
43080,L15,11239,A11,B21,C37,PCS,165,4.19,C,C10,8.657656,691.35,5985.47
43080,L15,11239,A11,B21,C37,PCS,378,4.19,C,C10,8.657656,1583.82,13712.17
43080,L15,11239,A11,B21,C37,PCS,906,4.19,C,C10,8.657656,3796.14,32865.67
43080,L15,11239,A11,B21,C37,PCS,866,4.19,C,C10,8.657656,3628.54,31414.65
43080,L15,11239,A11,B21,C37,PCS,855,4.19,C,C10,8.657656,3582.45,31015.62
43080,L15,11239,A11,B21,C37,PCS,629,4.19,C,C10,8.657656,2635.51,22817.34
43080,L15,11239,A11,B21,C37,PCS,410,4.19,C,C10,8.657656,1717.9,14872.99
43080,L15,11239,A11,B21,C37,PCS,914,4.19,C,C10,8.657656,3829.66,33155.88
43080,L15,11239,A11,B21,C37,PCS,566,4.19,C,C10,8.657656,2371.54,20531.98
43080,L15,11239,A11,B21,C37,PCS,572,4.19,C,C10,8.657656,2396.68,20749.63
43074,L15,11263,A20,B25,C30,PCS,853,2,D,C06,3.547054,1706,6051.27
43074,L15,11263,A20,B25,C30,PCS,464,2,D,C06,3.547054,928,3291.67
43074,L15,11263,A20,B25,C30,PCS,648,2,D,C06,3.547054,1296,4596.98
43074,L15,11263,A20,B25,C30,PCS,156,2,D,C06,3.547054,312,1106.68
43074,L15,11263,A20,B25,C30,PCS,145,2,D,C06,3.547054,290,1028.65
43074,L15,11263,A20,B25,C30,PCS,871,2,D,C06,3.547054,1742,6178.97
43074,L15,11263,A20,B25,C30,PCS,560,2,D,C06,3.547054,1120,3972.7
43074,L15,11263,A20,B25,C30,PCS,767,2,D,C06,3.547054,1534,5441.18
43074,L15,11263,A20,B25,C30,PCS,864,2,D,C06,3.547054,1728,6129.31
43074,L15,11263,A20,B25,C30,PCS,555,2,D,C06,3.547054,1110,3937.23
43073,L15,11375,A11,B21,C37,PCS,312,7.86,C,C07,1.358577,2452.32,3331.67
43073,L15,11375,A11,B21,C37,PCS,665,7.86,C,C07,1.358577,5226.9,7101.15
43073,L15,11375,A11,B21,C37,PCS,266,7.86,C,C07,1.358577,2090.76,2840.46
43073,L15,11375,A11,B21,C37,PCS,30,7.86,C,C07,1.358577,235.8,320.35
43073,L15,11375,A11,B21,C37,PCS,890,7.86,C,C07,1.358577,6995.4,9503.79
43073,L15,11375,A11,B21,C37,PCS,577,7.86,C,C07,1.358577,4535.22,6161.45
43073,L15,11375,A11,B21,C37,PCS,62,7.86,C,C07,1.358577,487.32,662.06
43073,L15,11375,A11,B21,C37,PCS,312,7.86,C,C07,1.358577,2452.32,3331.67
43073,L15,11375,A11,B21,C37,PCS,839,7.86,C,C07,1.358577,6594.54,8959.19
43073,L15,11375,A11,B21,C37,PCS,571,7.86,C,C07,1.358577,4488.06,6097.38
43078,L15,11453,A14,B25,C30,PCS,449,2.69,C,C10,8.657656,1207.81,10456.8
43078,L15,11453,A14,B25,C30,PCS,178,2.69,C,C10,8.657656,478.82,4145.46
43078,L15,11453,A14,B25,C30,PCS,100,2.69,C,C10,8.657656,269,2328.91
43078,L15,11453,A14,B25,C30,PCS,642,2.69,C,C10,8.657656,1726.98,14951.6
43078,L15,11453,A14,B25,C30,PCS,15,2.69,C,C10,8.657656,40.35,349.34
43078,L15,11453,A14,B25,C30,PCS,799,2.69,C,C10,8.657656,2149.31,18607.99
43078,L15,11453,A14,B25,C30,PCS,71,2.69,C,C10,8.657656,190.99,1653.53
43078,L15,11453,A14,B25,C30,PCS,575,2.69,C,C10,8.657656,1546.75,13391.23
43078,L15,11453,A14,B25,C30,PCS,949,2.69,C,C10,8.657656,2552.81,22101.35
43078,L15,11453,A14,B25,C30,PCS,635,2.69,C,C10,8.657656,1708.15,14788.58
43072,L15,11520,A13,B22,C38,PCS,239,2.05,D,C04,5.388146,489.95,2639.92
43072,L15,11520,A13,B22,C38,PCS,948,2.05,D,C04,5.388146,1943.4,10471.32
43072,L15,11520,A13,B22,C38,PCS,531,2.05,D,C04,5.388146,1088.55,5865.27
43072,L15,11520,A13,B22,C38,PCS,144,2.05,D,C04,5.388146,295.2,1590.58
43072,L15,11520,A13,B22,C38,PCS,4,2.05,D,C04,5.388146,8.2,44.18
43072,L15,11520,A13,B22,C38,PCS,902,2.05,D,C04,5.388146,1849.1,9963.22
43072,L15,11520,A13,B22,C38,PCS,573,2.05,D,C04,5.388146,1174.65,6329.19
43072,L15,11520,A13,B22,C38,PCS,797,2.05,D,C04,5.388146,1633.85,8803.42
43072,L15,11520,A13,B22,C38,PCS,991,2.05,D,C04,5.388146,2031.55,10946.29
43072,L15,11520,A13,B22,C38,PCS,389,2.05,D,C04,5.388146,797.45,4296.78
43075,L15,11557,A10,B27,C30,PCS,13,3.6,D,C07,1.358577,46.8,63.58
43075,L15,11557,A10,B27,C30,PCS,118,3.6,D,C07,1.358577,424.8,577.12
43075,L15,11557,A10,B27,C30,PCS,791,3.6,D,C07,1.358577,2847.6,3868.68
43075,L15,11557,A10,B27,C30,PCS,306,3.6,D,C07,1.358577,1101.6,1496.61
43075,L15,11557,A10,B27,C30,PCS,230,3.6,D,C07,1.358577,828,1124.9
43075,L15,11557,A10,B27,C30,PCS,182,3.6,D,C07,1.358577,655.2,890.14
43075,L15,11557,A10,B27,C30,PCS,289,3.6,D,C07,1.358577,1040.4,1413.46
43075,L15,11557,A10,B27,C30,PCS,815,3.6,D,C07,1.358577,2934,3986.06
43075,L15,11557,A10,B27,C30,PCS,940,3.6,D,C07,1.358577,3384,4597.42
43075,L15,11557,A10,B27,C30,PCS,870,3.6,D,C07,1.358577,3132,4255.06
43088,L15,11667,A20,B25,C34,PCS,848,3.35,D,C10,8.657656,2840.8,24594.67
43088,L15,11667,A20,B25,C34,PCS,418,3.35,D,C10,8.657656,1400.3,12123.32
43088,L15,11667,A20,B25,C34,PCS,549,3.35,D,C10,8.657656,1839.15,15922.73
43088,L15,11667,A20,B25,C34,PCS,788,3.35,D,C10,8.657656,2639.8,22854.48
43088,L15,11667,A20,B25,C34,PCS,553,3.35,D,C10,8.657656,1852.55,16038.74
43088,L15,11667,A20,B25,C34,PCS,92,3.35,D,C10,8.657656,308.2,2668.29
43088,L15,11667,A20,B25,C34,PCS,500,3.35,D,C10,8.657656,1675,14501.57
43088,L15,11667,A20,B25,C34,PCS,609,3.35,D,C10,8.657656,2040.15,17662.92
43088,L15,11667,A20,B25,C34,PCS,525,3.35,D,C10,8.657656,1758.75,15226.65
43088,L15,11667,A20,B25,C34,PCS,957,3.35,D,C10,8.657656,3205.95,27756.01
43079,L15,11710,A12,B23,C34,PCS,756,8.97,D,C03,7.133317,6781.32,48373.31
43079,L15,11710,A12,B23,C34,PCS,641,8.97,D,C03,7.133317,5749.77,41014.93
43079,L15,11710,A12,B23,C34,PCS,259,8.97,D,C03,7.133317,2323.23,16572.34
43079,L15,11710,A12,B23,C34,PCS,424,8.97,D,C03,7.133317,3803.28,27130
43079,L15,11710,A12,B23,C34,PCS,756,8.97,D,C03,7.133317,6781.32,48373.31
43079,L15,11710,A12,B23,C34,PCS,387,8.97,D,C03,7.133317,3471.39,24762.53
43079,L15,11710,A12,B23,C34,PCS,431,8.97,D,C03,7.133317,3866.07,27577.9
43079,L15,11710,A12,B23,C34,PCS,188,8.97,D,C03,7.133317,1686.36,12029.34
43079,L15,11710,A12,B23,C34,PCS,280,8.97,D,C03,7.133317,2511.6,17916.04
43079,L15,11710,A12,B23,C34,PCS,932,8.97,D,C03,7.133317,8360.04,59634.82
43083,L15,11881,A14,B23,C35,PCS,956,2.49,D,C04,5.388146,2380.44,12826.16
43083,L15,11881,A14,B23,C35,PCS,942,2.49,D,C04,5.388146,2345.58,12638.33
43083,L15,11881,A14,B23,C35,PCS,506,2.49,D,C04,5.388146,1259.94,6788.74
43083,L15,11881,A14,B23,C35,PCS,608,2.49,D,C04,5.388146,1513.92,8157.22
43083,L15,11881,A14,B23,C35,PCS,787,2.49,D,C04,5.388146,1959.63,10558.77
43083,L15,11881,A14,B23,C35,PCS,700,2.49,D,C04,5.388146,1743,9391.54
43083,L15,11881,A14,B23,C35,PCS,204,2.49,D,C04,5.388146,507.96,2736.96
43083,L15,11881,A14,B23,C35,PCS,921,2.49,D,C04,5.388146,2293.29,12356.58
43083,L15,11881,A14,B23,C35,PCS,621,2.49,D,C04,5.388146,1546.29,8331.64
43083,L15,11881,A14,B23,C35,PCS,731,2.49,D,C04,5.388146,1820.19,9807.45
43082,L15,11955,A13,B24,C37,PCS,930,4.79,D,C10,8.657656,4454.7,38567.26
43082,L15,11955,A13,B24,C37,PCS,795,4.79,D,C10,8.657656,3808.05,32968.79
43082,L15,11955,A13,B24,C37,PCS,39,4.79,D,C10,8.657656,186.81,1617.34
43082,L15,11955,A13,B24,C37,PCS,582,4.79,D,C10,8.657656,2787.78,24135.64
43082,L15,11955,A13,B24,C37,PCS,960,4.79,D,C10,8.657656,4598.4,39811.37
43082,L15,11955,A13,B24,C37,PCS,242,4.79,D,C10,8.657656,1159.18,10035.78
43082,L15,11955,A13,B24,C37,PCS,336,4.79,D,C10,8.657656,1609.44,13933.98
43082,L15,11955,A13,B24,C37,PCS,47,4.79,D,C10,8.657656,225.13,1949.1
43082,L15,11955,A13,B24,C37,PCS,654,4.79,D,C10,8.657656,3132.66,27121.49
43082,L15,11955,A13,B24,C37,PCS,769,4.79,D,C10,8.657656,3683.51,31890.56
43083,L15,12071,A10,B29,C36,PCS,892,6.43,D,C01,6.825646,5735.56,39148.9
43083,L15,12071,A10,B29,C36,PCS,813,6.43,D,C01,6.825646,5227.59,35681.68
43083,L15,12071,A10,B29,C36,PCS,897,6.43,D,C01,6.825646,5767.71,39368.35
43083,L15,12071,A10,B29,C36,PCS,218,6.43,D,C01,6.825646,1401.74,9567.78
43083,L15,12071,A10,B29,C36,PCS,5,6.43,D,C01,6.825646,32.15,219.44
43083,L15,12071,A10,B29,C36,PCS,426,6.43,D,C01,6.825646,2739.18,18696.67
43083,L15,12071,A10,B29,C36,PCS,903,6.43,D,C01,6.825646,5806.29,39631.68
43083,L15,12071,A10,B29,C36,PCS,237,6.43,D,C01,6.825646,1523.91,10401.67
43083,L15,12071,A10,B29,C36,PCS,844,6.43,D,C01,6.825646,5426.92,37042.23
43083,L15,12071,A10,B29,C36,PCS,729,6.43,D,C01,6.825646,4687.47,31995.01
43096,L15,12163,A17,B30,C32,PCS,150,1.29,D,C09,1.199464,193.5,232.1
43096,L15,12163,A17,B30,C32,PCS,192,1.29,D,C09,1.199464,247.68,297.08
43096,L15,12163,A17,B30,C32,PCS,274,1.29,D,C09,1.199464,353.46,423.96
43096,L15,12163,A17,B30,C32,PCS,716,1.29,D,C09,1.199464,923.64,1107.87
43096,L15,12163,A17,B30,C32,PCS,884,1.29,D,C09,1.199464,1140.36,1367.82
43096,L15,12163,A17,B30,C32,PCS,174,1.29,D,C09,1.199464,224.46,269.23
43096,L15,12163,A17,B30,C32,PCS,571,1.29,D,C09,1.199464,736.59,883.51
43096,L15,12163,A17,B30,C32,PCS,393,1.29,D,C09,1.199464,506.97,608.09
43096,L15,12163,A17,B30,C32,PCS,163,1.29,D,C09,1.199464,210.27,252.21
43096,L15,12163,A17,B30,C32,PCS,976,1.29,D,C09,1.199464,1259.04,1510.17
43080,L15,12280,A12,B28,C30,PCS,623,4.19,C,C10,8.657656,2610.37,22599.69
43080,L15,12280,A12,B28,C30,PCS,164,4.19,C,C10,8.657656,687.16,5949.19
43080,L15,12280,A12,B28,C30,PCS,482,4.19,C,C10,8.657656,2019.58,17484.83
43080,L15,12280,A12,B28,C30,PCS,512,4.19,C,C10,8.657656,2145.28,18573.1
43080,L15,12280,A12,B28,C30,PCS,504,4.19,C,C10,8.657656,2111.76,18282.89
43080,L15,12280,A12,B28,C30,PCS,266,4.19,C,C10,8.657656,1114.54,9649.3
43080,L15,12280,A12,B28,C30,PCS,257,4.19,C,C10,8.657656,1076.83,9322.82
43080,L15,12280,A12,B28,C30,PCS,682,4.19,C,C10,8.657656,2857.58,24739.94
43080,L15,12280,A12,B28,C30,PCS,191,4.19,C,C10,8.657656,800.29,6928.64
43080,L15,12280,A12,B28,C30,PCS,668,4.19,C,C10,8.657656,2798.92,24232.09
43087,L15,12604,A16,B25,C37,PCS,320,5.14,D,C07,1.358577,1644.8,2234.59
43087,L15,12604,A16,B25,C37,PCS,889,5.14,D,C07,1.358577,4569.46,6207.96
43087,L15,12604,A16,B25,C37,PCS,422,5.14,D,C07,1.358577,2169.08,2946.86
43087,L15,12604,A16,B25,C37,PCS,486,5.14,D,C07,1.358577,2498.04,3393.78
43087,L15,12604,A16,B25,C37,PCS,537,5.14,D,C07,1.358577,2760.18,3749.92
43087,L15,12604,A16,B25,C37,PCS,635,5.14,D,C07,1.358577,3263.9,4434.26
43087,L15,12604,A16,B25,C37,PCS,49,5.14,D,C07,1.358577,251.86,342.17
43087,L15,12604,A16,B25,C37,PCS,387,5.14,D,C07,1.358577,1989.18,2702.45
43087,L15,12604,A16,B25,C37,PCS,556,5.14,D,C07,1.358577,2857.84,3882.6
43087,L15,12604,A16,B25,C37,PCS,441,5.14,D,C07,1.358577,2266.74,3079.54
43073,L15,12668,A17,B25,C40,PCS,516,7.86,D,C07,1.358577,4055.76,5510.06
43073,L15,12668,A17,B25,C40,PCS,327,7.86,D,C07,1.358577,2570.22,3491.84
43073,L15,12668,A17,B25,C40,PCS,849,7.86,D,C07,1.358577,6673.14,9065.97
43073,L15,12668,A17,B25,C40,PCS,26,7.86,D,C07,1.358577,204.36,277.64
43073,L15,12668,A17,B25,C40,PCS,989,7.86,D,C07,1.358577,7773.54,10560.95
43073,L15,12668,A17,B25,C40,PCS,320,7.86,D,C07,1.358577,2515.2,3417.09
43073,L15,12668,A17,B25,C40,PCS,845,7.86,D,C07,1.358577,6641.7,9023.26
43073,L15,12668,A17,B25,C40,PCS,893,7.86,D,C07,1.358577,7018.98,9535.82
43073,L15,12668,A17,B25,C40,PCS,565,7.86,D,C07,1.358577,4440.9,6033.3
43073,L15,12668,A17,B25,C40,PCS,153,7.86,D,C07,1.358577,1202.58,1633.8
43096,L15,13042,A20,B28,C40,PCS,250,9.86,C,C09,1.199464,2465,2956.68
43096,L15,13042,A20,B28,C40,PCS,334,9.86,C,C09,1.199464,3293.24,3950.12
43096,L15,13042,A20,B28,C40,PCS,501,9.86,C,C09,1.199464,4939.86,5925.18
43096,L15,13042,A20,B28,C40,PCS,937,9.86,C,C09,1.199464,9238.82,11081.63
43096,L15,13042,A20,B28,C40,PCS,930,9.86,C,C09,1.199464,9169.8,10998.84
43096,L15,13042,A20,B28,C40,PCS,896,9.86,C,C09,1.199464,8834.56,10596.74
43096,L15,13042,A20,B28,C40,PCS,504,9.86,C,C09,1.199464,4969.44,5960.66
43096,L15,13042,A20,B28,C40,PCS,307,9.86,C,C09,1.199464,3027.02,3630.8
43096,L15,13042,A20,B28,C40,PCS,328,9.86,C,C09,1.199464,3234.08,3879.16
43096,L15,13042,A20,B28,C40,PCS,684,9.86,C,C09,1.199464,6744.24,8089.47
43081,L15,13070,A13,B22,C34,PCS,830,5.86,C,C07,1.358577,4863.8,6607.85
43081,L15,13070,A13,B22,C34,PCS,178,5.86,C,C07,1.358577,1043.08,1417.1
43081,L15,13070,A13,B22,C34,PCS,742,5.86,C,C07,1.358577,4348.12,5907.26
43081,L15,13070,A13,B22,C34,PCS,187,5.86,C,C07,1.358577,1095.82,1488.76
43081,L15,13070,A13,B22,C34,PCS,867,5.86,C,C07,1.358577,5080.62,6902.41
43081,L15,13070,A13,B22,C34,PCS,829,5.86,C,C07,1.358577,4857.94,6599.89
43081,L15,13070,A13,B22,C34,PCS,529,5.86,C,C07,1.358577,3099.94,4211.51
43081,L15,13070,A13,B22,C34,PCS,460,5.86,C,C07,1.358577,2695.6,3662.18
43081,L15,13070,A13,B22,C34,PCS,587,5.86,C,C07,1.358577,3439.82,4673.26
43081,L15,13070,A13,B22,C34,PCS,173,5.86,C,C07,1.358577,1013.78,1377.3
43073,L15,13126,A15,B22,C38,PCS,429,1.52,D,C01,6.825646,652.08,4450.87
43073,L15,13126,A15,B22,C38,PCS,845,1.52,D,C01,6.825646,1284.4,8766.86
43073,L15,13126,A15,B22,C38,PCS,949,1.52,D,C01,6.825646,1442.48,9845.86
43073,L15,13126,A15,B22,C38,PCS,592,1.52,D,C01,6.825646,899.84,6141.99
43073,L15,13126,A15,B22,C38,PCS,85,1.52,D,C01,6.825646,129.2,881.87
43073,L15,13126,A15,B22,C38,PCS,815,1.52,D,C01,6.825646,1238.8,8455.61
43073,L15,13126,A15,B22,C38,PCS,706,1.52,D,C01,6.825646,1073.12,7324.74
43073,L15,13126,A15,B22,C38,PCS,714,1.52,D,C01,6.825646,1085.28,7407.74
43073,L15,13126,A15,B22,C38,PCS,61,1.52,D,C01,6.825646,92.72,632.87
43073,L15,13126,A15,B22,C38,PCS,60,1.52,D,C01,6.825646,91.2,622.5
43078,L15,13167,A15,B22,C30,PCS,271,2.69,D,C10,8.657656,728.99,6311.34
43078,L15,13167,A15,B22,C30,PCS,10,2.69,D,C10,8.657656,26.9,232.89
43078,L15,13167,A15,B22,C30,PCS,720,2.69,D,C10,8.657656,1936.8,16768.15
43078,L15,13167,A15,B22,C30,PCS,616,2.69,D,C10,8.657656,1657.04,14346.08
43078,L15,13167,A15,B22,C30,PCS,537,2.69,D,C10,8.657656,1444.53,12506.24
43078,L15,13167,A15,B22,C30,PCS,800,2.69,D,C10,8.657656,2152,18631.28
43078,L15,13167,A15,B22,C30,PCS,406,2.69,D,C10,8.657656,1092.14,9455.37
43078,L15,13167,A15,B22,C30,PCS,332,2.69,D,C10,8.657656,893.08,7731.98
43078,L15,13167,A15,B22,C30,PCS,311,2.69,D,C10,8.657656,836.59,7242.91
43078,L15,13167,A15,B22,C30,PCS,436,2.69,D,C10,8.657656,1172.84,10154.05
43081,L15,13351,A18,B25,C36,PCS,665,2.5,D,C07,1.358577,1662.5,2258.63
43081,L15,13351,A18,B25,C36,PCS,159,2.5,D,C07,1.358577,397.5,540.03
43081,L15,13351,A18,B25,C36,PCS,144,2.5,D,C07,1.358577,360,489.09
43081,L15,13351,A18,B25,C36,PCS,317,2.5,D,C07,1.358577,792.5,1076.67
43081,L15,13351,A18,B25,C36,PCS,181,2.5,D,C07,1.358577,452.5,614.76
43081,L15,13351,A18,B25,C36,PCS,440,2.5,D,C07,1.358577,1100,1494.43
43081,L15,13351,A18,B25,C36,PCS,949,2.5,D,C07,1.358577,2372.5,3223.22
43081,L15,13351,A18,B25,C36,PCS,819,2.5,D,C07,1.358577,2047.5,2781.69
43081,L15,13351,A18,B25,C36,PCS,647,2.5,D,C07,1.358577,1617.5,2197.5
43081,L15,13351,A18,B25,C36,PCS,293,2.5,D,C07,1.358577,732.5,995.16
43076,L15,13498,A17,B25,C37,PCS,685,8.71,D,C03,7.133317,5966.35,42559.87
43076,L15,13498,A17,B25,C37,PCS,677,8.71,D,C03,7.133317,5896.67,42062.82
43076,L15,13498,A17,B25,C37,PCS,669,8.71,D,C03,7.133317,5826.99,41565.77
43076,L15,13498,A17,B25,C37,PCS,702,8.71,D,C03,7.133317,6114.42,43616.1
43076,L15,13498,A17,B25,C37,PCS,459,8.71,D,C03,7.133317,3997.89,28518.22
43076,L15,13498,A17,B25,C37,PCS,266,8.71,D,C03,7.133317,2316.86,16526.9
43076,L15,13498,A17,B25,C37,PCS,309,8.71,D,C03,7.133317,2691.39,19198.54
43076,L15,13498,A17,B25,C37,PCS,132,8.71,D,C03,7.133317,1149.72,8201.32
43076,L15,13498,A17,B25,C37,PCS,226,8.71,D,C03,7.133317,1968.46,14041.65
43076,L15,13498,A17,B25,C37,PCS,429,8.71,D,C03,7.133317,3736.59,26654.28
43096,L15,13542,A19,B20,C34,PCS,82,9.14,C,C05,3.40242,749.48,2550.05
43096,L15,13542,A19,B20,C34,PCS,201,9.14,C,C05,3.40242,1837.14,6250.72
43096,L15,13542,A19,B20,C34,PCS,387,9.14,C,C05,3.40242,3537.18,12034.97
43096,L15,13542,A19,B20,C34,PCS,518,9.14,C,C05,3.40242,4734.52,16108.83
43096,L15,13542,A19,B20,C34,PCS,236,9.14,C,C05,3.40242,2157.04,7339.16
43096,L15,13542,A19,B20,C34,PCS,614,9.14,C,C05,3.40242,5611.96,19094.24
43096,L15,13542,A19,B20,C34,PCS,609,9.14,C,C05,3.40242,5566.26,18938.75
43096,L15,13542,A19,B20,C34,PCS,370,9.14,C,C05,3.40242,3381.8,11506.3
43096,L15,13542,A19,B20,C34,PCS,974,9.14,C,C05,3.40242,8902.36,30289.57
43096,L15,13542,A19,B20,C34,PCS,83,9.14,C,C05,3.40242,758.62,2581.14
43096,L15,13568,A18,B26,C32,PCS,710,9.14,D,C05,3.40242,6489.4,22079.66
43096,L15,13568,A18,B26,C32,PCS,604,9.14,D,C05,3.40242,5520.56,18783.26
43096,L15,13568,A18,B26,C32,PCS,850,9.14,D,C05,3.40242,7769,26433.4
43096,L15,13568,A18,B26,C32,PCS,20,9.14,D,C05,3.40242,182.8,621.96
43096,L15,13568,A18,B26,C32,PCS,471,9.14,D,C05,3.40242,4304.94,14647.21
43096,L15,13568,A18,B26,C32,PCS,738,9.14,D,C05,3.40242,6745.32,22950.41
43096,L15,13568,A18,B26,C32,PCS,724,9.14,D,C05,3.40242,6617.36,22515.04
43096,L15,13568,A18,B26,C32,PCS,977,9.14,D,C05,3.40242,8929.78,30382.86
43096,L15,13568,A18,B26,C32,PCS,168,9.14,D,C05,3.40242,1535.52,5224.48
43096,L15,13568,A18,B26,C32,PCS,355,9.14,D,C05,3.40242,3244.7,11039.83
43088,L15,13689,A12,B30,C30,PCS,570,7.77,C,C08,1.496196,4428.9,6626.5
43088,L15,13689,A12,B30,C30,PCS,871,7.77,C,C08,1.496196,6767.67,10125.76
43088,L15,13689,A12,B30,C30,PCS,216,7.77,C,C08,1.496196,1678.32,2511.1
43088,L15,13689,A12,B30,C30,PCS,49,7.77,C,C08,1.496196,380.73,569.65
43088,L15,13689,A12,B30,C30,PCS,827,7.77,C,C08,1.496196,6425.79,9614.24
43088,L15,13689,A12,B30,C30,PCS,379,7.77,C,C08,1.496196,2944.83,4406.04
43088,L15,13689,A12,B30,C30,PCS,762,7.77,C,C08,1.496196,5920.74,8858.59
43088,L15,13689,A12,B30,C30,PCS,240,7.77,C,C08,1.496196,1864.8,2790.11
43088,L15,13689,A12,B30,C30,PCS,362,7.77,C,C08,1.496196,2812.74,4208.41
43088,L15,13689,A12,B30,C30,PCS,970,7.77,C,C08,1.496196,7536.9,11276.68
43086,L15,13691,A12,B22,C35,PCS,693,2.26,D,C06,3.547054,1566.18,5555.33
43086,L15,13691,A12,B22,C35,PCS,810,2.26,D,C06,3.547054,1830.6,6493.24
43086,L15,13691,A12,B22,C35,PCS,237,2.26,D,C06,3.547054,535.62,1899.87
43086,L15,13691,A12,B22,C35,PCS,233,2.26,D,C06,3.547054,526.58,1867.81
43086,L15,13691,A12,B22,C35,PCS,852,2.26,D,C06,3.547054,1925.52,6829.92
43086,L15,13691,A12,B22,C35,PCS,545,2.26,D,C06,3.547054,1231.7,4368.91
43086,L15,13691,A12,B22,C35,PCS,170,2.26,D,C06,3.547054,384.2,1362.78
43086,L15,13691,A12,B22,C35,PCS,102,2.26,D,C06,3.547054,230.52,817.67
43086,L15,13691,A12,B22,C35,PCS,723,2.26,D,C06,3.547054,1633.98,5795.82
43086,L15,13691,A12,B22,C35,PCS,711,2.26,D,C06,3.547054,1606.86,5699.62
43074,L15,13827,A15,B26,C30,PCS,2,9.44,D,C04,5.388146,18.88,101.73
43074,L15,13827,A15,B26,C30,PCS,895,9.44,D,C04,5.388146,8448.8,45523.37
43074,L15,13827,A15,B26,C30,PCS,512,9.44,D,C04,5.388146,4833.28,26042.42
43074,L15,13827,A15,B26,C30,PCS,119,9.44,D,C04,5.388146,1123.36,6052.83
43074,L15,13827,A15,B26,C30,PCS,109,9.44,D,C04,5.388146,1028.96,5544.19
43074,L15,13827,A15,B26,C30,PCS,553,9.44,D,C04,5.388146,5220.32,28127.85
43074,L15,13827,A15,B26,C30,PCS,834,9.44,D,C04,5.388146,7872.96,42420.66
43074,L15,13827,A15,B26,C30,PCS,18,9.44,D,C04,5.388146,169.92,915.55
43074,L15,13827,A15,B26,C30,PCS,620,9.44,D,C04,5.388146,5852.8,31535.74
43074,L15,13827,A15,B26,C30,PCS,577,9.44,D,C04,5.388146,5446.88,29348.58
43089,L15,13964,A14,B25,C39,PCS,294,6.76,C,C09,1.199464,1987.44,2383.86
43089,L15,13964,A14,B25,C39,PCS,356,6.76,C,C09,1.199464,2406.56,2886.58
43089,L15,13964,A14,B25,C39,PCS,612,6.76,C,C09,1.199464,4137.12,4962.33
43089,L15,13964,A14,B25,C39,PCS,243,6.76,C,C09,1.199464,1642.68,1970.34
43089,L15,13964,A14,B25,C39,PCS,342,6.76,C,C09,1.199464,2311.92,2773.06
43089,L15,13964,A14,B25,C39,PCS,450,6.76,C,C09,1.199464,3042,3648.77
43089,L15,13964,A14,B25,C39,PCS,744,6.76,C,C09,1.199464,5029.44,6032.63
43089,L15,13964,A14,B25,C39,PCS,463,6.76,C,C09,1.199464,3129.88,3754.18
43089,L15,13964,A14,B25,C39,PCS,203,6.76,C,C09,1.199464,1372.28,1646
43089,L15,13964,A14,B25,C39,PCS,445,6.76,C,C09,1.199464,3008.2,3608.23
43070,L15,13982,A16,B27,C34,PCS,698,3.47,D,C02,9.912483,2422.06,24008.63
43070,L15,13982,A16,B27,C34,PCS,20,3.47,D,C02,9.912483,69.4,687.93
43070,L15,13982,A16,B27,C34,PCS,353,3.47,D,C02,9.912483,1224.91,12141.9
43070,L15,13982,A16,B27,C34,PCS,74,3.47,D,C02,9.912483,256.78,2545.33
43070,L15,13982,A16,B27,C34,PCS,785,3.47,D,C02,9.912483,2723.95,27001.11
43070,L15,13982,A16,B27,C34,PCS,851,3.47,D,C02,9.912483,2952.97,29271.26
43070,L15,13982,A16,B27,C34,PCS,368,3.47,D,C02,9.912483,1276.96,12657.84
43070,L15,13982,A16,B27,C34,PCS,158,3.47,D,C02,9.912483,548.26,5434.62
43070,L15,13982,A16,B27,C34,PCS,460,3.47,D,C02,9.912483,1596.2,15822.31
43070,L15,13982,A16,B27,C34,PCS,459,3.47,D,C02,9.912483,1592.73,15787.91
43100,L15,14018,A19,B29,C39,PCS,734,5.44,C,C02,9.912483,3992.96,39580.15
43100,L15,14018,A19,B29,C39,PCS,339,5.44,C,C02,9.912483,1844.16,18280.2
43100,L15,14018,A19,B29,C39,PCS,77,5.44,C,C02,9.912483,418.88,4152.14
43100,L15,14018,A19,B29,C39,PCS,830,5.44,C,C02,9.912483,4515.2,44756.84
43100,L15,14018,A19,B29,C39,PCS,101,5.44,C,C02,9.912483,549.44,5446.31
43100,L15,14018,A19,B29,C39,PCS,451,5.44,C,C02,9.912483,2453.44,24319.68
43100,L15,14018,A19,B29,C39,PCS,402,5.44,C,C02,9.912483,2186.88,21677.41
43100,L15,14018,A19,B29,C39,PCS,135,5.44,C,C02,9.912483,734.4,7279.73
43100,L15,14018,A19,B29,C39,PCS,232,5.44,C,C02,9.912483,1262.08,12510.35
43100,L15,14018,A19,B29,C39,PCS,168,5.44,C,C02,9.912483,913.92,9059.22
43100,L15,14040,A18,B30,C33,PCS,294,5.37,D,C02,9.912483,1578.78,15649.63
43100,L15,14040,A18,B30,C33,PCS,153,5.37,D,C02,9.912483,821.61,8144.2
43100,L15,14040,A18,B30,C33,PCS,115,5.37,D,C02,9.912483,617.55,6121.45
43100,L15,14040,A18,B30,C33,PCS,728,5.37,D,C02,9.912483,3909.36,38751.46
43100,L15,14040,A18,B30,C33,PCS,674,5.37,D,C02,9.912483,3619.38,35877.04
43100,L15,14040,A18,B30,C33,PCS,359,5.37,D,C02,9.912483,1927.83,19109.58
43100,L15,14040,A18,B30,C33,PCS,38,5.37,D,C02,9.912483,204.06,2022.74
43100,L15,14040,A18,B30,C33,PCS,613,5.37,D,C02,9.912483,3291.81,32630.01
43100,L15,14040,A18,B30,C33,PCS,353,5.37,D,C02,9.912483,1895.61,18790.2
43100,L15,14040,A18,B30,C33,PCS,116,5.37,D,C02,9.912483,622.92,6174.68
43074,L15,14148,A20,B23,C36,PCS,3,9.44,D,C04,5.388146,28.32,152.59
43074,L15,14148,A20,B23,C36,PCS,686,9.44,D,C04,5.388146,6475.84,34892.77
43074,L15,14148,A20,B23,C36,PCS,530,9.44,D,C04,5.388146,5003.2,26957.97
43074,L15,14148,A20,B23,C36,PCS,3,9.44,D,C04,5.388146,28.32,152.59
43074,L15,14148,A20,B23,C36,PCS,587,9.44,D,C04,5.388146,5541.28,29857.23
43074,L15,14148,A20,B23,C36,PCS,953,9.44,D,C04,5.388146,8996.32,48473.49
43074,L15,14148,A20,B23,C36,PCS,58,9.44,D,C04,5.388146,547.52,2950.12
43074,L15,14148,A20,B23,C36,PCS,913,9.44,D,C04,5.388146,8618.72,46438.92
43074,L15,14148,A20,B23,C36,PCS,865,9.44,D,C04,5.388146,8165.6,43997.44
43074,L15,14148,A20,B23,C36,PCS,682,9.44,D,C04,5.388146,6438.08,34689.31
43100,L15,14174,A16,B21,C35,PCS,507,5.37,C,C02,9.912483,2722.59,26987.63
43100,L15,14174,A16,B21,C35,PCS,542,5.37,C,C02,9.912483,2910.54,28850.68
43100,L15,14174,A16,B21,C35,PCS,811,5.37,C,C02,9.912483,4355.07,43169.56
43100,L15,14174,A16,B21,C35,PCS,90,5.37,C,C02,9.912483,483.3,4790.7
43100,L15,14174,A16,B21,C35,PCS,889,5.37,C,C02,9.912483,4773.93,47321.5
43100,L15,14174,A16,B21,C35,PCS,589,5.37,C,C02,9.912483,3162.93,31352.49
43100,L15,14174,A16,B21,C35,PCS,181,5.37,C,C02,9.912483,971.97,9634.64
43100,L15,14174,A16,B21,C35,PCS,798,5.37,C,C02,9.912483,4285.26,42477.57
43100,L15,14174,A16,B21,C35,PCS,505,5.37,C,C02,9.912483,2711.85,26881.17
43100,L15,14174,A16,B21,C35,PCS,580,5.37,C,C02,9.912483,3114.6,30873.42
43098,L15,14235,A10,B28,C40,PCS,385,5.27,C,C08,1.496196,2028.95,3035.71
43098,L15,14235,A10,B28,C40,PCS,502,5.27,C,C08,1.496196,2645.54,3958.25
43098,L15,14235,A10,B28,C40,PCS,290,5.27,C,C08,1.496196,1528.3,2286.64
43098,L15,14235,A10,B28,C40,PCS,917,5.27,C,C08,1.496196,4832.59,7230.5
43098,L15,14235,A10,B28,C40,PCS,177,5.27,C,C08,1.496196,932.79,1395.64
43098,L15,14235,A10,B28,C40,PCS,578,5.27,C,C08,1.496196,3046.06,4557.5
43098,L15,14235,A10,B28,C40,PCS,307,5.27,C,C08,1.496196,1617.89,2420.68
43098,L15,14235,A10,B28,C40,PCS,421,5.27,C,C08,1.496196,2218.67,3319.57
43098,L15,14235,A10,B28,C40,PCS,378,5.27,C,C08,1.496196,1992.06,2980.51
43098,L15,14235,A10,B28,C40,PCS,958,5.27,C,C08,1.496196,5048.66,7553.78
43097,L15,14317,A12,B26,C31,PCS,93,9.62,D,C07,1.358577,894.66,1215.46
43097,L15,14317,A12,B26,C31,PCS,815,9.62,D,C07,1.358577,7840.3,10651.65
43097,L15,14317,A12,B26,C31,PCS,846,9.62,D,C07,1.358577,8138.52,11056.81
43097,L15,14317,A12,B26,C31,PCS,464,9.62,D,C07,1.358577,4463.68,6064.25
43097,L15,14317,A12,B26,C31,PCS,270,9.62,D,C07,1.358577,2597.4,3528.77
43097,L15,14317,A12,B26,C31,PCS,688,9.62,D,C07,1.358577,6618.56,8991.82
43097,L15,14317,A12,B26,C31,PCS,323,9.62,D,C07,1.358577,3107.26,4221.45
43097,L15,14317,A12,B26,C31,PCS,735,9.62,D,C07,1.358577,7070.7,9606.09
43097,L15,14317,A12,B26,C31,PCS,150,9.62,D,C07,1.358577,1443,1960.43
43097,L15,14317,A12,B26,C31,PCS,543,9.62,D,C07,1.358577,5223.66,7096.74
43080,L15,14365,A18,B25,C40,PCS,351,4.19,D,C10,8.657656,1470.69,12732.73
43080,L15,14365,A18,B25,C40,PCS,163,4.19,D,C10,8.657656,682.97,5912.92
43080,L15,14365,A18,B25,C40,PCS,460,4.19,D,C10,8.657656,1927.4,16686.77
43080,L15,14365,A18,B25,C40,PCS,771,4.19,D,C10,8.657656,3230.49,27968.47
43080,L15,14365,A18,B25,C40,PCS,259,4.19,D,C10,8.657656,1085.21,9395.37
43080,L15,14365,A18,B25,C40,PCS,95,4.19,D,C10,8.657656,398.05,3446.18
43080,L15,14365,A18,B25,C40,PCS,237,4.19,D,C10,8.657656,993.03,8597.31
43080,L15,14365,A18,B25,C40,PCS,328,4.19,D,C10,8.657656,1374.32,11898.39
43080,L15,14365,A18,B25,C40,PCS,136,4.19,D,C10,8.657656,569.84,4933.48
43080,L15,14365,A18,B25,C40,PCS,10,4.19,D,C10,8.657656,41.9,362.76
43096,L15,14404,A17,B25,C32,PCS,182,9.14,D,C05,3.40242,1663.48,5659.86
43096,L15,14404,A17,B25,C32,PCS,480,9.14,D,C05,3.40242,4387.2,14927.1
43096,L15,14404,A17,B25,C32,PCS,741,9.14,D,C05,3.40242,6772.74,23043.71
43096,L15,14404,A17,B25,C32,PCS,894,9.14,D,C05,3.40242,8171.16,27801.72
43096,L15,14404,A17,B25,C32,PCS,205,9.14,D,C05,3.40242,1873.7,6375.11
43096,L15,14404,A17,B25,C32,PCS,61,9.14,D,C05,3.40242,557.54,1896.99
43096,L15,14404,A17,B25,C32,PCS,224,9.14,D,C05,3.40242,2047.36,6965.98
43096,L15,14404,A17,B25,C32,PCS,498,9.14,D,C05,3.40242,4551.72,15486.86
43096,L15,14404,A17,B25,C32,PCS,341,9.14,D,C05,3.40242,3116.74,10604.46
43096,L15,14404,A17,B25,C32,PCS,249,9.14,D,C05,3.40242,2275.86,7743.43
43089,L15,14452,A15,B26,C40,PCS,518,4.92,D,C07,1.358577,2548.56,3462.41
43089,L15,14452,A15,B26,C40,PCS,654,4.92,D,C07,1.358577,3217.68,4371.47
43089,L15,14452,A15,B26,C40,PCS,476,4.92,D,C07,1.358577,2341.92,3181.68
43089,L15,14452,A15,B26,C40,PCS,335,4.92,D,C07,1.358577,1648.2,2239.21
43089,L15,14452,A15,B26,C40,PCS,304,4.92,D,C07,1.358577,1495.68,2032
43089,L15,14452,A15,B26,C40,PCS,957,4.92,D,C07,1.358577,4708.44,6396.78
43089,L15,14452,A15,B26,C40,PCS,318,4.92,D,C07,1.358577,1564.56,2125.58
43089,L15,14452,A15,B26,C40,PCS,764,4.92,D,C07,1.358577,3758.88,5106.73
43089,L15,14452,A15,B26,C40,PCS,718,4.92,D,C07,1.358577,3532.56,4799.25
43089,L15,14452,A15,B26,C40,PCS,875,4.92,D,C07,1.358577,4305,5848.67
43073,L15,14547,A20,B30,C30,PCS,186,7.86,C,C07,1.358577,1461.96,1986.19
43073,L15,14547,A20,B30,C30,PCS,10,7.86,C,C07,1.358577,78.6,106.78
43073,L15,14547,A20,B30,C30,PCS,360,7.86,C,C07,1.358577,2829.6,3844.23
43073,L15,14547,A20,B30,C30,PCS,294,7.86,C,C07,1.358577,2310.84,3139.45
43073,L15,14547,A20,B30,C30,PCS,932,7.86,C,C07,1.358577,7325.52,9952.28
43073,L15,14547,A20,B30,C30,PCS,254,7.86,C,C07,1.358577,1996.44,2712.32
43073,L15,14547,A20,B30,C30,PCS,30,7.86,C,C07,1.358577,235.8,320.35
43073,L15,14547,A20,B30,C30,PCS,783,7.86,C,C07,1.358577,6154.38,8361.2
43073,L15,14547,A20,B30,C30,PCS,973,7.86,C,C07,1.358577,7647.78,10390.1
43073,L15,14547,A20,B30,C30,PCS,304,7.86,C,C07,1.358577,2389.44,3246.24
43095,L15,14581,A10,B28,C37,PCS,706,6.65,C,C03,7.133317,4694.9,33490.21
43095,L15,14581,A10,B28,C37,PCS,692,6.65,C,C03,7.133317,4601.8,32826.1
43095,L15,14581,A10,B28,C37,PCS,597,6.65,C,C03,7.133317,3970.05,28319.63
43095,L15,14581,A10,B28,C37,PCS,373,6.65,C,C03,7.133317,2480.45,17693.84
43095,L15,14581,A10,B28,C37,PCS,496,6.65,C,C03,7.133317,3298.4,23528.53
43095,L15,14581,A10,B28,C37,PCS,418,6.65,C,C03,7.133317,2779.7,19828.48
43095,L15,14581,A10,B28,C37,PCS,871,6.65,C,C03,7.133317,5792.15,41317.24
43095,L15,14581,A10,B28,C37,PCS,372,6.65,C,C03,7.133317,2473.8,17646.4
43095,L15,14581,A10,B28,C37,PCS,667,6.65,C,C03,7.133317,4435.55,31640.18
43095,L15,14581,A10,B28,C37,PCS,393,6.65,C,C03,7.133317,2613.45,18642.57
43081,L15,14801,A14,B30,C37,PCS,682,2.5,C,C07,1.358577,1705,2316.37
43081,L15,14801,A14,B30,C37,PCS,646,2.5,C,C07,1.358577,1615,2194.1
43081,L15,14801,A14,B30,C37,PCS,52,2.5,C,C07,1.358577,130,176.62
43081,L15,14801,A14,B30,C37,PCS,53,2.5,C,C07,1.358577,132.5,180.01
43081,L15,14801,A14,B30,C37,PCS,205,2.5,C,C07,1.358577,512.5,696.27
43081,L15,14801,A14,B30,C37,PCS,300,2.5,C,C07,1.358577,750,1018.93
43081,L15,14801,A14,B30,C37,PCS,83,2.5,C,C07,1.358577,207.5,281.9
43081,L15,14801,A14,B30,C37,PCS,601,2.5,C,C07,1.358577,1502.5,2041.26
43081,L15,14801,A14,B30,C37,PCS,281,2.5,C,C07,1.358577,702.5,954.4
43081,L15,14801,A14,B30,C37,PCS,516,2.5,C,C07,1.358577,1290,1752.56
43075,L15,14871,A10,B21,C32,PCS,879,3.22,D,C10,8.657656,2830.38,24504.46
43075,L15,14871,A10,B21,C32,PCS,576,3.22,D,C10,8.657656,1854.72,16057.53
43075,L15,14871,A10,B21,C32,PCS,952,3.22,D,C10,8.657656,3065.44,26539.53
43075,L15,14871,A10,B21,C32,PCS,252,3.22,D,C10,8.657656,811.44,7025.17
43075,L15,14871,A10,B21,C32,PCS,707,3.22,D,C10,8.657656,2276.54,19709.5
43075,L15,14871,A10,B21,C32,PCS,657,3.22,D,C10,8.657656,2115.54,18315.62
43075,L15,14871,A10,B21,C32,PCS,961,3.22,D,C10,8.657656,3094.42,26790.42
43075,L15,14871,A10,B21,C32,PCS,390,3.22,D,C10,8.657656,1255.8,10872.28
43075,L15,14871,A10,B21,C32,PCS,386,3.22,D,C10,8.657656,1242.92,10760.77
43075,L15,14871,A10,B21,C32,PCS,474,3.22,D,C10,8.657656,1526.28,13214.01
43098,L15,14941,A13,B20,C35,PCS,156,7.74,C,C04,5.388146,1207.44,6505.86
43098,L15,14941,A13,B20,C35,PCS,779,7.74,C,C04,5.388146,6029.46,32487.61
43098,L15,14941,A13,B20,C35,PCS,732,7.74,C,C04,5.388146,5665.68,30527.51
43098,L15,14941,A13,B20,C35,PCS,997,7.74,C,C04,5.388146,7716.78,41579.14
43098,L15,14941,A13,B20,C35,PCS,194,7.74,C,C04,5.388146,1501.56,8090.62
43098,L15,14941,A13,B20,C35,PCS,592,7.74,C,C04,5.388146,4582.08,24688.92
43098,L15,14941,A13,B20,C35,PCS,200,7.74,C,C04,5.388146,1548,8340.85
43098,L15,14941,A13,B20,C35,PCS,364,7.74,C,C04,5.388146,2817.36,15180.35
43098,L15,14941,A13,B20,C35,PCS,845,7.74,C,C04,5.388146,6540.3,35240.09
43098,L15,14941,A13,B20,C35,PCS,532,7.74,C,C04,5.388146,4117.68,22186.66
43084,L15,14947,A17,B23,C39,PCS,469,6.68,D,C08,1.496196,3132.92,4687.46
43084,L15,14947,A17,B23,C39,PCS,272,6.68,D,C08,1.496196,1816.96,2718.53
43084,L15,14947,A17,B23,C39,PCS,678,6.68,D,C08,1.496196,4529.04,6776.33
43084,L15,14947,A17,B23,C39,PCS,34,6.68,D,C08,1.496196,227.12,339.82
43084,L15,14947,A17,B23,C39,PCS,60,6.68,D,C08,1.496196,400.8,599.68
43084,L15,14947,A17,B23,C39,PCS,852,6.68,D,C08,1.496196,5691.36,8515.39
43084,L15,14947,A17,B23,C39,PCS,263,6.68,D,C08,1.496196,1756.84,2628.58
43084,L15,14947,A17,B23,C39,PCS,711,6.68,D,C08,1.496196,4749.48,7106.15
43084,L15,14947,A17,B23,C39,PCS,479,6.68,D,C08,1.496196,3199.72,4787.41
43084,L15,14947,A17,B23,C39,PCS,578,6.68,D,C08,1.496196,3861.04,5776.87
43079,L15,14956,A19,B29,C39,PCS,58,2.25,C,C10,8.657656,130.5,1129.82
43079,L15,14956,A19,B29,C39,PCS,852,2.25,C,C10,8.657656,1917,16596.73
43079,L15,14956,A19,B29,C39,PCS,19,2.25,C,C10,8.657656,42.75,370.11
43079,L15,14956,A19,B29,C39,PCS,90,2.25,C,C10,8.657656,202.5,1753.18
43079,L15,14956,A19,B29,C39,PCS,798,2.25,C,C10,8.657656,1795.5,15544.82
43079,L15,14956,A19,B29,C39,PCS,334,2.25,C,C10,8.657656,751.5,6506.23
43079,L15,14956,A19,B29,C39,PCS,403,2.25,C,C10,8.657656,906.75,7850.33
43079,L15,14956,A19,B29,C39,PCS,730,2.25,C,C10,8.657656,1642.5,14220.2
43079,L15,14956,A19,B29,C39,PCS,529,2.25,C,C10,8.657656,1190.25,10304.78
43079,L15,14956,A19,B29,C39,PCS,770,2.25,C,C10,8.657656,1732.5,14999.39
43073,L15,15148,A12,B27,C30,PCS,38,6.34,D,C01,6.825646,240.92,1644.43
43073,L15,15148,A12,B27,C30,PCS,426,6.34,D,C01,6.825646,2700.84,18434.98
43073,L15,15148,A12,B27,C30,PCS,162,6.34,D,C01,6.825646,1027.08,7010.48
43073,L15,15148,A12,B27,C30,PCS,714,6.34,D,C01,6.825646,4526.76,30898.06
43073,L15,15148,A12,B27,C30,PCS,678,6.34,D,C01,6.825646,4298.52,29340.18
43073,L15,15148,A12,B27,C30,PCS,834,6.34,D,C01,6.825646,5287.56,36091.01
43073,L15,15148,A12,B27,C30,PCS,522,6.34,D,C01,6.825646,3309.48,22589.34
43073,L15,15148,A12,B27,C30,PCS,112,6.34,D,C01,6.825646,710.08,4846.75
43073,L15,15148,A12,B27,C30,PCS,442,6.34,D,C01,6.825646,2802.28,19127.37
43073,L15,15148,A12,B27,C30,PCS,748,6.34,D,C01,6.825646,4742.32,32369.4
43080,L15,15174,A15,B30,C36,PCS,125,4.19,D,C10,8.657656,523.75,4534.45
43080,L15,15174,A15,B30,C36,PCS,768,4.19,D,C10,8.657656,3217.92,27859.64
43080,L15,15174,A15,B30,C36,PCS,181,4.19,D,C10,8.657656,758.39,6565.88
43080,L15,15174,A15,B30,C36,PCS,80,4.19,D,C10,8.657656,335.2,2902.05
43080,L15,15174,A15,B30,C36,PCS,228,4.19,D,C10,8.657656,955.32,8270.83
43080,L15,15174,A15,B30,C36,PCS,597,4.19,D,C10,8.657656,2501.43,21656.52
43080,L15,15174,A15,B30,C36,PCS,694,4.19,D,C10,8.657656,2907.86,25175.25
43080,L15,15174,A15,B30,C36,PCS,54,4.19,D,C10,8.657656,226.26,1958.88
43080,L15,15174,A15,B30,C36,PCS,429,4.19,D,C10,8.657656,1797.51,15562.22
43080,L15,15174,A15,B30,C36,PCS,928,4.19,D,C10,8.657656,3888.32,33663.74
43089,L15,15565,A17,B26,C31,PCS,352,4.92,C,C07,1.358577,1731.84,2352.84
43089,L15,15565,A17,B26,C31,PCS,991,4.92,C,C07,1.358577,4875.72,6624.04
43089,L15,15565,A17,B26,C31,PCS,115,4.92,C,C07,1.358577,565.8,768.68
43089,L15,15565,A17,B26,C31,PCS,535,4.92,C,C07,1.358577,2632.2,3576.05
43089,L15,15565,A17,B26,C31,PCS,869,4.92,C,C07,1.358577,4275.48,5808.57
43089,L15,15565,A17,B26,C31,PCS,698,4.92,C,C07,1.358577,3434.16,4665.57
43089,L15,15565,A17,B26,C31,PCS,586,4.92,C,C07,1.358577,2883.12,3916.94
43089,L15,15565,A17,B26,C31,PCS,57,4.92,C,C07,1.358577,280.44,381
43089,L15,15565,A17,B26,C31,PCS,905,4.92,C,C07,1.358577,4452.6,6049.2
43089,L15,15565,A17,B26,C31,PCS,392,4.92,C,C07,1.358577,1928.64,2620.21
43088,L15,15585,A14,B24,C31,PCS,927,9.56,C,C04,5.388146,8862.12,47750.4
43088,L15,15585,A14,B24,C31,PCS,770,9.56,C,C04,5.388146,7361.2,39663.22
43088,L15,15585,A14,B24,C31,PCS,595,9.56,C,C04,5.388146,5688.2,30648.85
43088,L15,15585,A14,B24,C31,PCS,170,9.56,C,C04,5.388146,1625.2,8756.81
43088,L15,15585,A14,B24,C31,PCS,873,9.56,C,C04,5.388146,8345.88,44968.82
43088,L15,15585,A14,B24,C31,PCS,789,9.56,C,C04,5.388146,7542.84,40641.92
43088,L15,15585,A14,B24,C31,PCS,167,9.56,C,C04,5.388146,1596.52,8602.28
43088,L15,15585,A14,B24,C31,PCS,381,9.56,C,C04,5.388146,3642.36,19625.57
43088,L15,15585,A14,B24,C31,PCS,89,9.56,C,C04,5.388146,850.84,4584.45
43088,L15,15585,A14,B24,C31,PCS,832,9.56,C,C04,5.388146,7953.92,42856.88
43073,L15,15679,A17,B24,C36,PCS,727,5.46,C,C04,5.388146,3969.42,21387.81
43073,L15,15679,A17,B24,C36,PCS,19,5.46,C,C04,5.388146,103.74,558.97
43073,L15,15679,A17,B24,C36,PCS,344,5.46,C,C04,5.388146,1878.24,10120.23
43073,L15,15679,A17,B24,C36,PCS,891,5.46,C,C04,5.388146,4864.86,26212.58
43073,L15,15679,A17,B24,C36,PCS,724,5.46,C,C04,5.388146,3953.04,21299.56
43073,L15,15679,A17,B24,C36,PCS,961,5.46,C,C04,5.388146,5247.06,28271.93
43073,L15,15679,A17,B24,C36,PCS,355,5.46,C,C04,5.388146,1938.3,10443.84
43073,L15,15679,A17,B24,C36,PCS,557,5.46,C,C04,5.388146,3041.22,16386.54
43073,L15,15679,A17,B24,C36,PCS,126,5.46,C,C04,5.388146,687.96,3706.83
43073,L15,15679,A17,B24,C36,PCS,323,5.46,C,C04,5.388146,1763.58,9502.43
43076,L15,15776,A19,B21,C35,PCS,307,4.59,C,C06,3.547054,1409.13,4998.26
43076,L15,15776,A19,B21,C35,PCS,92,4.59,C,C06,3.547054,422.28,1497.85
43076,L15,15776,A19,B21,C35,PCS,421,4.59,C,C06,3.547054,1932.39,6854.29
43076,L15,15776,A19,B21,C35,PCS,834,4.59,C,C06,3.547054,3828.06,13578.34
43076,L15,15776,A19,B21,C35,PCS,161,4.59,C,C06,3.547054,738.99,2621.24
43076,L15,15776,A19,B21,C35,PCS,61,4.59,C,C06,3.547054,279.99,993.14
43076,L15,15776,A19,B21,C35,PCS,383,4.59,C,C06,3.547054,1757.97,6235.61
43076,L15,15776,A19,B21,C35,PCS,532,4.59,C,C06,3.547054,2441.88,8661.48
43076,L15,15776,A19,B21,C35,PCS,554,4.59,C,C06,3.547054,2542.86,9019.66
43076,L15,15776,A19,B21,C35,PCS,71,4.59,C,C06,3.547054,325.89,1155.95
43100,L15,15812,A19,B26,C37,PCS,627,5.37,C,C02,9.912483,3366.99,33375.23
43100,L15,15812,A19,B26,C37,PCS,405,5.37,C,C02,9.912483,2174.85,21558.16
43100,L15,15812,A19,B26,C37,PCS,360,5.37,C,C02,9.912483,1933.2,19162.81
43100,L15,15812,A19,B26,C37,PCS,358,5.37,C,C02,9.912483,1922.46,19056.35
43100,L15,15812,A19,B26,C37,PCS,199,5.37,C,C02,9.912483,1068.63,10592.78
43100,L15,15812,A19,B26,C37,PCS,627,5.37,C,C02,9.912483,3366.99,33375.23
43100,L15,15812,A19,B26,C37,PCS,955,5.37,C,C02,9.912483,5128.35,50834.68
43100,L15,15812,A19,B26,C37,PCS,732,5.37,C,C02,9.912483,3930.84,38964.38
43100,L15,15812,A19,B26,C37,PCS,975,5.37,C,C02,9.912483,5235.75,51899.28
43100,L15,15812,A19,B26,C37,PCS,64,5.37,C,C02,9.912483,343.68,3406.72
43083,L15,15933,A12,B22,C35,PCS,936,1.59,D,C04,5.388146,1488.24,8018.85
43083,L15,15933,A12,B22,C35,PCS,66,1.59,D,C04,5.388146,104.94,565.43
43083,L15,15933,A12,B22,C35,PCS,433,1.59,D,C04,5.388146,688.47,3709.58
43083,L15,15933,A12,B22,C35,PCS,824,1.59,D,C04,5.388146,1310.16,7059.33
43083,L15,15933,A12,B22,C35,PCS,370,1.59,D,C04,5.388146,588.3,3169.85
43083,L15,15933,A12,B22,C35,PCS,762,1.59,D,C04,5.388146,1211.58,6528.17
43083,L15,15933,A12,B22,C35,PCS,514,1.59,D,C04,5.388146,817.26,4403.52
43083,L15,15933,A12,B22,C35,PCS,536,1.59,D,C04,5.388146,852.24,4591.99
43083,L15,15933,A12,B22,C35,PCS,272,1.59,D,C04,5.388146,432.48,2330.27
43083,L15,15933,A12,B22,C35,PCS,368,1.59,D,C04,5.388146,585.12,3152.71
43096,L15,16006,A10,B30,C35,PCS,598,9.86,D,C09,1.199464,5896.28,7072.38
43096,L15,16006,A10,B30,C35,PCS,918,9.86,D,C09,1.199464,9051.48,10856.92
43096,L15,16006,A10,B30,C35,PCS,100,9.86,D,C09,1.199464,986,1182.67
43096,L15,16006,A10,B30,C35,PCS,352,9.86,D,C09,1.199464,3470.72,4163
43096,L15,16006,A10,B30,C35,PCS,642,9.86,D,C09,1.199464,6330.12,7592.75
43096,L15,16006,A10,B30,C35,PCS,114,9.86,D,C09,1.199464,1124.04,1348.25
43096,L15,16006,A10,B30,C35,PCS,833,9.86,D,C09,1.199464,8213.38,9851.65
43096,L15,16006,A10,B30,C35,PCS,564,9.86,D,C09,1.199464,5561.04,6670.27
43096,L15,16006,A10,B30,C35,PCS,705,9.86,D,C09,1.199464,6951.3,8337.83
43096,L15,16006,A10,B30,C35,PCS,807,9.86,D,C09,1.199464,7957.02,9544.16
43092,L15,16295,A16,B20,C31,PCS,881,7.46,C,C06,3.547054,6572.26,23312.16
43092,L15,16295,A16,B20,C31,PCS,394,7.46,C,C06,3.547054,2939.24,10425.64
43092,L15,16295,A16,B20,C31,PCS,949,7.46,C,C06,3.547054,7079.54,25111.51
43092,L15,16295,A16,B20,C31,PCS,200,7.46,C,C06,3.547054,1492,5292.2
43092,L15,16295,A16,B20,C31,PCS,196,7.46,C,C06,3.547054,1462.16,5186.36
43092,L15,16295,A16,B20,C31,PCS,905,7.46,C,C06,3.547054,6751.3,23947.23
43092,L15,16295,A16,B20,C31,PCS,865,7.46,C,C06,3.547054,6452.9,22888.78
43092,L15,16295,A16,B20,C31,PCS,734,7.46,C,C06,3.547054,5475.64,19422.39
43092,L15,16295,A16,B20,C31,PCS,447,7.46,C,C06,3.547054,3334.62,11828.08
43092,L15,16295,A16,B20,C31,PCS,568,7.46,C,C06,3.547054,4237.28,15029.86
43097,L15,16326,A15,B23,C34,PCS,668,9.62,C,C07,1.358577,6426.16,8730.43
43097,L15,16326,A15,B23,C34,PCS,195,9.62,C,C07,1.358577,1875.9,2548.55
43097,L15,16326,A15,B23,C34,PCS,190,9.62,C,C07,1.358577,1827.8,2483.21
43097,L15,16326,A15,B23,C34,PCS,566,9.62,C,C07,1.358577,5444.92,7397.34
43097,L15,16326,A15,B23,C34,PCS,979,9.62,C,C07,1.358577,9417.98,12795.05
43097,L15,16326,A15,B23,C34,PCS,42,9.62,C,C07,1.358577,404.04,548.92
43097,L15,16326,A15,B23,C34,PCS,721,9.62,C,C07,1.358577,6936.02,9423.12
43097,L15,16326,A15,B23,C34,PCS,735,9.62,C,C07,1.358577,7070.7,9606.09
43097,L15,16326,A15,B23,C34,PCS,266,9.62,C,C07,1.358577,2558.92,3476.49
43097,L15,16326,A15,B23,C34,PCS,214,9.62,C,C07,1.358577,2058.68,2796.88
43093,L15,16344,A16,B21,C40,PCS,549,1,D,C09,1.199464,549,658.51
43093,L15,16344,A16,B21,C40,PCS,8,1,D,C09,1.199464,8,9.6
43093,L15,16344,A16,B21,C40,PCS,773,1,D,C09,1.199464,773,927.19
43093,L15,16344,A16,B21,C40,PCS,264,1,D,C09,1.199464,264,316.66
43093,L15,16344,A16,B21,C40,PCS,476,1,D,C09,1.199464,476,570.94
43093,L15,16344,A16,B21,C40,PCS,666,1,D,C09,1.199464,666,798.84
43093,L15,16344,A16,B21,C40,PCS,421,1,D,C09,1.199464,421,504.97
43093,L15,16344,A16,B21,C40,PCS,394,1,D,C09,1.199464,394,472.59
43093,L15,16344,A16,B21,C40,PCS,999,1,D,C09,1.199464,999,1198.26
43093,L15,16344,A16,B21,C40,PCS,652,1,D,C09,1.199464,652,782.05
43081,L15,16385,A10,B22,C30,PCS,985,7.98,D,C09,1.199464,7860.3,9428.15
43081,L15,16385,A10,B22,C30,PCS,954,7.98,D,C09,1.199464,7612.92,9131.42
43081,L15,16385,A10,B22,C30,PCS,119,7.98,D,C09,1.199464,949.62,1139.04
43081,L15,16385,A10,B22,C30,PCS,242,7.98,D,C09,1.199464,1931.16,2316.36
43081,L15,16385,A10,B22,C30,PCS,96,7.98,D,C09,1.199464,766.08,918.89
43081,L15,16385,A10,B22,C30,PCS,359,7.98,D,C09,1.199464,2864.82,3436.25
43081,L15,16385,A10,B22,C30,PCS,277,7.98,D,C09,1.199464,2210.46,2651.37
43081,L15,16385,A10,B22,C30,PCS,238,7.98,D,C09,1.199464,1899.24,2278.07
43081,L15,16385,A10,B22,C30,PCS,101,7.98,D,C09,1.199464,805.98,966.74
43081,L15,16385,A10,B22,C30,PCS,396,7.98,D,C09,1.199464,3160.08,3790.4
43086,L15,16402,A15,B27,C30,PCS,231,9.09,C,C03,7.133317,2099.79,14978.47
43086,L15,16402,A15,B27,C30,PCS,671,9.09,C,C03,7.133317,6099.39,43508.88
43086,L15,16402,A15,B27,C30,PCS,272,9.09,C,C03,7.133317,2472.48,17636.98
43086,L15,16402,A15,B27,C30,PCS,503,9.09,C,C03,7.133317,4572.27,32615.45
43086,L15,16402,A15,B27,C30,PCS,522,9.09,C,C03,7.133317,4744.98,33847.45
43086,L15,16402,A15,B27,C30,PCS,19,9.09,C,C03,7.133317,172.71,1232
43086,L15,16402,A15,B27,C30,PCS,682,9.09,C,C03,7.133317,6199.38,44222.14
43086,L15,16402,A15,B27,C30,PCS,942,9.09,C,C03,7.133317,8562.78,61081.02
43086,L15,16402,A15,B27,C30,PCS,409,9.09,C,C03,7.133317,3717.81,26520.32
43086,L15,16402,A15,B27,C30,PCS,525,9.09,C,C03,7.133317,4772.25,34041.97
43071,L15,16411,A10,B24,C33,PCS,635,6.75,D,C05,3.40242,4286.25,14583.62
43071,L15,16411,A10,B24,C33,PCS,39,6.75,D,C05,3.40242,263.25,895.69
43071,L15,16411,A10,B24,C33,PCS,142,6.75,D,C05,3.40242,958.5,3261.22
43071,L15,16411,A10,B24,C33,PCS,421,6.75,D,C05,3.40242,2841.75,9668.83
43071,L15,16411,A10,B24,C33,PCS,526,6.75,D,C05,3.40242,3550.5,12080.29
43071,L15,16411,A10,B24,C33,PCS,106,6.75,D,C05,3.40242,715.5,2434.43
43071,L15,16411,A10,B24,C33,PCS,260,6.75,D,C05,3.40242,1755,5971.25
43071,L15,16411,A10,B24,C33,PCS,292,6.75,D,C05,3.40242,1971,6706.17
43071,L15,16411,A10,B24,C33,PCS,118,6.75,D,C05,3.40242,796.5,2710.03
43071,L15,16411,A10,B24,C33,PCS,179,6.75,D,C05,3.40242,1208.25,4110.97
43088,L15,16452,A13,B29,C39,PCS,538,7.77,C,C08,1.496196,4180.26,6254.49
43088,L15,16452,A13,B29,C39,PCS,342,7.77,C,C08,1.496196,2657.34,3975.9
43088,L15,16452,A13,B29,C39,PCS,214,7.77,C,C08,1.496196,1662.78,2487.84
43088,L15,16452,A13,B29,C39,PCS,57,7.77,C,C08,1.496196,442.89,662.65
43088,L15,16452,A13,B29,C39,PCS,339,7.77,C,C08,1.496196,2634.03,3941.03
43088,L15,16452,A13,B29,C39,PCS,208,7.77,C,C08,1.496196,1616.16,2418.09
43088,L15,16452,A13,B29,C39,PCS,149,7.77,C,C08,1.496196,1157.73,1732.19
43088,L15,16452,A13,B29,C39,PCS,137,7.77,C,C08,1.496196,1064.49,1592.69
43088,L15,16452,A13,B29,C39,PCS,994,7.77,C,C08,1.496196,7723.38,11555.69
43088,L15,16452,A13,B29,C39,PCS,688,7.77,C,C08,1.496196,5345.76,7998.3
43079,L15,16538,A17,B22,C34,PCS,174,2.44,D,C09,1.199464,424.56,509.24
43079,L15,16538,A17,B22,C34,PCS,56,2.44,D,C09,1.199464,136.64,163.89
43079,L15,16538,A17,B22,C34,PCS,636,2.44,D,C09,1.199464,1551.84,1861.38
43079,L15,16538,A17,B22,C34,PCS,936,2.44,D,C09,1.199464,2283.84,2739.38
43079,L15,16538,A17,B22,C34,PCS,364,2.44,D,C09,1.199464,888.16,1065.32
43079,L15,16538,A17,B22,C34,PCS,302,2.44,D,C09,1.199464,736.88,883.86
43079,L15,16538,A17,B22,C34,PCS,657,2.44,D,C09,1.199464,1603.08,1922.84
43079,L15,16538,A17,B22,C34,PCS,943,2.44,D,C09,1.199464,2300.92,2759.87
43079,L15,16538,A17,B22,C34,PCS,785,2.44,D,C09,1.199464,1915.4,2297.45
43079,L15,16538,A17,B22,C34,PCS,319,2.44,D,C09,1.199464,778.36,933.61
43096,L15,16770,A15,B22,C39,PCS,791,9.86,D,C09,1.199464,7799.26,9354.93
43096,L15,16770,A15,B22,C39,PCS,869,9.86,D,C09,1.199464,8568.34,10277.42
43096,L15,16770,A15,B22,C39,PCS,473,9.86,D,C09,1.199464,4663.78,5594.04
43096,L15,16770,A15,B22,C39,PCS,110,9.86,D,C09,1.199464,1084.6,1300.94
43096,L15,16770,A15,B22,C39,PCS,878,9.86,D,C09,1.199464,8657.08,10383.86
43096,L15,16770,A15,B22,C39,PCS,115,9.86,D,C09,1.199464,1133.9,1360.07
43096,L15,16770,A15,B22,C39,PCS,118,9.86,D,C09,1.199464,1163.48,1395.55
43096,L15,16770,A15,B22,C39,PCS,825,9.86,D,C09,1.199464,8134.5,9757.04
43096,L15,16770,A15,B22,C39,PCS,831,9.86,D,C09,1.199464,8193.66,9828
43096,L15,16770,A15,B22,C39,PCS,302,9.86,D,C09,1.199464,2977.72,3571.67
43082,L15,16835,A14,B28,C33,PCS,335,7.05,C,C10,8.657656,2361.75,20447.22
43082,L15,16835,A14,B28,C33,PCS,679,7.05,C,C10,8.657656,4786.95,41443.77
43082,L15,16835,A14,B28,C33,PCS,945,7.05,C,C10,8.657656,6662.25,57679.47
43082,L15,16835,A14,B28,C33,PCS,491,7.05,C,C10,8.657656,3461.55,29968.91
43082,L15,16835,A14,B28,C33,PCS,991,7.05,C,C10,8.657656,6986.55,60487.15
43082,L15,16835,A14,B28,C33,PCS,99,7.05,C,C10,8.657656,697.95,6042.61
43082,L15,16835,A14,B28,C33,PCS,469,7.05,C,C10,8.657656,3306.45,28626.11
43082,L15,16835,A14,B28,C33,PCS,130,7.05,C,C10,8.657656,916.5,7934.74
43082,L15,16835,A14,B28,C33,PCS,38,7.05,C,C10,8.657656,267.9,2319.39
43082,L15,16835,A14,B28,C33,PCS,805,7.05,C,C10,8.657656,5675.25,49134.36
43075,L15,16854,A20,B21,C38,PCS,974,1.33,C,C10,8.657656,1295.42,11215.3
43075,L15,16854,A20,B21,C38,PCS,181,1.33,C,C10,8.657656,240.73,2084.16
43075,L15,16854,A20,B21,C38,PCS,317,1.33,C,C10,8.657656,421.61,3650.15
43075,L15,16854,A20,B21,C38,PCS,107,1.33,C,C10,8.657656,142.31,1232.07
43075,L15,16854,A20,B21,C38,PCS,68,1.33,C,C10,8.657656,90.44,783
43075,L15,16854,A20,B21,C38,PCS,481,1.33,C,C10,8.657656,639.73,5538.56
43075,L15,16854,A20,B21,C38,PCS,320,1.33,C,C10,8.657656,425.6,3684.7
43075,L15,16854,A20,B21,C38,PCS,199,1.33,C,C10,8.657656,264.67,2291.42
43075,L15,16854,A20,B21,C38,PCS,657,1.33,C,C10,8.657656,873.81,7565.15
43075,L15,16854,A20,B21,C38,PCS,386,1.33,C,C10,8.657656,513.38,4444.67
43094,L15,16873,A12,B24,C32,PCS,961,2.33,C,C03,7.133317,2239.13,15972.42
43094,L15,16873,A12,B24,C32,PCS,551,2.33,C,C03,7.133317,1283.83,9157.97
43094,L15,16873,A12,B24,C32,PCS,619,2.33,C,C03,7.133317,1442.27,10288.17
43094,L15,16873,A12,B24,C32,PCS,811,2.33,C,C03,7.133317,1889.63,13479.33
43094,L15,16873,A12,B24,C32,PCS,576,2.33,C,C03,7.133317,1342.08,9573.48
43094,L15,16873,A12,B24,C32,PCS,376,2.33,C,C03,7.133317,876.08,6249.36
43094,L15,16873,A12,B24,C32,PCS,752,2.33,C,C03,7.133317,1752.16,12498.71
43094,L15,16873,A12,B24,C32,PCS,141,2.33,C,C03,7.133317,328.53,2343.51
43094,L15,16873,A12,B24,C32,PCS,916,2.33,C,C03,7.133317,2134.28,15224.5
43094,L15,16873,A12,B24,C32,PCS,68,2.33,C,C03,7.133317,158.44,1130.2
43070,L15,17009,A11,B25,C34,PCS,480,1.38,C,C08,1.496196,662.4,991.08
43070,L15,17009,A11,B25,C34,PCS,518,1.38,C,C08,1.496196,714.84,1069.54
43070,L15,17009,A11,B25,C34,PCS,570,1.38,C,C08,1.496196,786.6,1176.91
43070,L15,17009,A11,B25,C34,PCS,715,1.38,C,C08,1.496196,986.7,1476.3
43070,L15,17009,A11,B25,C34,PCS,150,1.38,C,C08,1.496196,207,309.71
43070,L15,17009,A11,B25,C34,PCS,903,1.38,C,C08,1.496196,1246.14,1864.47
43070,L15,17009,A11,B25,C34,PCS,859,1.38,C,C08,1.496196,1185.42,1773.62
43070,L15,17009,A11,B25,C34,PCS,80,1.38,C,C08,1.496196,110.4,165.18
43070,L15,17009,A11,B25,C34,PCS,975,1.38,C,C08,1.496196,1345.5,2013.13
43070,L15,17009,A11,B25,C34,PCS,616,1.38,C,C08,1.496196,850.08,1271.89
43090,L15,17141,A11,B29,C32,PCS,295,2.57,C,C10,8.657656,758.15,6563.8
43090,L15,17141,A11,B29,C32,PCS,3,2.57,C,C10,8.657656,7.71,66.75
43090,L15,17141,A11,B29,C32,PCS,725,2.57,C,C10,8.657656,1863.25,16131.38
43090,L15,17141,A11,B29,C32,PCS,404,2.57,C,C10,8.657656,1038.28,8989.07
43090,L15,17141,A11,B29,C32,PCS,402,2.57,C,C10,8.657656,1033.14,8944.57
43090,L15,17141,A11,B29,C32,PCS,28,2.57,C,C10,8.657656,71.96,623
43090,L15,17141,A11,B29,C32,PCS,94,2.57,C,C10,8.657656,241.58,2091.52
43090,L15,17141,A11,B29,C32,PCS,268,2.57,C,C10,8.657656,688.76,5963.05
43090,L15,17141,A11,B29,C32,PCS,738,2.57,C,C10,8.657656,1896.66,16420.63
43090,L15,17141,A11,B29,C32,PCS,928,2.57,C,C10,8.657656,2384.96,20648.16
43073,L15,17259,A10,B30,C40,PCS,84,6.34,C,C01,6.825646,532.56,3635.07
43073,L15,17259,A10,B30,C40,PCS,423,6.34,C,C01,6.825646,2681.82,18305.15
43073,L15,17259,A10,B30,C40,PCS,375,6.34,C,C01,6.825646,2377.5,16227.97
43073,L15,17259,A10,B30,C40,PCS,370,6.34,C,C01,6.825646,2345.8,16011.6
43073,L15,17259,A10,B30,C40,PCS,505,6.34,C,C01,6.825646,3201.7,21853.67
43073,L15,17259,A10,B30,C40,PCS,147,6.34,C,C01,6.825646,931.98,6361.37
43073,L15,17259,A10,B30,C40,PCS,946,6.34,C,C01,6.825646,5997.64,40937.77
43073,L15,17259,A10,B30,C40,PCS,332,6.34,C,C01,6.825646,2104.88,14367.17
43073,L15,17259,A10,B30,C40,PCS,616,6.34,C,C01,6.825646,3905.44,26657.15
43073,L15,17259,A10,B30,C40,PCS,908,6.34,C,C01,6.825646,5756.72,39293.33
43086,L15,17345,A16,B27,C40,PCS,633,5.7,C,C01,6.825646,3608.1,24627.61
43086,L15,17345,A16,B27,C40,PCS,575,5.7,C,C01,6.825646,3277.5,22371.05
43086,L15,17345,A16,B27,C40,PCS,386,5.7,C,C01,6.825646,2200.2,15017.79
43086,L15,17345,A16,B27,C40,PCS,964,5.7,C,C01,6.825646,5494.8,37505.56
43086,L15,17345,A16,B27,C40,PCS,180,5.7,C,C01,6.825646,1026,7003.11
43086,L15,17345,A16,B27,C40,PCS,235,5.7,C,C01,6.825646,1339.5,9142.95
43086,L15,17345,A16,B27,C40,PCS,119,5.7,C,C01,6.825646,678.3,4629.84
43086,L15,17345,A16,B27,C40,PCS,725,5.7,C,C01,6.825646,4132.5,28206.98
43086,L15,17345,A16,B27,C40,PCS,114,5.7,C,C01,6.825646,649.8,4435.3
43086,L15,17345,A16,B27,C40,PCS,163,5.7,C,C01,6.825646,929.1,6341.71
43098,L15,17406,A18,B26,C31,PCS,565,8.83,D,C10,8.657656,4988.95,43192.61
43098,L15,17406,A18,B26,C31,PCS,613,8.83,D,C10,8.657656,5412.79,46862.07
43098,L15,17406,A18,B26,C31,PCS,888,8.83,D,C10,8.657656,7841.04,67885.03
43098,L15,17406,A18,B26,C31,PCS,998,8.83,D,C10,8.657656,8812.34,76294.21
43098,L15,17406,A18,B26,C31,PCS,657,8.83,D,C10,8.657656,5801.31,50225.75
43098,L15,17406,A18,B26,C31,PCS,639,8.83,D,C10,8.657656,5642.37,48849.7
43098,L15,17406,A18,B26,C31,PCS,567,8.83,D,C10,8.657656,5006.61,43345.51
43098,L15,17406,A18,B26,C31,PCS,734,8.83,D,C10,8.657656,6481.22,56112.17
43098,L15,17406,A18,B26,C31,PCS,481,8.83,D,C10,8.657656,4247.23,36771.06
43098,L15,17406,A18,B26,C31,PCS,747,8.83,D,C10,8.657656,6596.01,57105.99
43071,L15,17578,A12,B20,C38,PCS,567,8.46,C,C01,6.825646,4796.82,32741.4
43071,L15,17578,A12,B20,C38,PCS,224,8.46,C,C01,6.825646,1895.04,12934.87
43071,L15,17578,A12,B20,C38,PCS,961,8.46,C,C01,6.825646,8130.06,55492.91
43071,L15,17578,A12,B20,C38,PCS,709,8.46,C,C01,6.825646,5998.14,40941.18
43071,L15,17578,A12,B20,C38,PCS,740,8.46,C,C01,6.825646,6260.4,42731.27
43071,L15,17578,A12,B20,C38,PCS,294,8.46,C,C01,6.825646,2487.24,16977.02
43071,L15,17578,A12,B20,C38,PCS,41,8.46,C,C01,6.825646,346.86,2367.54
43071,L15,17578,A12,B20,C38,PCS,323,8.46,C,C01,6.825646,2732.58,18651.62
43071,L15,17578,A12,B20,C38,PCS,657,8.46,C,C01,6.825646,5558.22,37938.44
43071,L15,17578,A12,B20,C38,PCS,813,8.46,C,C01,6.825646,6877.98,46946.66
43088,L15,17724,A10,B23,C34,PCS,759,9.56,D,C04,5.388146,7256.04,39096.6
43088,L15,17724,A10,B23,C34,PCS,111,9.56,D,C04,5.388146,1061.16,5717.69
43088,L15,17724,A10,B23,C34,PCS,82,9.56,D,C04,5.388146,783.92,4223.88
43088,L15,17724,A10,B23,C34,PCS,374,9.56,D,C04,5.388146,3575.44,19264.99
43088,L15,17724,A10,B23,C34,PCS,881,9.56,D,C04,5.388146,8422.36,45380.91
43088,L15,17724,A10,B23,C34,PCS,441,9.56,D,C04,5.388146,4215.96,22716.21
43088,L15,17724,A10,B23,C34,PCS,421,9.56,D,C04,5.388146,4024.76,21685.99
43088,L15,17724,A10,B23,C34,PCS,228,9.56,D,C04,5.388146,2179.68,11744.43
43088,L15,17724,A10,B23,C34,PCS,587,9.56,D,C04,5.388146,5611.72,30236.77
43088,L15,17724,A10,B23,C34,PCS,273,9.56,D,C04,5.388146,2609.88,14062.41
43074,L15,17791,A19,B29,C34,PCS,478,8.15,D,C08,1.496196,3895.7,5828.73
43074,L15,17791,A19,B29,C34,PCS,140,8.15,D,C08,1.496196,1141,1707.16
43074,L15,17791,A19,B29,C34,PCS,439,8.15,D,C08,1.496196,3577.85,5353.16
43074,L15,17791,A19,B29,C34,PCS,533,8.15,D,C08,1.496196,4343.95,6499.4
43074,L15,17791,A19,B29,C34,PCS,781,8.15,D,C08,1.496196,6365.15,9523.51
43074,L15,17791,A19,B29,C34,PCS,609,8.15,D,C08,1.496196,4963.35,7426.14
43074,L15,17791,A19,B29,C34,PCS,275,8.15,D,C08,1.496196,2241.25,3353.35
43074,L15,17791,A19,B29,C34,PCS,238,8.15,D,C08,1.496196,1939.7,2902.17
43074,L15,17791,A19,B29,C34,PCS,612,8.15,D,C08,1.496196,4987.8,7462.73
43074,L15,17791,A19,B29,C34,PCS,181,8.15,D,C08,1.496196,1475.15,2207.11
43074,L15,17845,A16,B23,C30,PCS,711,9.44,C,C04,5.388146,6711.84,36164.37
43074,L15,17845,A16,B23,C30,PCS,751,9.44,C,C04,5.388146,7089.44,38198.94
43074,L15,17845,A16,B23,C30,PCS,75,9.44,C,C04,5.388146,708,3814.81
43074,L15,17845,A16,B23,C30,PCS,236,9.44,C,C04,5.388146,2227.84,12003.93
43074,L15,17845,A16,B23,C30,PCS,812,9.44,C,C04,5.388146,7665.28,41301.65
43074,L15,17845,A16,B23,C30,PCS,573,9.44,C,C04,5.388146,5409.12,29145.13
43074,L15,17845,A16,B23,C30,PCS,652,9.44,C,C04,5.388146,6154.88,33163.39
43074,L15,17845,A16,B23,C30,PCS,487,9.44,C,C04,5.388146,4597.28,24770.82
43074,L15,17845,A16,B23,C30,PCS,487,9.44,C,C04,5.388146,4597.28,24770.82
43074,L15,17845,A16,B23,C30,PCS,318,9.44,C,C04,5.388146,3001.92,16174.78
43100,L15,17881,A15,B27,C32,PCS,110,2.29,C,C05,3.40242,251.9,857.07
43100,L15,17881,A15,B27,C32,PCS,935,2.29,C,C05,3.40242,2141.15,7285.09
43100,L15,17881,A15,B27,C32,PCS,283,2.29,C,C05,3.40242,648.07,2205.01
43100,L15,17881,A15,B27,C32,PCS,749,2.29,C,C05,3.40242,1715.21,5835.86
43100,L15,17881,A15,B27,C32,PCS,533,2.29,C,C05,3.40242,1220.57,4152.89
43100,L15,17881,A15,B27,C32,PCS,140,2.29,C,C05,3.40242,320.6,1090.82
43100,L15,17881,A15,B27,C32,PCS,159,2.29,C,C05,3.40242,364.11,1238.86
43100,L15,17881,A15,B27,C32,PCS,624,2.29,C,C05,3.40242,1428.96,4861.92
43100,L15,17881,A15,B27,C32,PCS,620,2.29,C,C05,3.40242,1419.8,4830.76
43100,L15,17881,A15,B27,C32,PCS,235,2.29,C,C05,3.40242,538.15,1831.01
43096,L15,17886,A11,B25,C32,PCS,458,9.49,C,C05,3.40242,4346.42,14788.35
43096,L15,17886,A11,B25,C32,PCS,695,9.49,C,C05,3.40242,6595.55,22440.83
43096,L15,17886,A11,B25,C32,PCS,931,9.49,C,C05,3.40242,8835.19,30061.03
43096,L15,17886,A11,B25,C32,PCS,101,9.49,C,C05,3.40242,958.49,3261.19
43096,L15,17886,A11,B25,C32,PCS,656,9.49,C,C05,3.40242,6225.44,21181.56
43096,L15,17886,A11,B25,C32,PCS,99,9.49,C,C05,3.40242,939.51,3196.61
43096,L15,17886,A11,B25,C32,PCS,147,9.49,C,C05,3.40242,1395.03,4746.48
43096,L15,17886,A11,B25,C32,PCS,603,9.49,C,C05,3.40242,5722.47,19470.25
43096,L15,17886,A11,B25,C32,PCS,882,9.49,C,C05,3.40242,8370.18,28478.87
43096,L15,17886,A11,B25,C32,PCS,530,9.49,C,C05,3.40242,5029.7,17113.15
43075,L15,18127,A14,B25,C34,PCS,353,4.43,C,C03,7.133317,1563.79,11155.01
43075,L15,18127,A14,B25,C34,PCS,324,4.43,C,C03,7.133317,1435.32,10238.59
43075,L15,18127,A14,B25,C34,PCS,799,4.43,C,C03,7.133317,3539.57,25248.87
43075,L15,18127,A14,B25,C34,PCS,227,4.43,C,C03,7.133317,1005.61,7173.33
43075,L15,18127,A14,B25,C34,PCS,919,4.43,C,C03,7.133317,4071.17,29040.95
43075,L15,18127,A14,B25,C34,PCS,488,4.43,C,C03,7.133317,2161.84,15421.09
43075,L15,18127,A14,B25,C34,PCS,790,4.43,C,C03,7.133317,3499.7,24964.47
43075,L15,18127,A14,B25,C34,PCS,256,4.43,C,C03,7.133317,1134.08,8089.75
43075,L15,18127,A14,B25,C34,PCS,667,4.43,C,C03,7.133317,2954.81,21077.6
43075,L15,18127,A14,B25,C34,PCS,277,4.43,C,C03,7.133317,1227.11,8753.36
43098,L15,18186,A13,B24,C36,PCS,328,8.83,C,C10,8.657656,2896.24,25074.65
43098,L15,18186,A13,B24,C36,PCS,293,8.83,C,C10,8.657656,2587.19,22399
43098,L15,18186,A13,B24,C36,PCS,581,8.83,C,C10,8.657656,5130.23,44415.77
43098,L15,18186,A13,B24,C36,PCS,259,8.83,C,C10,8.657656,2286.97,19799.8
43098,L15,18186,A13,B24,C36,PCS,383,8.83,C,C10,8.657656,3381.89,29279.24
43098,L15,18186,A13,B24,C36,PCS,200,8.83,C,C10,8.657656,1766,15289.42
43098,L15,18186,A13,B24,C36,PCS,441,8.83,C,C10,8.657656,3894.03,33713.17
43098,L15,18186,A13,B24,C36,PCS,574,8.83,C,C10,8.657656,5068.42,43880.64
43098,L15,18186,A13,B24,C36,PCS,620,8.83,C,C10,8.657656,5474.6,47397.2
43098,L15,18186,A13,B24,C36,PCS,53,8.83,C,C10,8.657656,467.99,4051.7
43081,L15,18194,A19,B28,C35,PCS,652,2.5,C,C07,1.358577,1630,2214.48
43081,L15,18194,A19,B28,C35,PCS,273,2.5,C,C07,1.358577,682.5,927.23
43081,L15,18194,A19,B28,C35,PCS,452,2.5,C,C07,1.358577,1130,1535.19
43081,L15,18194,A19,B28,C35,PCS,158,2.5,C,C07,1.358577,395,536.64
43081,L15,18194,A19,B28,C35,PCS,343,2.5,C,C07,1.358577,857.5,1164.98
43081,L15,18194,A19,B28,C35,PCS,370,2.5,C,C07,1.358577,925,1256.68
43081,L15,18194,A19,B28,C35,PCS,827,2.5,C,C07,1.358577,2067.5,2808.86
43081,L15,18194,A19,B28,C35,PCS,277,2.5,C,C07,1.358577,692.5,940.81
43081,L15,18194,A19,B28,C35,PCS,518,2.5,C,C07,1.358577,1295,1759.36
43081,L15,18194,A19,B28,C35,PCS,172,2.5,C,C07,1.358577,430,584.19
43087,L15,18278,A13,B28,C36,PCS,332,2.9,C,C06,3.547054,962.8,3415.1
43087,L15,18278,A13,B28,C36,PCS,57,2.9,C,C06,3.547054,165.3,586.33
43087,L15,18278,A13,B28,C36,PCS,250,2.9,C,C06,3.547054,725,2571.61
43087,L15,18278,A13,B28,C36,PCS,721,2.9,C,C06,3.547054,2090.9,7416.54
43087,L15,18278,A13,B28,C36,PCS,588,2.9,C,C06,3.547054,1705.2,6048.44
43087,L15,18278,A13,B28,C36,PCS,599,2.9,C,C06,3.547054,1737.1,6161.59
43087,L15,18278,A13,B28,C36,PCS,634,2.9,C,C06,3.547054,1838.6,6521.61
43087,L15,18278,A13,B28,C36,PCS,644,2.9,C,C06,3.547054,1867.6,6624.48
43087,L15,18278,A13,B28,C36,PCS,616,2.9,C,C06,3.547054,1786.4,6336.46
43087,L15,18278,A13,B28,C36,PCS,950,2.9,C,C06,3.547054,2755,9772.13
43075,L15,18317,A13,B20,C33,PCS,963,1.33,D,C10,8.657656,1280.79,11088.64
43075,L15,18317,A13,B20,C33,PCS,152,1.33,D,C10,8.657656,202.16,1750.23
43075,L15,18317,A13,B20,C33,PCS,566,1.33,D,C10,8.657656,752.78,6517.31
43075,L15,18317,A13,B20,C33,PCS,499,1.33,D,C10,8.657656,663.67,5745.83
43075,L15,18317,A13,B20,C33,PCS,654,1.33,D,C10,8.657656,869.82,7530.6
43075,L15,18317,A13,B20,C33,PCS,427,1.33,D,C10,8.657656,567.91,4916.77
43075,L15,18317,A13,B20,C33,PCS,907,1.33,D,C10,8.657656,1206.31,10443.82
43075,L15,18317,A13,B20,C33,PCS,98,1.33,D,C10,8.657656,130.34,1128.44
43075,L15,18317,A13,B20,C33,PCS,948,1.33,D,C10,8.657656,1260.84,10915.92
43075,L15,18317,A13,B20,C33,PCS,105,1.33,D,C10,8.657656,139.65,1209.04
43083,L15,18388,A18,B23,C33,PCS,184,2.49,C,C04,5.388146,458.16,2468.63
43083,L15,18388,A18,B23,C33,PCS,104,2.49,C,C04,5.388146,258.96,1395.31
43083,L15,18388,A18,B23,C33,PCS,970,2.49,C,C04,5.388146,2415.3,13013.99
43083,L15,18388,A18,B23,C33,PCS,90,2.49,C,C04,5.388146,224.1,1207.48
43083,L15,18388,A18,B23,C33,PCS,394,2.49,C,C04,5.388146,981.06,5286.09
43083,L15,18388,A18,B23,C33,PCS,139,2.49,C,C04,5.388146,346.11,1864.89
43083,L15,18388,A18,B23,C33,PCS,86,2.49,C,C04,5.388146,214.14,1153.82
43083,L15,18388,A18,B23,C33,PCS,122,2.49,C,C04,5.388146,303.78,1636.81
43083,L15,18388,A18,B23,C33,PCS,338,2.49,C,C04,5.388146,841.62,4534.77
43083,L15,18388,A18,B23,C33,PCS,359,2.49,C,C04,5.388146,893.91,4816.52
43090,L15,18541,A17,B28,C31,PCS,367,2.57,C,C10,8.657656,943.19,8165.81
43090,L15,18541,A17,B28,C31,PCS,477,2.57,C,C10,8.657656,1225.89,10613.33
43090,L15,18541,A17,B28,C31,PCS,628,2.57,C,C10,8.657656,1613.96,13973.11
43090,L15,18541,A17,B28,C31,PCS,567,2.57,C,C10,8.657656,1457.19,12615.85
43090,L15,18541,A17,B28,C31,PCS,867,2.57,C,C10,8.657656,2228.19,19290.9
43090,L15,18541,A17,B28,C31,PCS,579,2.57,C,C10,8.657656,1488.03,12882.85
43090,L15,18541,A17,B28,C31,PCS,714,2.57,C,C10,8.657656,1834.98,15886.63
43090,L15,18541,A17,B28,C31,PCS,174,2.57,C,C10,8.657656,447.18,3871.53
43090,L15,18541,A17,B28,C31,PCS,354,2.57,C,C10,8.657656,909.78,7876.56
43090,L15,18541,A17,B28,C31,PCS,45,2.57,C,C10,8.657656,115.65,1001.26
43075,L15,18613,A18,B23,C32,PCS,863,3.6,D,C07,1.358577,3106.8,4220.83
43075,L15,18613,A18,B23,C32,PCS,62,3.6,D,C07,1.358577,223.2,303.23
43075,L15,18613,A18,B23,C32,PCS,411,3.6,D,C07,1.358577,1479.6,2010.15
43075,L15,18613,A18,B23,C32,PCS,617,3.6,D,C07,1.358577,2221.2,3017.67
43075,L15,18613,A18,B23,C32,PCS,125,3.6,D,C07,1.358577,450,611.36
43075,L15,18613,A18,B23,C32,PCS,7,3.6,D,C07,1.358577,25.2,34.24
43075,L15,18613,A18,B23,C32,PCS,413,3.6,D,C07,1.358577,1486.8,2019.93
43075,L15,18613,A18,B23,C32,PCS,221,3.6,D,C07,1.358577,795.6,1080.88
43075,L15,18613,A18,B23,C32,PCS,599,3.6,D,C07,1.358577,2156.4,2929.64
43075,L15,18613,A18,B23,C32,PCS,449,3.6,D,C07,1.358577,1616.4,2196
43100,L15,18625,A10,B24,C36,PCS,466,5.37,D,C02,9.912483,2502.42,24805.2
43100,L15,18625,A10,B24,C36,PCS,967,5.37,D,C02,9.912483,5192.79,51473.44
43100,L15,18625,A10,B24,C36,PCS,774,5.37,D,C02,9.912483,4156.38,41200.05
43100,L15,18625,A10,B24,C36,PCS,977,5.37,D,C02,9.912483,5246.49,52005.74
43100,L15,18625,A10,B24,C36,PCS,327,5.37,D,C02,9.912483,1755.99,17406.22
43100,L15,18625,A10,B24,C36,PCS,81,5.37,D,C02,9.912483,434.97,4311.63
43100,L15,18625,A10,B24,C36,PCS,955,5.37,D,C02,9.912483,5128.35,50834.68
43100,L15,18625,A10,B24,C36,PCS,493,5.37,D,C02,9.912483,2647.41,26242.41
43100,L15,18625,A10,B24,C36,PCS,505,5.37,D,C02,9.912483,2711.85,26881.17
43100,L15,18625,A10,B24,C36,PCS,225,5.37,D,C02,9.912483,1208.25,11976.76
43093,L15,18661,A19,B22,C38,PCS,125,1,C,C09,1.199464,125,149.93
43093,L15,18661,A19,B22,C38,PCS,682,1,C,C09,1.199464,682,818.03
43093,L15,18661,A19,B22,C38,PCS,341,1,C,C09,1.199464,341,409.02
43093,L15,18661,A19,B22,C38,PCS,426,1,C,C09,1.199464,426,510.97
43093,L15,18661,A19,B22,C38,PCS,304,1,C,C09,1.199464,304,364.64
43093,L15,18661,A19,B22,C38,PCS,254,1,C,C09,1.199464,254,304.66
43093,L15,18661,A19,B22,C38,PCS,21,1,C,C09,1.199464,21,25.19
43093,L15,18661,A19,B22,C38,PCS,545,1,C,C09,1.199464,545,653.71
43093,L15,18661,A19,B22,C38,PCS,928,1,C,C09,1.199464,928,1113.1
43093,L15,18661,A19,B22,C38,PCS,226,1,C,C09,1.199464,226,271.08
43077,L15,18716,A17,B25,C37,PCS,640,5.72,D,C07,1.358577,3660.8,4973.48
43077,L15,18716,A17,B25,C37,PCS,761,5.72,D,C07,1.358577,4352.92,5913.78
43077,L15,18716,A17,B25,C37,PCS,48,5.72,D,C07,1.358577,274.56,373.01
43077,L15,18716,A17,B25,C37,PCS,623,5.72,D,C07,1.358577,3563.56,4841.37
43077,L15,18716,A17,B25,C37,PCS,522,5.72,D,C07,1.358577,2985.84,4056.49
43077,L15,18716,A17,B25,C37,PCS,608,5.72,D,C07,1.358577,3477.76,4724.8
43077,L15,18716,A17,B25,C37,PCS,957,5.72,D,C07,1.358577,5474.04,7436.9
43077,L15,18716,A17,B25,C37,PCS,541,5.72,D,C07,1.358577,3094.52,4204.14
43077,L15,18716,A17,B25,C37,PCS,99,5.72,D,C07,1.358577,566.28,769.33
43077,L15,18716,A17,B25,C37,PCS,740,5.72,D,C07,1.358577,4232.8,5750.58
43096,L15,18724,A10,B22,C36,PCS,784,1.29,D,C09,1.199464,1011.36,1213.09
43096,L15,18724,A10,B22,C36,PCS,718,1.29,D,C09,1.199464,926.22,1110.97
43096,L15,18724,A10,B22,C36,PCS,203,1.29,D,C09,1.199464,261.87,314.1
43096,L15,18724,A10,B22,C36,PCS,980,1.29,D,C09,1.199464,1264.2,1516.36
43096,L15,18724,A10,B22,C36,PCS,192,1.29,D,C09,1.199464,247.68,297.08
43096,L15,18724,A10,B22,C36,PCS,51,1.29,D,C09,1.199464,65.79,78.91
43096,L15,18724,A10,B22,C36,PCS,395,1.29,D,C09,1.199464,509.55,611.19
43096,L15,18724,A10,B22,C36,PCS,446,1.29,D,C09,1.199464,575.34,690.1
43096,L15,18724,A10,B22,C36,PCS,58,1.29,D,C09,1.199464,74.82,89.74
43096,L15,18724,A10,B22,C36,PCS,811,1.29,D,C09,1.199464,1046.19,1254.87
43098,L15,18754,A15,B20,C37,PCS,207,1.03,D,C04,5.388146,213.21,1148.81
43098,L15,18754,A15,B20,C37,PCS,897,1.03,D,C04,5.388146,923.91,4978.16
43098,L15,18754,A15,B20,C37,PCS,524,1.03,D,C04,5.388146,539.72,2908.09
43098,L15,18754,A15,B20,C37,PCS,541,1.03,D,C04,5.388146,557.23,3002.44
43098,L15,18754,A15,B20,C37,PCS,864,1.03,D,C04,5.388146,889.92,4795.02
43098,L15,18754,A15,B20,C37,PCS,953,1.03,D,C04,5.388146,981.59,5288.95
43098,L15,18754,A15,B20,C37,PCS,846,1.03,D,C04,5.388146,871.38,4695.12
43098,L15,18754,A15,B20,C37,PCS,36,1.03,D,C04,5.388146,37.08,199.79
43098,L15,18754,A15,B20,C37,PCS,525,1.03,D,C04,5.388146,540.75,2913.64
43098,L15,18754,A15,B20,C37,PCS,510,1.03,D,C04,5.388146,525.3,2830.39
43080,L15,18791,A18,B29,C30,PCS,56,4.19,C,C10,8.657656,234.64,2031.43
43080,L15,18791,A18,B29,C30,PCS,809,4.19,C,C10,8.657656,3389.71,29346.94
43080,L15,18791,A18,B29,C30,PCS,426,4.19,C,C10,8.657656,1784.94,15453.4
43080,L15,18791,A18,B29,C30,PCS,445,4.19,C,C10,8.657656,1864.55,16142.63
43080,L15,18791,A18,B29,C30,PCS,144,4.19,C,C10,8.657656,603.36,5223.68
43080,L15,18791,A18,B29,C30,PCS,330,4.19,C,C10,8.657656,1382.7,11970.94
43080,L15,18791,A18,B29,C30,PCS,446,4.19,C,C10,8.657656,1868.74,16178.91
43080,L15,18791,A18,B29,C30,PCS,744,4.19,C,C10,8.657656,3117.36,26989.03
43080,L15,18791,A18,B29,C30,PCS,4,4.19,C,C10,8.657656,16.76,145.1
43080,L15,18791,A18,B29,C30,PCS,210,4.19,C,C10,8.657656,879.9,7617.87
43098,L15,19093,A15,B28,C31,PCS,8,9.71,D,C03,7.133317,77.68,554.12
43098,L15,19093,A15,B28,C31,PCS,784,9.71,D,C03,7.133317,7612.64,54303.37
43098,L15,19093,A15,B28,C31,PCS,644,9.71,D,C03,7.133317,6253.24,44606.34
43098,L15,19093,A15,B28,C31,PCS,305,9.71,D,C03,7.133317,2961.55,21125.67
43098,L15,19093,A15,B28,C31,PCS,909,9.71,D,C03,7.133317,8826.39,62961.44
43098,L15,19093,A15,B28,C31,PCS,322,9.71,D,C03,7.133317,3126.62,22303.17
43098,L15,19093,A15,B28,C31,PCS,161,9.71,D,C03,7.133317,1563.31,11151.59
43098,L15,19093,A15,B28,C31,PCS,908,9.71,D,C03,7.133317,8816.68,62892.17
43098,L15,19093,A15,B28,C31,PCS,994,9.71,D,C03,7.133317,9651.74,68848.92
43098,L15,19093,A15,B28,C31,PCS,822,9.71,D,C03,7.133317,7981.62,56935.43
43073,L15,19096,A11,B28,C35,PCS,720,6.34,D,C01,6.825646,4564.8,31157.71
43073,L15,19096,A11,B28,C35,PCS,747,6.34,D,C01,6.825646,4735.98,32326.12
43073,L15,19096,A11,B28,C35,PCS,549,6.34,D,C01,6.825646,3480.66,23757.75
43073,L15,19096,A11,B28,C35,PCS,199,6.34,D,C01,6.825646,1261.66,8611.64
43073,L15,19096,A11,B28,C35,PCS,306,6.34,D,C01,6.825646,1940.04,13242.03
43073,L15,19096,A11,B28,C35,PCS,557,6.34,D,C01,6.825646,3531.38,24103.95
43073,L15,19096,A11,B28,C35,PCS,77,6.34,D,C01,6.825646,488.18,3332.14
43073,L15,19096,A11,B28,C35,PCS,524,6.34,D,C01,6.825646,3322.16,22675.89
43073,L15,19096,A11,B28,C35,PCS,181,6.34,D,C01,6.825646,1147.54,7832.7
43073,L15,19096,A11,B28,C35,PCS,484,6.34,D,C01,6.825646,3068.56,20944.9
43089,L15,19138,A17,B21,C30,PCS,781,4.92,D,C07,1.358577,3842.52,5220.36
43089,L15,19138,A17,B21,C30,PCS,615,4.92,D,C07,1.358577,3025.8,4110.78
43089,L15,19138,A17,B21,C30,PCS,436,4.92,D,C07,1.358577,2145.12,2914.31
43089,L15,19138,A17,B21,C30,PCS,643,4.92,D,C07,1.358577,3163.56,4297.94
43089,L15,19138,A17,B21,C30,PCS,125,4.92,D,C07,1.358577,615,835.52
43089,L15,19138,A17,B21,C30,PCS,213,4.92,D,C07,1.358577,1047.96,1423.73
43089,L15,19138,A17,B21,C30,PCS,766,4.92,D,C07,1.358577,3768.72,5120.1
43089,L15,19138,A17,B21,C30,PCS,294,4.92,D,C07,1.358577,1446.48,1965.15
43089,L15,19138,A17,B21,C30,PCS,631,4.92,D,C07,1.358577,3104.52,4217.73
43089,L15,19138,A17,B21,C30,PCS,97,4.92,D,C07,1.358577,477.24,648.37
43093,L15,19144,A14,B30,C35,PCS,274,3.84,C,C08,1.496196,1052.16,1574.24
43093,L15,19144,A14,B30,C35,PCS,551,3.84,C,C08,1.496196,2115.84,3165.71
43093,L15,19144,A14,B30,C35,PCS,545,3.84,C,C08,1.496196,2092.8,3131.24
43093,L15,19144,A14,B30,C35,PCS,431,3.84,C,C08,1.496196,1655.04,2476.26
43093,L15,19144,A14,B30,C35,PCS,811,3.84,C,C08,1.496196,3114.24,4659.51
43093,L15,19144,A14,B30,C35,PCS,683,3.84,C,C08,1.496196,2622.72,3924.1
43093,L15,19144,A14,B30,C35,PCS,593,3.84,C,C08,1.496196,2277.12,3407.02
43093,L15,19144,A14,B30,C35,PCS,281,3.84,C,C08,1.496196,1079.04,1614.46
43093,L15,19144,A14,B30,C35,PCS,674,3.84,C,C08,1.496196,2588.16,3872.39
43093,L15,19144,A14,B30,C35,PCS,66,3.84,C,C08,1.496196,253.44,379.2
43079,L15,19256,A18,B29,C32,PCS,776,9.12,C,C02,9.912483,7077.12,70151.83
43079,L15,19256,A18,B29,C32,PCS,261,9.12,C,C02,9.912483,2380.32,23594.88
43079,L15,19256,A18,B29,C32,PCS,202,9.12,C,C02,9.912483,1842.24,18261.17
43079,L15,19256,A18,B29,C32,PCS,595,9.12,C,C02,9.912483,5426.4,53789.1
43079,L15,19256,A18,B29,C32,PCS,739,9.12,C,C02,9.912483,6739.68,66806.96
43079,L15,19256,A18,B29,C32,PCS,495,9.12,C,C02,9.912483,4514.4,44748.91
43079,L15,19256,A18,B29,C32,PCS,861,9.12,C,C02,9.912483,7852.32,77835.99
43079,L15,19256,A18,B29,C32,PCS,933,9.12,C,C02,9.912483,8508.96,84344.92
43079,L15,19256,A18,B29,C32,PCS,856,9.12,C,C02,9.912483,7806.72,77383.98
43079,L15,19256,A18,B29,C32,PCS,186,9.12,C,C02,9.912483,1696.32,16814.74
43096,L15,19403,A13,B20,C40,PCS,996,9.14,D,C05,3.40242,9103.44,30973.73
43096,L15,19403,A13,B20,C40,PCS,522,9.14,D,C05,3.40242,4771.08,16233.22
43096,L15,19403,A13,B20,C40,PCS,396,9.14,D,C05,3.40242,3619.44,12314.86
43096,L15,19403,A13,B20,C40,PCS,359,9.14,D,C05,3.40242,3281.26,11164.22
43096,L15,19403,A13,B20,C40,PCS,740,9.14,D,C05,3.40242,6763.6,23012.61
43096,L15,19403,A13,B20,C40,PCS,342,9.14,D,C05,3.40242,3125.88,10635.56
43096,L15,19403,A13,B20,C40,PCS,546,9.14,D,C05,3.40242,4990.44,16979.57
43096,L15,19403,A13,B20,C40,PCS,866,9.14,D,C05,3.40242,7915.24,26930.97
43096,L15,19403,A13,B20,C40,PCS,331,9.14,D,C05,3.40242,3025.34,10293.48
43096,L15,19403,A13,B20,C40,PCS,728,9.14,D,C05,3.40242,6653.92,22639.43
43089,L15,19421,A13,B29,C35,PCS,666,6.76,C,C09,1.199464,4502.16,5400.18
43089,L15,19421,A13,B29,C35,PCS,79,6.76,C,C09,1.199464,534.04,640.56
43089,L15,19421,A13,B29,C35,PCS,47,6.76,C,C09,1.199464,317.72,381.09
43089,L15,19421,A13,B29,C35,PCS,620,6.76,C,C09,1.199464,4191.2,5027.19
43089,L15,19421,A13,B29,C35,PCS,213,6.76,C,C09,1.199464,1439.88,1727.08
43089,L15,19421,A13,B29,C35,PCS,913,6.76,C,C09,1.199464,6171.88,7402.95
43089,L15,19421,A13,B29,C35,PCS,860,6.76,C,C09,1.199464,5813.6,6973.2
43089,L15,19421,A13,B29,C35,PCS,868,6.76,C,C09,1.199464,5867.68,7038.07
43089,L15,19421,A13,B29,C35,PCS,24,6.76,C,C09,1.199464,162.24,194.6
43089,L15,19421,A13,B29,C35,PCS,327,6.76,C,C09,1.199464,2210.52,2651.44
43073,L15,19486,A19,B27,C39,PCS,918,6.34,D,C01,6.825646,5820.12,39726.08
43073,L15,19486,A19,B27,C39,PCS,696,6.34,D,C01,6.825646,4412.64,30119.12
43073,L15,19486,A19,B27,C39,PCS,671,6.34,D,C01,6.825646,4254.14,29037.25
43073,L15,19486,A19,B27,C39,PCS,352,6.34,D,C01,6.825646,2231.68,15232.66
43073,L15,19486,A19,B27,C39,PCS,840,6.34,D,C01,6.825646,5325.6,36350.66
43073,L15,19486,A19,B27,C39,PCS,464,6.34,D,C01,6.825646,2941.76,20079.41
43073,L15,19486,A19,B27,C39,PCS,997,6.34,D,C01,6.825646,6320.98,43144.77
43073,L15,19486,A19,B27,C39,PCS,205,6.34,D,C01,6.825646,1299.7,8871.29
43073,L15,19486,A19,B27,C39,PCS,710,6.34,D,C01,6.825646,4501.4,30724.96
43073,L15,19486,A19,B27,C39,PCS,97,6.34,D,C01,6.825646,614.98,4197.64
43092,L15,19555,A16,B26,C33,PCS,311,7.46,D,C06,3.547054,2320.06,8229.38
43092,L15,19555,A16,B26,C33,PCS,591,7.46,D,C06,3.547054,4408.86,15638.46
43092,L15,19555,A16,B26,C33,PCS,138,7.46,D,C06,3.547054,1029.48,3651.62
43092,L15,19555,A16,B26,C33,PCS,101,7.46,D,C06,3.547054,753.46,2672.56
43092,L15,19555,A16,B26,C33,PCS,404,7.46,D,C06,3.547054,3013.84,10690.25
43092,L15,19555,A16,B26,C33,PCS,120,7.46,D,C06,3.547054,895.2,3175.32
43092,L15,19555,A16,B26,C33,PCS,697,7.46,D,C06,3.547054,5199.62,18443.33
43092,L15,19555,A16,B26,C33,PCS,212,7.46,D,C06,3.547054,1581.52,5609.74
43092,L15,19555,A16,B26,C33,PCS,315,7.46,D,C06,3.547054,2349.9,8335.22
43092,L15,19555,A16,B26,C33,PCS,473,7.46,D,C06,3.547054,3528.58,12516.06
43098,L15,19574,A15,B26,C37,PCS,906,7.74,D,C04,5.388146,7012.44,37784.05
43098,L15,19574,A15,B26,C37,PCS,142,7.74,D,C04,5.388146,1099.08,5922
43098,L15,19574,A15,B26,C37,PCS,120,7.74,D,C04,5.388146,928.8,5004.51
43098,L15,19574,A15,B26,C37,PCS,719,7.74,D,C04,5.388146,5565.06,29985.36
43098,L15,19574,A15,B26,C37,PCS,513,7.74,D,C04,5.388146,3970.62,21394.28
43098,L15,19574,A15,B26,C37,PCS,844,7.74,D,C04,5.388146,6532.56,35198.39
43098,L15,19574,A15,B26,C37,PCS,65,7.74,D,C04,5.388146,503.1,2710.78
43098,L15,19574,A15,B26,C37,PCS,295,7.74,D,C04,5.388146,2283.3,12302.75
43098,L15,19574,A15,B26,C37,PCS,540,7.74,D,C04,5.388146,4179.6,22520.3
43098,L15,19574,A15,B26,C37,PCS,221,7.74,D,C04,5.388146,1710.54,9216.64
43088,L15,19723,A17,B27,C34,PCS,718,7.77,C,C08,1.496196,5578.86,8347.07
43088,L15,19723,A17,B27,C34,PCS,158,7.77,C,C08,1.496196,1227.66,1836.82
43088,L15,19723,A17,B27,C34,PCS,697,7.77,C,C08,1.496196,5415.69,8102.93
43088,L15,19723,A17,B27,C34,PCS,469,7.77,C,C08,1.496196,3644.13,5452.33
43088,L15,19723,A17,B27,C34,PCS,49,7.77,C,C08,1.496196,380.73,569.65
43088,L15,19723,A17,B27,C34,PCS,48,7.77,C,C08,1.496196,372.96,558.02
43088,L15,19723,A17,B27,C34,PCS,241,7.77,C,C08,1.496196,1872.57,2801.73
43088,L15,19723,A17,B27,C34,PCS,49,7.77,C,C08,1.496196,380.73,569.65
43088,L15,19723,A17,B27,C34,PCS,360,7.77,C,C08,1.496196,2797.2,4185.16
43088,L15,19723,A17,B27,C34,PCS,374,7.77,C,C08,1.496196,2905.98,4347.92
43098,L15,19881,A16,B27,C31,PCS,53,5.27,C,C08,1.496196,279.31,417.9
43098,L15,19881,A16,B27,C31,PCS,811,5.27,C,C08,1.496196,4273.97,6394.7
43098,L15,19881,A16,B27,C31,PCS,460,5.27,C,C08,1.496196,2424.2,3627.08
43098,L15,19881,A16,B27,C31,PCS,110,5.27,C,C08,1.496196,579.7,867.34
43098,L15,19881,A16,B27,C31,PCS,328,5.27,C,C08,1.496196,1728.56,2586.26
43098,L15,19881,A16,B27,C31,PCS,542,5.27,C,C08,1.496196,2856.34,4273.64
43098,L15,19881,A16,B27,C31,PCS,445,5.27,C,C08,1.496196,2345.15,3508.8
43098,L15,19881,A16,B27,C31,PCS,16,5.27,C,C08,1.496196,84.32,126.16
43098,L15,19881,A16,B27,C31,PCS,46,5.27,C,C08,1.496196,242.42,362.71
43098,L15,19881,A16,B27,C31,PCS,645,5.27,C,C08,1.496196,3399.15,5085.79
43086,L15,19905,A10,B28,C33,PCS,750,1.36,C,C09,1.199464,1020,1223.45
43086,L15,19905,A10,B28,C33,PCS,943,1.36,C,C09,1.199464,1282.48,1538.29
43086,L15,19905,A10,B28,C33,PCS,844,1.36,C,C09,1.199464,1147.84,1376.79
43086,L15,19905,A10,B28,C33,PCS,477,1.36,C,C09,1.199464,648.72,778.12
43086,L15,19905,A10,B28,C33,PCS,666,1.36,C,C09,1.199464,905.76,1086.43
43086,L15,19905,A10,B28,C33,PCS,237,1.36,C,C09,1.199464,322.32,386.61
43086,L15,19905,A10,B28,C33,PCS,546,1.36,C,C09,1.199464,742.56,890.67
43086,L15,19905,A10,B28,C33,PCS,474,1.36,C,C09,1.199464,644.64,773.22
43086,L15,19905,A10,B28,C33,PCS,469,1.36,C,C09,1.199464,637.84,765.07
43086,L15,19905,A10,B28,C33,PCS,938,1.36,C,C09,1.199464,1275.68,1530.13
43072,L15,19998,A11,B23,C34,PCS,488,9.04,D,C01,6.825646,4411.52,30111.47
43072,L15,19998,A11,B23,C34,PCS,745,9.04,D,C01,6.825646,6734.8,45969.36
43072,L15,19998,A11,B23,C34,PCS,139,9.04,D,C01,6.825646,1256.56,8576.83
43072,L15,19998,A11,B23,C34,PCS,925,9.04,D,C01,6.825646,8362,57076.05
43072,L15,19998,A11,B23,C34,PCS,726,9.04,D,C01,6.825646,6563.04,44796.99
43072,L15,19998,A11,B23,C34,PCS,456,9.04,D,C01,6.825646,4122.24,28136.95
43072,L15,19998,A11,B23,C34,PCS,728,9.04,D,C01,6.825646,6581.12,44920.4
43072,L15,19998,A11,B23,C34,PCS,657,9.04,D,C01,6.825646,5939.28,40539.42
43072,L15,19998,A11,B23,C34,PCS,301,9.04,D,C01,6.825646,2721.04,18572.86
43072,L15,19998,A11,B23,C34,PCS,867,9.04,D,C01,6.825646,7837.68,53497.23
43109,L16,10103,A18,B20,C32,PCS,728,5.57,C,C08,1.496196,4054.96,6067.01
43109,L16,10103,A18,B20,C32,PCS,41,5.57,C,C08,1.496196,228.37,341.69
43109,L16,10103,A18,B20,C32,PCS,689,5.57,C,C08,1.496196,3837.73,5742
43109,L16,10103,A18,B20,C32,PCS,976,5.57,C,C08,1.496196,5436.32,8133.8
43109,L16,10103,A18,B20,C32,PCS,852,5.57,C,C08,1.496196,4745.64,7100.41
43109,L16,10103,A18,B20,C32,PCS,664,5.57,C,C08,1.496196,3698.48,5533.65
43109,L16,10103,A18,B20,C32,PCS,303,5.57,C,C08,1.496196,1687.71,2525.14
43109,L16,10103,A18,B20,C32,PCS,171,5.57,C,C08,1.496196,952.47,1425.08
43109,L16,10103,A18,B20,C32,PCS,375,5.57,C,C08,1.496196,2088.75,3125.18
43109,L16,10103,A18,B20,C32,PCS,243,5.57,C,C08,1.496196,1353.51,2025.12
43119,L16,10108,A16,B28,C37,PCS,367,8.73,C,C09,1.199464,3203.91,3842.97
43119,L16,10108,A16,B28,C37,PCS,516,8.73,C,C09,1.199464,4504.68,5403.2
43119,L16,10108,A16,B28,C37,PCS,945,8.73,C,C09,1.199464,8249.85,9895.4
43119,L16,10108,A16,B28,C37,PCS,942,8.73,C,C09,1.199464,8223.66,9863.98
43119,L16,10108,A16,B28,C37,PCS,38,8.73,C,C09,1.199464,331.74,397.91
43119,L16,10108,A16,B28,C37,PCS,415,8.73,C,C09,1.199464,3622.95,4345.6
43119,L16,10108,A16,B28,C37,PCS,427,8.73,C,C09,1.199464,3727.71,4471.25
43119,L16,10108,A16,B28,C37,PCS,436,8.73,C,C09,1.199464,3806.28,4565.5
43119,L16,10108,A16,B28,C37,PCS,258,8.73,C,C09,1.199464,2252.34,2701.6
43119,L16,10108,A16,B28,C37,PCS,115,8.73,C,C09,1.199464,1003.95,1204.2
43117,L16,10139,A20,B24,C30,PCS,44,7.23,C,C10,8.657656,318.12,2754.17
43117,L16,10139,A20,B24,C30,PCS,696,7.23,C,C10,8.657656,5032.08,43566.02
43117,L16,10139,A20,B24,C30,PCS,649,7.23,C,C10,8.657656,4692.27,40624.06
43117,L16,10139,A20,B24,C30,PCS,515,7.23,C,C10,8.657656,3723.45,32236.35
43117,L16,10139,A20,B24,C30,PCS,392,7.23,C,C10,8.657656,2834.16,24537.18
43117,L16,10139,A20,B24,C30,PCS,28,7.23,C,C10,8.657656,202.44,1752.66
43117,L16,10139,A20,B24,C30,PCS,965,7.23,C,C10,8.657656,6976.95,60404.03
43117,L16,10139,A20,B24,C30,PCS,335,7.23,C,C10,8.657656,2422.05,20969.28
43117,L16,10139,A20,B24,C30,PCS,498,7.23,C,C10,8.657656,3600.54,31172.24
43117,L16,10139,A20,B24,C30,PCS,735,7.23,C,C10,8.657656,5314.05,46007.22
43121,L16,10677,A20,B30,C36,PCS,779,7.71,D,C08,1.496196,6006.09,8986.29
43121,L16,10677,A20,B30,C36,PCS,309,7.71,D,C08,1.496196,2382.39,3564.52
43121,L16,10677,A20,B30,C36,PCS,220,7.71,D,C08,1.496196,1696.2,2537.85
43121,L16,10677,A20,B30,C36,PCS,92,7.71,D,C08,1.496196,709.32,1061.28
43121,L16,10677,A20,B30,C36,PCS,76,7.71,D,C08,1.496196,585.96,876.71
43121,L16,10677,A20,B30,C36,PCS,512,7.71,D,C08,1.496196,3947.52,5906.26
43121,L16,10677,A20,B30,C36,PCS,941,7.71,D,C08,1.496196,7255.11,10855.07
43121,L16,10677,A20,B30,C36,PCS,236,7.71,D,C08,1.496196,1819.56,2722.42
43121,L16,10677,A20,B30,C36,PCS,952,7.71,D,C08,1.496196,7339.92,10981.96
43121,L16,10677,A20,B30,C36,PCS,197,7.71,D,C08,1.496196,1518.87,2272.53
43106,L16,10726,A13,B22,C36,PCS,528,6,C,C05,3.40242,3168,10778.87
43106,L16,10726,A13,B22,C36,PCS,849,6,C,C05,3.40242,5094,17331.93
43106,L16,10726,A13,B22,C36,PCS,954,6,C,C05,3.40242,5724,19475.45
43106,L16,10726,A13,B22,C36,PCS,395,6,C,C05,3.40242,2370,8063.74
43106,L16,10726,A13,B22,C36,PCS,150,6,C,C05,3.40242,900,3062.18
43106,L16,10726,A13,B22,C36,PCS,128,6,C,C05,3.40242,768,2613.06
43106,L16,10726,A13,B22,C36,PCS,141,6,C,C05,3.40242,846,2878.45
43106,L16,10726,A13,B22,C36,PCS,101,6,C,C05,3.40242,606,2061.87
43106,L16,10726,A13,B22,C36,PCS,911,6,C,C05,3.40242,5466,18597.63
43106,L16,10726,A13,B22,C36,PCS,153,6,C,C05,3.40242,918,3123.42
43130,L16,10754,A20,B22,C39,PCS,431,1.86,D,C07,1.358577,801.66,1089.12
43130,L16,10754,A20,B22,C39,PCS,27,1.86,D,C07,1.358577,50.22,68.23
43130,L16,10754,A20,B22,C39,PCS,230,1.86,D,C07,1.358577,427.8,581.2
43130,L16,10754,A20,B22,C39,PCS,285,1.86,D,C07,1.358577,530.1,720.18
43130,L16,10754,A20,B22,C39,PCS,200,1.86,D,C07,1.358577,372,505.39
43130,L16,10754,A20,B22,C39,PCS,142,1.86,D,C07,1.358577,264.12,358.83
43130,L16,10754,A20,B22,C39,PCS,568,1.86,D,C07,1.358577,1056.48,1435.31
43130,L16,10754,A20,B22,C39,PCS,206,1.86,D,C07,1.358577,383.16,520.55
43130,L16,10754,A20,B22,C39,PCS,252,1.86,D,C07,1.358577,468.72,636.79
43130,L16,10754,A20,B22,C39,PCS,458,1.86,D,C07,1.358577,851.88,1157.34
43113,L16,10868,A15,B25,C40,PCS,420,8.63,C,C10,8.657656,3624.6,31380.54
43113,L16,10868,A15,B25,C40,PCS,416,8.63,C,C10,8.657656,3590.08,31081.68
43113,L16,10868,A15,B25,C40,PCS,537,8.63,C,C10,8.657656,4634.31,40122.26
43113,L16,10868,A15,B25,C40,PCS,804,8.63,C,C10,8.657656,6938.52,60071.32
43113,L16,10868,A15,B25,C40,PCS,619,8.63,C,C10,8.657656,5341.97,46248.94
43113,L16,10868,A15,B25,C40,PCS,517,8.63,C,C10,8.657656,4461.71,38627.95
43113,L16,10868,A15,B25,C40,PCS,691,8.63,C,C10,8.657656,5963.33,51628.46
43113,L16,10868,A15,B25,C40,PCS,329,8.63,C,C10,8.657656,2839.27,24581.42
43113,L16,10868,A15,B25,C40,PCS,332,8.63,C,C10,8.657656,2865.16,24805.57
43113,L16,10868,A15,B25,C40,PCS,169,8.63,C,C10,8.657656,1458.47,12626.93
43115,L16,10963,A15,B26,C35,PCS,69,8.68,D,C07,1.358577,598.92,813.68
43115,L16,10963,A15,B26,C35,PCS,605,8.68,D,C07,1.358577,5251.4,7134.43
43115,L16,10963,A15,B26,C35,PCS,865,8.68,D,C07,1.358577,7508.2,10200.47
43115,L16,10963,A15,B26,C35,PCS,908,8.68,D,C07,1.358577,7881.44,10707.54
43115,L16,10963,A15,B26,C35,PCS,262,8.68,D,C07,1.358577,2274.16,3089.62
43115,L16,10963,A15,B26,C35,PCS,598,8.68,D,C07,1.358577,5190.64,7051.88
43115,L16,10963,A15,B26,C35,PCS,447,8.68,D,C07,1.358577,3879.96,5271.22
43115,L16,10963,A15,B26,C35,PCS,213,8.68,D,C07,1.358577,1848.84,2511.79
43115,L16,10963,A15,B26,C35,PCS,549,8.68,D,C07,1.358577,4765.32,6474.05
43115,L16,10963,A15,B26,C35,PCS,388,8.68,D,C07,1.358577,3367.84,4575.47
43118,L16,10976,A10,B30,C39,PCS,819,9.14,C,C10,8.657656,7485.66,64808.27
43118,L16,10976,A10,B30,C39,PCS,257,9.14,C,C10,8.657656,2348.98,20336.66
43118,L16,10976,A10,B30,C39,PCS,134,9.14,C,C10,8.657656,1224.76,10603.55
43118,L16,10976,A10,B30,C39,PCS,509,9.14,C,C10,8.657656,4652.26,40277.67
43118,L16,10976,A10,B30,C39,PCS,735,9.14,C,C10,8.657656,6717.9,58161.27
43118,L16,10976,A10,B30,C39,PCS,595,9.14,C,C10,8.657656,5438.3,47082.93
43118,L16,10976,A10,B30,C39,PCS,943,9.14,C,C10,8.657656,8619.02,74620.51
43118,L16,10976,A10,B30,C39,PCS,903,9.14,C,C10,8.657656,8253.42,71455.27
43118,L16,10976,A10,B30,C39,PCS,191,9.14,C,C10,8.657656,1745.74,15114.02
43118,L16,10976,A10,B30,C39,PCS,539,9.14,C,C10,8.657656,4926.46,42651.6
43106,L16,11165,A14,B30,C37,PCS,987,6,C,C05,3.40242,5922,20149.13
43106,L16,11165,A14,B30,C37,PCS,931,6,C,C05,3.40242,5586,19005.92
43106,L16,11165,A14,B30,C37,PCS,141,6,C,C05,3.40242,846,2878.45
43106,L16,11165,A14,B30,C37,PCS,531,6,C,C05,3.40242,3186,10840.11
43106,L16,11165,A14,B30,C37,PCS,859,6,C,C05,3.40242,5154,17536.07
43106,L16,11165,A14,B30,C37,PCS,912,6,C,C05,3.40242,5472,18618.04
43106,L16,11165,A14,B30,C37,PCS,100,6,C,C05,3.40242,600,2041.45
43106,L16,11165,A14,B30,C37,PCS,750,6,C,C05,3.40242,4500,15310.89
43106,L16,11165,A14,B30,C37,PCS,765,6,C,C05,3.40242,4590,15617.11
43106,L16,11165,A14,B30,C37,PCS,959,6,C,C05,3.40242,5754,19577.52
43121,L16,11291,A15,B26,C37,PCS,28,3.8,C,C10,8.657656,106.4,921.17
43121,L16,11291,A15,B26,C37,PCS,893,3.8,C,C10,8.657656,3393.4,29378.89
43121,L16,11291,A15,B26,C37,PCS,445,3.8,C,C10,8.657656,1691,14640.1
43121,L16,11291,A15,B26,C37,PCS,752,3.8,C,C10,8.657656,2857.6,24740.12
43121,L16,11291,A15,B26,C37,PCS,562,3.8,C,C10,8.657656,2135.6,18489.29
43121,L16,11291,A15,B26,C37,PCS,198,3.8,C,C10,8.657656,752.4,6514.02
43121,L16,11291,A15,B26,C37,PCS,752,3.8,C,C10,8.657656,2857.6,24740.12
43121,L16,11291,A15,B26,C37,PCS,655,3.8,C,C10,8.657656,2489,21548.91
43121,L16,11291,A15,B26,C37,PCS,702,3.8,C,C10,8.657656,2667.6,23095.16
43121,L16,11291,A15,B26,C37,PCS,573,3.8,C,C10,8.657656,2177.4,18851.18
43131,L16,11323,A10,B30,C38,PCS,774,6.27,C,C07,1.358577,4852.98,6593.15
43131,L16,11323,A10,B30,C38,PCS,753,6.27,C,C07,1.358577,4721.31,6414.26
43131,L16,11323,A10,B30,C38,PCS,911,6.27,C,C07,1.358577,5711.97,7760.15
43131,L16,11323,A10,B30,C38,PCS,55,6.27,C,C07,1.358577,344.85,468.51
43131,L16,11323,A10,B30,C38,PCS,959,6.27,C,C07,1.358577,6012.93,8169.03
43131,L16,11323,A10,B30,C38,PCS,793,6.27,C,C07,1.358577,4972.11,6754.99
43131,L16,11323,A10,B30,C38,PCS,535,6.27,C,C07,1.358577,3354.45,4557.28
43131,L16,11323,A10,B30,C38,PCS,761,6.27,C,C07,1.358577,4771.47,6482.41
43131,L16,11323,A10,B30,C38,PCS,261,6.27,C,C07,1.358577,1636.47,2223.27
43131,L16,11323,A10,B30,C38,PCS,969,6.27,C,C07,1.358577,6075.63,8254.21
43118,L16,11362,A19,B30,C31,PCS,108,2.45,C,C07,1.358577,264.6,359.48
43118,L16,11362,A19,B30,C31,PCS,832,2.45,C,C07,1.358577,2038.4,2769.32
43118,L16,11362,A19,B30,C31,PCS,870,2.45,C,C07,1.358577,2131.5,2895.81
43118,L16,11362,A19,B30,C31,PCS,134,2.45,C,C07,1.358577,328.3,446.02
43118,L16,11362,A19,B30,C31,PCS,859,2.45,C,C07,1.358577,2104.55,2859.19
43118,L16,11362,A19,B30,C31,PCS,544,2.45,C,C07,1.358577,1332.8,1810.71
43118,L16,11362,A19,B30,C31,PCS,904,2.45,C,C07,1.358577,2214.8,3008.98
43118,L16,11362,A19,B30,C31,PCS,612,2.45,C,C07,1.358577,1499.4,2037.05
43118,L16,11362,A19,B30,C31,PCS,239,2.45,C,C07,1.358577,585.55,795.51
43118,L16,11362,A19,B30,C31,PCS,515,2.45,C,C07,1.358577,1261.75,1714.18
43126,L16,11495,A13,B28,C36,PCS,616,8.42,C,C01,6.825646,5186.72,35402.71
43126,L16,11495,A13,B28,C36,PCS,422,8.42,C,C01,6.825646,3553.24,24253.16
43126,L16,11495,A13,B28,C36,PCS,128,8.42,C,C01,6.825646,1077.76,7356.41
43126,L16,11495,A13,B28,C36,PCS,537,8.42,C,C01,6.825646,4521.54,30862.43
43126,L16,11495,A13,B28,C36,PCS,123,8.42,C,C01,6.825646,1035.66,7069.05
43126,L16,11495,A13,B28,C36,PCS,797,8.42,C,C01,6.825646,6710.74,45805.14
43126,L16,11495,A13,B28,C36,PCS,309,8.42,C,C01,6.825646,2601.78,17758.83
43126,L16,11495,A13,B28,C36,PCS,556,8.42,C,C01,6.825646,4681.52,31954.4
43126,L16,11495,A13,B28,C36,PCS,809,8.42,C,C01,6.825646,6811.78,46494.8
43126,L16,11495,A13,B28,C36,PCS,889,8.42,C,C01,6.825646,7485.38,51092.55
43108,L16,11579,A11,B23,C32,PCS,522,4.35,D,C07,1.358577,2270.7,3084.92
43108,L16,11579,A11,B23,C32,PCS,640,4.35,D,C07,1.358577,2784,3782.28
43108,L16,11579,A11,B23,C32,PCS,567,4.35,D,C07,1.358577,2466.45,3350.86
43108,L16,11579,A11,B23,C32,PCS,336,4.35,D,C07,1.358577,1461.6,1985.7
43108,L16,11579,A11,B23,C32,PCS,380,4.35,D,C07,1.358577,1653,2245.73
43108,L16,11579,A11,B23,C32,PCS,18,4.35,D,C07,1.358577,78.3,106.38
43108,L16,11579,A11,B23,C32,PCS,439,4.35,D,C07,1.358577,1909.65,2594.41
43108,L16,11579,A11,B23,C32,PCS,795,4.35,D,C07,1.358577,3458.25,4698.3
43108,L16,11579,A11,B23,C32,PCS,697,4.35,D,C07,1.358577,3031.95,4119.14
43108,L16,11579,A11,B23,C32,PCS,292,4.35,D,C07,1.358577,1270.2,1725.66
43130,L16,11602,A18,B24,C39,PCS,80,1.86,C,C07,1.358577,148.8,202.16
43130,L16,11602,A18,B24,C39,PCS,207,1.86,C,C07,1.358577,385.02,523.08
43130,L16,11602,A18,B24,C39,PCS,277,1.86,C,C07,1.358577,515.22,699.97
43130,L16,11602,A18,B24,C39,PCS,749,1.86,C,C07,1.358577,1393.14,1892.69
43130,L16,11602,A18,B24,C39,PCS,521,1.86,C,C07,1.358577,969.06,1316.54
43130,L16,11602,A18,B24,C39,PCS,300,1.86,C,C07,1.358577,558,758.09
43130,L16,11602,A18,B24,C39,PCS,853,1.86,C,C07,1.358577,1586.58,2155.49
43130,L16,11602,A18,B24,C39,PCS,603,1.86,C,C07,1.358577,1121.58,1523.75
43130,L16,11602,A18,B24,C39,PCS,890,1.86,C,C07,1.358577,1655.4,2248.99
43130,L16,11602,A18,B24,C39,PCS,276,1.86,C,C07,1.358577,513.36,697.44
43105,L16,11735,A20,B28,C37,PCS,142,2.42,C,C04,5.388146,343.64,1851.58
43105,L16,11735,A20,B28,C37,PCS,762,2.42,C,C04,5.388146,1844.04,9935.96
43105,L16,11735,A20,B28,C37,PCS,215,2.42,C,C04,5.388146,520.3,2803.45
43105,L16,11735,A20,B28,C37,PCS,607,2.42,C,C04,5.388146,1468.94,7914.86
43105,L16,11735,A20,B28,C37,PCS,934,2.42,C,C04,5.388146,2260.28,12178.72
43105,L16,11735,A20,B28,C37,PCS,877,2.42,C,C04,5.388146,2122.34,11435.48
43105,L16,11735,A20,B28,C37,PCS,182,2.42,C,C04,5.388146,440.44,2373.16
43105,L16,11735,A20,B28,C37,PCS,269,2.42,C,C04,5.388146,650.98,3507.58
43105,L16,11735,A20,B28,C37,PCS,29,2.42,C,C04,5.388146,70.18,378.14
43105,L16,11735,A20,B28,C37,PCS,504,2.42,C,C04,5.388146,1219.68,6571.81
43101,L16,11891,A14,B21,C31,PCS,381,6.13,C,C01,6.825646,2335.53,15941.5
43101,L16,11891,A14,B21,C31,PCS,460,6.13,C,C01,6.825646,2819.8,19246.96
43101,L16,11891,A14,B21,C31,PCS,117,6.13,C,C01,6.825646,717.21,4895.42
43101,L16,11891,A14,B21,C31,PCS,595,6.13,C,C01,6.825646,3647.35,24895.52
43101,L16,11891,A14,B21,C31,PCS,22,6.13,C,C01,6.825646,134.86,920.51
43101,L16,11891,A14,B21,C31,PCS,493,6.13,C,C01,6.825646,3022.09,20627.72
43101,L16,11891,A14,B21,C31,PCS,754,6.13,C,C01,6.825646,4622.02,31548.27
43101,L16,11891,A14,B21,C31,PCS,119,6.13,C,C01,6.825646,729.47,4979.1
43101,L16,11891,A14,B21,C31,PCS,205,6.13,C,C01,6.825646,1256.65,8577.45
43101,L16,11891,A14,B21,C31,PCS,757,6.13,C,C01,6.825646,4640.41,31673.8
43115,L16,11903,A18,B24,C39,PCS,860,9.41,D,C02,9.912483,8092.6,80217.76
43115,L16,11903,A18,B24,C39,PCS,245,9.41,D,C02,9.912483,2305.45,22852.73
43115,L16,11903,A18,B24,C39,PCS,684,9.41,D,C02,9.912483,6436.44,63801.1
43115,L16,11903,A18,B24,C39,PCS,555,9.41,D,C02,9.912483,5222.55,51768.44
43115,L16,11903,A18,B24,C39,PCS,841,9.41,D,C02,9.912483,7913.81,78445.51
43115,L16,11903,A18,B24,C39,PCS,665,9.41,D,C02,9.912483,6257.65,62028.85
43115,L16,11903,A18,B24,C39,PCS,949,9.41,D,C02,9.912483,8930.09,88519.37
43115,L16,11903,A18,B24,C39,PCS,108,9.41,D,C02,9.912483,1016.28,10073.86
43115,L16,11903,A18,B24,C39,PCS,631,9.41,D,C02,9.912483,5937.71,58857.45
43115,L16,11903,A18,B24,C39,PCS,630,9.41,D,C02,9.912483,5928.3,58764.17
43118,L16,12020,A20,B26,C38,PCS,631,2.45,C,C07,1.358577,1545.95,2100.29
43118,L16,12020,A20,B26,C38,PCS,37,2.45,C,C07,1.358577,90.65,123.16
43118,L16,12020,A20,B26,C38,PCS,450,2.45,C,C07,1.358577,1102.5,1497.83
43118,L16,12020,A20,B26,C38,PCS,414,2.45,C,C07,1.358577,1014.3,1378
43118,L16,12020,A20,B26,C38,PCS,71,2.45,C,C07,1.358577,173.95,236.32
43118,L16,12020,A20,B26,C38,PCS,679,2.45,C,C07,1.358577,1663.55,2260.06
43118,L16,12020,A20,B26,C38,PCS,202,2.45,C,C07,1.358577,494.9,672.36
43118,L16,12020,A20,B26,C38,PCS,562,2.45,C,C07,1.358577,1376.9,1870.62
43118,L16,12020,A20,B26,C38,PCS,895,2.45,C,C07,1.358577,2192.75,2979.02
43118,L16,12020,A20,B26,C38,PCS,996,2.45,C,C07,1.358577,2440.2,3315.2
43115,L16,12029,A11,B25,C32,PCS,497,1.05,C,C07,1.358577,521.85,708.97
43115,L16,12029,A11,B25,C32,PCS,722,1.05,C,C07,1.358577,758.1,1029.94
43115,L16,12029,A11,B25,C32,PCS,924,1.05,C,C07,1.358577,970.2,1318.09
43115,L16,12029,A11,B25,C32,PCS,378,1.05,C,C07,1.358577,396.9,539.22
43115,L16,12029,A11,B25,C32,PCS,344,1.05,C,C07,1.358577,361.2,490.72
43115,L16,12029,A11,B25,C32,PCS,231,1.05,C,C07,1.358577,242.55,329.52
43115,L16,12029,A11,B25,C32,PCS,529,1.05,C,C07,1.358577,555.45,754.62
43115,L16,12029,A11,B25,C32,PCS,393,1.05,C,C07,1.358577,412.65,560.62
43115,L16,12029,A11,B25,C32,PCS,303,1.05,C,C07,1.358577,318.15,432.23
43115,L16,12029,A11,B25,C32,PCS,611,1.05,C,C07,1.358577,641.55,871.6
43124,L16,12401,A17,B20,C34,PCS,342,5.42,D,C05,3.40242,1853.64,6306.86
43124,L16,12401,A17,B20,C34,PCS,2,5.42,D,C05,3.40242,10.84,36.88
43124,L16,12401,A17,B20,C34,PCS,768,5.42,D,C05,3.40242,4162.56,14162.78
43124,L16,12401,A17,B20,C34,PCS,556,5.42,D,C05,3.40242,3013.52,10253.26
43124,L16,12401,A17,B20,C34,PCS,701,5.42,D,C05,3.40242,3799.42,12927.22
43124,L16,12401,A17,B20,C34,PCS,93,5.42,D,C05,3.40242,504.06,1715.02
43124,L16,12401,A17,B20,C34,PCS,152,5.42,D,C05,3.40242,823.84,2803.05
43124,L16,12401,A17,B20,C34,PCS,598,5.42,D,C05,3.40242,3241.16,11027.79
43124,L16,12401,A17,B20,C34,PCS,918,5.42,D,C05,3.40242,4975.56,16928.94
43124,L16,12401,A17,B20,C34,PCS,443,5.42,D,C05,3.40242,2401.06,8169.41
43103,L16,12424,A18,B28,C30,PCS,854,8.7,D,C03,7.133317,7429.8,52999.12
43103,L16,12424,A18,B28,C30,PCS,974,8.7,D,C03,7.133317,8473.8,60446.3
43103,L16,12424,A18,B28,C30,PCS,731,8.7,D,C03,7.133317,6359.7,45365.76
43103,L16,12424,A18,B28,C30,PCS,96,8.7,D,C03,7.133317,835.2,5957.75
43103,L16,12424,A18,B28,C30,PCS,986,8.7,D,C03,7.133317,8578.2,61191.02
43103,L16,12424,A18,B28,C30,PCS,882,8.7,D,C03,7.133317,7673.4,54736.79
43103,L16,12424,A18,B28,C30,PCS,176,8.7,D,C03,7.133317,1531.2,10922.53
43103,L16,12424,A18,B28,C30,PCS,264,8.7,D,C03,7.133317,2296.8,16383.8
43103,L16,12424,A18,B28,C30,PCS,419,8.7,D,C03,7.133317,3645.3,26003.08
43103,L16,12424,A18,B28,C30,PCS,644,8.7,D,C03,7.133317,5602.8,39966.55
43123,L16,12553,A15,B29,C34,PCS,32,6.27,C,C03,7.133317,200.64,1431.23
43123,L16,12553,A15,B29,C34,PCS,493,6.27,C,C03,7.133317,3091.11,22049.87
43123,L16,12553,A15,B29,C34,PCS,465,6.27,C,C03,7.133317,2915.55,20797.54
43123,L16,12553,A15,B29,C34,PCS,803,6.27,C,C03,7.133317,5034.81,35914.9
43123,L16,12553,A15,B29,C34,PCS,388,6.27,C,C03,7.133317,2432.76,17353.65
43123,L16,12553,A15,B29,C34,PCS,876,6.27,C,C03,7.133317,5492.52,39179.89
43123,L16,12553,A15,B29,C34,PCS,261,6.27,C,C03,7.133317,1636.47,11673.46
43123,L16,12553,A15,B29,C34,PCS,489,6.27,C,C03,7.133317,3066.03,21870.96
43123,L16,12553,A15,B29,C34,PCS,190,6.27,C,C03,7.133317,1191.3,8497.92
43123,L16,12553,A15,B29,C34,PCS,79,6.27,C,C03,7.133317,495.33,3533.35
43103,L16,12671,A19,B30,C32,PCS,57,6.62,C,C05,3.40242,377.34,1283.87
43103,L16,12671,A19,B30,C32,PCS,160,6.62,C,C05,3.40242,1059.2,3603.84
43103,L16,12671,A19,B30,C32,PCS,336,6.62,C,C05,3.40242,2224.32,7568.07
43103,L16,12671,A19,B30,C32,PCS,1,6.62,C,C05,3.40242,6.62,22.52
43103,L16,12671,A19,B30,C32,PCS,815,6.62,C,C05,3.40242,5395.3,18357.08
43103,L16,12671,A19,B30,C32,PCS,179,6.62,C,C05,3.40242,1184.98,4031.8
43103,L16,12671,A19,B30,C32,PCS,849,6.62,C,C05,3.40242,5620.38,19122.89
43103,L16,12671,A19,B30,C32,PCS,718,6.62,C,C05,3.40242,4753.16,16172.25
43103,L16,12671,A19,B30,C32,PCS,338,6.62,C,C05,3.40242,2237.56,7613.12
43103,L16,12671,A19,B30,C32,PCS,467,6.62,C,C05,3.40242,3091.54,10518.72
43121,L16,12691,A13,B29,C33,PCS,835,3.8,D,C10,8.657656,3173,27470.74
43121,L16,12691,A13,B29,C33,PCS,222,3.8,D,C10,8.657656,843.6,7303.6
43121,L16,12691,A13,B29,C33,PCS,183,3.8,D,C10,8.657656,695.4,6020.53
43121,L16,12691,A13,B29,C33,PCS,362,3.8,D,C10,8.657656,1375.6,11909.47
43121,L16,12691,A13,B29,C33,PCS,848,3.8,D,C10,8.657656,3222.4,27898.43
43121,L16,12691,A13,B29,C33,PCS,385,3.8,D,C10,8.657656,1463,12666.15
43121,L16,12691,A13,B29,C33,PCS,358,3.8,D,C10,8.657656,1360.4,11777.88
43121,L16,12691,A13,B29,C33,PCS,437,3.8,D,C10,8.657656,1660.6,14376.9
43121,L16,12691,A13,B29,C33,PCS,980,3.8,D,C10,8.657656,3724,32241.11
43121,L16,12691,A13,B29,C33,PCS,82,3.8,D,C10,8.657656,311.6,2697.73
43113,L16,12752,A18,B21,C38,PCS,542,8.63,D,C10,8.657656,4677.46,40495.84
43113,L16,12752,A18,B21,C38,PCS,976,8.63,D,C10,8.657656,8422.88,72922.4
43113,L16,12752,A18,B21,C38,PCS,783,8.63,D,C10,8.657656,6757.29,58502.29
43113,L16,12752,A18,B21,C38,PCS,199,8.63,D,C10,8.657656,1717.37,14868.4
43113,L16,12752,A18,B21,C38,PCS,57,8.63,D,C10,8.657656,491.91,4258.79
43113,L16,12752,A18,B21,C38,PCS,848,8.63,D,C10,8.657656,7318.24,63358.8
43113,L16,12752,A18,B21,C38,PCS,873,8.63,D,C10,8.657656,7533.99,65226.69
43113,L16,12752,A18,B21,C38,PCS,718,8.63,D,C10,8.657656,6196.34,53645.78
43113,L16,12752,A18,B21,C38,PCS,776,8.63,D,C10,8.657656,6696.88,57979.28
43113,L16,12752,A18,B21,C38,PCS,943,8.63,D,C10,8.657656,8138.09,70456.78
43123,L16,12808,A20,B28,C32,PCS,624,6.27,C,C03,7.133317,3912.48,27908.96
43123,L16,12808,A20,B28,C32,PCS,191,6.27,C,C03,7.133317,1197.57,8542.65
43123,L16,12808,A20,B28,C32,PCS,411,6.27,C,C03,7.133317,2576.97,18382.34
43123,L16,12808,A20,B28,C32,PCS,280,6.27,C,C03,7.133317,1755.6,12523.25
43123,L16,12808,A20,B28,C32,PCS,873,6.27,C,C03,7.133317,5473.71,39045.71
43123,L16,12808,A20,B28,C32,PCS,124,6.27,C,C03,7.133317,777.48,5546.01
43123,L16,12808,A20,B28,C32,PCS,964,6.27,C,C03,7.133317,6044.28,43115.77
43123,L16,12808,A20,B28,C32,PCS,13,6.27,C,C03,7.133317,81.51,581.44
43123,L16,12808,A20,B28,C32,PCS,662,6.27,C,C03,7.133317,4150.74,29608.54
43123,L16,12808,A20,B28,C32,PCS,185,6.27,C,C03,7.133317,1159.95,8274.29
43121,L16,13061,A10,B27,C31,PCS,644,2.79,C,C04,5.388146,1796.76,9681.21
43121,L16,13061,A10,B27,C31,PCS,106,2.79,C,C04,5.388146,295.74,1593.49
43121,L16,13061,A10,B27,C31,PCS,215,2.79,C,C04,5.388146,599.85,3232.08
43121,L16,13061,A10,B27,C31,PCS,504,2.79,C,C04,5.388146,1406.16,7576.6
43121,L16,13061,A10,B27,C31,PCS,879,2.79,C,C04,5.388146,2452.41,13213.94
43121,L16,13061,A10,B27,C31,PCS,469,2.79,C,C04,5.388146,1308.51,7050.44
43121,L16,13061,A10,B27,C31,PCS,612,2.79,C,C04,5.388146,1707.48,9200.15
43121,L16,13061,A10,B27,C31,PCS,278,2.79,C,C04,5.388146,775.62,4179.15
43121,L16,13061,A10,B27,C31,PCS,906,2.79,C,C04,5.388146,2527.74,13619.83
43121,L16,13061,A10,B27,C31,PCS,373,2.79,C,C04,5.388146,1040.67,5607.28
43131,L16,13125,A19,B26,C35,PCS,861,4.8,C,C01,6.825646,4132.8,28209.03
43131,L16,13125,A19,B26,C35,PCS,896,4.8,C,C01,6.825646,4300.8,29355.74
43131,L16,13125,A19,B26,C35,PCS,840,4.8,C,C01,6.825646,4032,27521
43131,L16,13125,A19,B26,C35,PCS,707,4.8,C,C01,6.825646,3393.6,23163.51
43131,L16,13125,A19,B26,C35,PCS,284,4.8,C,C01,6.825646,1363.2,9304.72
43131,L16,13125,A19,B26,C35,PCS,444,4.8,C,C01,6.825646,2131.2,14546.82
43131,L16,13125,A19,B26,C35,PCS,611,4.8,C,C01,6.825646,2932.8,20018.25
43131,L16,13125,A19,B26,C35,PCS,393,4.8,C,C01,6.825646,1886.4,12875.9
43131,L16,13125,A19,B26,C35,PCS,384,4.8,C,C01,6.825646,1843.2,12581.03
43131,L16,13125,A19,B26,C35,PCS,168,4.8,C,C01,6.825646,806.4,5504.2
43125,L16,13158,A19,B23,C33,PCS,313,4.84,D,C04,5.388146,1514.92,8162.61
43125,L16,13158,A19,B23,C33,PCS,126,4.84,D,C04,5.388146,609.84,3285.91
43125,L16,13158,A19,B23,C33,PCS,761,4.84,D,C04,5.388146,3683.24,19845.83
43125,L16,13158,A19,B23,C33,PCS,761,4.84,D,C04,5.388146,3683.24,19845.83
43125,L16,13158,A19,B23,C33,PCS,661,4.84,D,C04,5.388146,3199.24,17237.97
43125,L16,13158,A19,B23,C33,PCS,457,4.84,D,C04,5.388146,2211.88,11917.93
43125,L16,13158,A19,B23,C33,PCS,620,4.84,D,C04,5.388146,3000.8,16168.75
43125,L16,13158,A19,B23,C33,PCS,564,4.84,D,C04,5.388146,2729.76,14708.35
43125,L16,13158,A19,B23,C33,PCS,531,4.84,D,C04,5.388146,2570.04,13847.75
43125,L16,13158,A19,B23,C33,PCS,732,4.84,D,C04,5.388146,3542.88,19089.55
43115,L16,13181,A13,B20,C32,PCS,927,9.41,C,C02,9.912483,8723.07,86467.28
43115,L16,13181,A13,B20,C32,PCS,529,9.41,C,C02,9.912483,4977.89,49343.25
43115,L16,13181,A13,B20,C32,PCS,666,9.41,C,C02,9.912483,6267.06,62122.13
43115,L16,13181,A13,B20,C32,PCS,365,9.41,C,C02,9.912483,3434.65,34045.91
43115,L16,13181,A13,B20,C32,PCS,709,9.41,C,C02,9.912483,6671.69,66133.01
43115,L16,13181,A13,B20,C32,PCS,325,9.41,C,C02,9.912483,3058.25,30314.85
43115,L16,13181,A13,B20,C32,PCS,337,9.41,C,C02,9.912483,3171.17,31434.17
43115,L16,13181,A13,B20,C32,PCS,202,9.41,C,C02,9.912483,1900.82,18841.85
43115,L16,13181,A13,B20,C32,PCS,919,9.41,C,C02,9.912483,8647.79,85721.07
43115,L16,13181,A13,B20,C32,PCS,580,9.41,C,C02,9.912483,5457.8,54100.35
43121,L16,13432,A10,B24,C39,PCS,280,2.79,C,C04,5.388146,781.2,4209.22
43121,L16,13432,A10,B24,C39,PCS,47,2.79,C,C04,5.388146,131.13,706.55
43121,L16,13432,A10,B24,C39,PCS,699,2.79,C,C04,5.388146,1950.21,10508.02
43121,L16,13432,A10,B24,C39,PCS,102,2.79,C,C04,5.388146,284.58,1533.36
43121,L16,13432,A10,B24,C39,PCS,299,2.79,C,C04,5.388146,834.21,4494.85
43121,L16,13432,A10,B24,C39,PCS,920,2.79,C,C04,5.388146,2566.8,13830.29
43121,L16,13432,A10,B24,C39,PCS,927,2.79,C,C04,5.388146,2586.33,13935.52
43121,L16,13432,A10,B24,C39,PCS,834,2.79,C,C04,5.388146,2326.86,12537.46
43121,L16,13432,A10,B24,C39,PCS,527,2.79,C,C04,5.388146,1470.33,7922.35
43121,L16,13432,A10,B24,C39,PCS,668,2.79,C,C04,5.388146,1863.72,10042
43131,L16,13446,A16,B24,C32,PCS,698,4.8,C,C01,6.825646,3350.4,22868.64
43131,L16,13446,A16,B24,C32,PCS,118,4.8,C,C01,6.825646,566.4,3866.05
43131,L16,13446,A16,B24,C32,PCS,281,4.8,C,C01,6.825646,1348.8,9206.43
43131,L16,13446,A16,B24,C32,PCS,98,4.8,C,C01,6.825646,470.4,3210.78
43131,L16,13446,A16,B24,C32,PCS,509,4.8,C,C01,6.825646,2443.2,16676.42
43131,L16,13446,A16,B24,C32,PCS,574,4.8,C,C01,6.825646,2755.2,18806.02
43131,L16,13446,A16,B24,C32,PCS,634,4.8,C,C01,6.825646,3043.2,20771.81
43131,L16,13446,A16,B24,C32,PCS,420,4.8,C,C01,6.825646,2016,13760.5
43131,L16,13446,A16,B24,C32,PCS,979,4.8,C,C01,6.825646,4699.2,32075.08
43131,L16,13446,A16,B24,C32,PCS,214,4.8,C,C01,6.825646,1027.2,7011.3
43105,L16,13487,A13,B30,C33,PCS,59,8.81,D,C06,3.547054,519.79,1843.72
43105,L16,13487,A13,B30,C33,PCS,307,8.81,D,C06,3.547054,2704.67,9593.61
43105,L16,13487,A13,B30,C33,PCS,717,8.81,D,C06,3.547054,6316.77,22405.92
43105,L16,13487,A13,B30,C33,PCS,126,8.81,D,C06,3.547054,1110.06,3937.44
43105,L16,13487,A13,B30,C33,PCS,840,8.81,D,C06,3.547054,7400.4,26249.62
43105,L16,13487,A13,B30,C33,PCS,539,8.81,D,C06,3.547054,4748.59,16843.51
43105,L16,13487,A13,B30,C33,PCS,445,8.81,D,C06,3.547054,3920.45,13906.05
43105,L16,13487,A13,B30,C33,PCS,4,8.81,D,C06,3.547054,35.24,125
43105,L16,13487,A13,B30,C33,PCS,871,8.81,D,C06,3.547054,7673.51,27218.35
43105,L16,13487,A13,B30,C33,PCS,687,8.81,D,C06,3.547054,6052.47,21468.44
43131,L16,13649,A17,B28,C40,PCS,821,6.27,C,C07,1.358577,5147.67,6993.51
43131,L16,13649,A17,B28,C40,PCS,684,6.27,C,C07,1.358577,4288.68,5826.5
43131,L16,13649,A17,B28,C40,PCS,79,6.27,C,C07,1.358577,495.33,672.94
43131,L16,13649,A17,B28,C40,PCS,16,6.27,C,C07,1.358577,100.32,136.29
43131,L16,13649,A17,B28,C40,PCS,684,6.27,C,C07,1.358577,4288.68,5826.5
43131,L16,13649,A17,B28,C40,PCS,985,6.27,C,C07,1.358577,6175.95,8390.5
43131,L16,13649,A17,B28,C40,PCS,735,6.27,C,C07,1.358577,4608.45,6260.93
43131,L16,13649,A17,B28,C40,PCS,932,6.27,C,C07,1.358577,5843.64,7939.03
43131,L16,13649,A17,B28,C40,PCS,423,6.27,C,C07,1.358577,2652.21,3603.23
43131,L16,13649,A17,B28,C40,PCS,979,6.27,C,C07,1.358577,6138.33,8339.39
43130,L16,13751,A15,B20,C34,PCS,301,8.05,C,C09,1.199464,2423.05,2906.36
43130,L16,13751,A15,B20,C34,PCS,925,8.05,C,C09,1.199464,7446.25,8931.51
43130,L16,13751,A15,B20,C34,PCS,200,8.05,C,C09,1.199464,1610,1931.14
43130,L16,13751,A15,B20,C34,PCS,477,8.05,C,C09,1.199464,3839.85,4605.76
43130,L16,13751,A15,B20,C34,PCS,723,8.05,C,C09,1.199464,5820.15,6981.06
43130,L16,13751,A15,B20,C34,PCS,30,8.05,C,C09,1.199464,241.5,289.67
43130,L16,13751,A15,B20,C34,PCS,263,8.05,C,C09,1.199464,2117.15,2539.45
43130,L16,13751,A15,B20,C34,PCS,876,8.05,C,C09,1.199464,7051.8,8458.38
43130,L16,13751,A15,B20,C34,PCS,512,8.05,C,C09,1.199464,4121.6,4943.71
43130,L16,13751,A15,B20,C34,PCS,861,8.05,C,C09,1.199464,6931.05,8313.54
43118,L16,13917,A11,B29,C33,PCS,636,2.45,D,C07,1.358577,1558.2,2116.93
43118,L16,13917,A11,B29,C33,PCS,57,2.45,D,C07,1.358577,139.65,189.73
43118,L16,13917,A11,B29,C33,PCS,736,2.45,D,C07,1.358577,1803.2,2449.79
43118,L16,13917,A11,B29,C33,PCS,426,2.45,D,C07,1.358577,1043.7,1417.95
43118,L16,13917,A11,B29,C33,PCS,832,2.45,D,C07,1.358577,2038.4,2769.32
43118,L16,13917,A11,B29,C33,PCS,487,2.45,D,C07,1.358577,1193.15,1620.99
43118,L16,13917,A11,B29,C33,PCS,930,2.45,D,C07,1.358577,2278.5,3095.52
43118,L16,13917,A11,B29,C33,PCS,251,2.45,D,C07,1.358577,614.95,835.46
43118,L16,13917,A11,B29,C33,PCS,409,2.45,D,C07,1.358577,1002.05,1361.36
43118,L16,13917,A11,B29,C33,PCS,443,2.45,D,C07,1.358577,1085.35,1474.53
43127,L16,13941,A18,B28,C30,PCS,256,4.06,D,C07,1.358577,1039.36,1412.05
43127,L16,13941,A18,B28,C30,PCS,422,4.06,D,C07,1.358577,1713.32,2327.68
43127,L16,13941,A18,B28,C30,PCS,163,4.06,D,C07,1.358577,661.78,899.08
43127,L16,13941,A18,B28,C30,PCS,828,4.06,D,C07,1.358577,3361.68,4567.1
43127,L16,13941,A18,B28,C30,PCS,684,4.06,D,C07,1.358577,2777.04,3772.82
43127,L16,13941,A18,B28,C30,PCS,71,4.06,D,C07,1.358577,288.26,391.62
43127,L16,13941,A18,B28,C30,PCS,845,4.06,D,C07,1.358577,3430.7,4660.87
43127,L16,13941,A18,B28,C30,PCS,382,4.06,D,C07,1.358577,1550.92,2107.04
43127,L16,13941,A18,B28,C30,PCS,387,4.06,D,C07,1.358577,1571.22,2134.62
43127,L16,13941,A18,B28,C30,PCS,713,4.06,D,C07,1.358577,2894.78,3932.78
43124,L16,14008,A14,B28,C32,PCS,82,5.42,C,C05,3.40242,444.44,1512.17
43124,L16,14008,A14,B28,C32,PCS,836,5.42,C,C05,3.40242,4531.12,15416.77
43124,L16,14008,A14,B28,C32,PCS,223,5.42,C,C05,3.40242,1208.66,4112.37
43124,L16,14008,A14,B28,C32,PCS,940,5.42,C,C05,3.40242,5094.8,17334.65
43124,L16,14008,A14,B28,C32,PCS,445,5.42,C,C05,3.40242,2411.9,8206.3
43124,L16,14008,A14,B28,C32,PCS,684,5.42,C,C05,3.40242,3707.28,12613.72
43124,L16,14008,A14,B28,C32,PCS,530,5.42,C,C05,3.40242,2872.6,9773.79
43124,L16,14008,A14,B28,C32,PCS,184,5.42,C,C05,3.40242,997.28,3393.17
43124,L16,14008,A14,B28,C32,PCS,914,5.42,C,C05,3.40242,4953.88,16855.18
43124,L16,14008,A14,B28,C32,PCS,571,5.42,C,C05,3.40242,3094.82,10529.88
43101,L16,14048,A20,B20,C34,PCS,865,6.13,C,C01,6.825646,5302.45,36192.65
43101,L16,14048,A20,B20,C34,PCS,418,6.13,C,C01,6.825646,2562.34,17489.63
43101,L16,14048,A20,B20,C34,PCS,745,6.13,C,C01,6.825646,4566.85,31171.7
43101,L16,14048,A20,B20,C34,PCS,960,6.13,C,C01,6.825646,5884.8,40167.56
43101,L16,14048,A20,B20,C34,PCS,138,6.13,C,C01,6.825646,845.94,5774.09
43101,L16,14048,A20,B20,C34,PCS,575,6.13,C,C01,6.825646,3524.75,24058.7
43101,L16,14048,A20,B20,C34,PCS,220,6.13,C,C01,6.825646,1348.6,9205.07
43101,L16,14048,A20,B20,C34,PCS,334,6.13,C,C01,6.825646,2047.42,13974.96
43101,L16,14048,A20,B20,C34,PCS,177,6.13,C,C01,6.825646,1085.01,7405.89
43101,L16,14048,A20,B20,C34,PCS,43,6.13,C,C01,6.825646,263.59,1799.17
43104,L16,14137,A19,B30,C36,PCS,627,2.92,D,C04,5.388146,1830.84,9864.83
43104,L16,14137,A19,B30,C36,PCS,264,2.92,D,C04,5.388146,770.88,4153.61
43104,L16,14137,A19,B30,C36,PCS,312,2.92,D,C04,5.388146,911.04,4908.82
43104,L16,14137,A19,B30,C36,PCS,273,2.92,D,C04,5.388146,797.16,4295.21
43104,L16,14137,A19,B30,C36,PCS,966,2.92,D,C04,5.388146,2820.72,15198.45
43104,L16,14137,A19,B30,C36,PCS,988,2.92,D,C04,5.388146,2884.96,15544.59
43104,L16,14137,A19,B30,C36,PCS,146,2.92,D,C04,5.388146,426.32,2297.07
43104,L16,14137,A19,B30,C36,PCS,621,2.92,D,C04,5.388146,1813.32,9770.43
43104,L16,14137,A19,B30,C36,PCS,805,2.92,D,C04,5.388146,2350.6,12665.38
43104,L16,14137,A19,B30,C36,PCS,7,2.92,D,C04,5.388146,20.44,110.13
43111,L16,14303,A12,B21,C31,PCS,496,9.46,C,C03,7.133317,4692.16,33470.66
43111,L16,14303,A12,B21,C31,PCS,247,9.46,C,C03,7.133317,2336.62,16667.85
43111,L16,14303,A12,B21,C31,PCS,918,9.46,C,C03,7.133317,8684.28,61947.72
43111,L16,14303,A12,B21,C31,PCS,923,9.46,C,C03,7.133317,8731.58,62285.13
43111,L16,14303,A12,B21,C31,PCS,662,9.46,C,C03,7.133317,6262.52,44672.54
43111,L16,14303,A12,B21,C31,PCS,922,9.46,C,C03,7.133317,8722.12,62217.65
43111,L16,14303,A12,B21,C31,PCS,109,9.46,C,C03,7.133317,1031.14,7355.45
43111,L16,14303,A12,B21,C31,PCS,298,9.46,C,C03,7.133317,2819.08,20109.39
43111,L16,14303,A12,B21,C31,PCS,567,9.46,C,C03,7.133317,5363.82,38261.83
43111,L16,14303,A12,B21,C31,PCS,740,9.46,C,C03,7.133317,7000.4,49936.07
43121,L16,14339,A13,B22,C30,PCS,412,2.79,C,C04,5.388146,1149.48,6193.57
43121,L16,14339,A13,B22,C30,PCS,516,2.79,C,C04,5.388146,1439.64,7756.99
43121,L16,14339,A13,B22,C30,PCS,246,2.79,C,C04,5.388146,686.34,3698.1
43121,L16,14339,A13,B22,C30,PCS,692,2.79,C,C04,5.388146,1930.68,10402.79
43121,L16,14339,A13,B22,C30,PCS,370,2.79,C,C04,5.388146,1032.3,5562.18
43121,L16,14339,A13,B22,C30,PCS,880,2.79,C,C04,5.388146,2455.2,13228.98
43121,L16,14339,A13,B22,C30,PCS,28,2.79,C,C04,5.388146,78.12,420.92
43121,L16,14339,A13,B22,C30,PCS,230,2.79,C,C04,5.388146,641.7,3457.57
43121,L16,14339,A13,B22,C30,PCS,148,2.79,C,C04,5.388146,412.92,2224.87
43121,L16,14339,A13,B22,C30,PCS,453,2.79,C,C04,5.388146,1263.87,6809.92
43125,L16,14385,A11,B23,C32,PCS,669,4.84,C,C04,5.388146,3237.96,17446.6
43125,L16,14385,A11,B23,C32,PCS,14,4.84,C,C04,5.388146,67.76,365.1
43125,L16,14385,A11,B23,C32,PCS,912,4.84,C,C04,5.388146,4414.08,23783.71
43125,L16,14385,A11,B23,C32,PCS,242,4.84,C,C04,5.388146,1171.28,6311.03
43125,L16,14385,A11,B23,C32,PCS,981,4.84,C,C04,5.388146,4748.04,25583.13
43125,L16,14385,A11,B23,C32,PCS,866,4.84,C,C04,5.388146,4191.44,22584.09
43125,L16,14385,A11,B23,C32,PCS,92,4.84,C,C04,5.388146,445.28,2399.23
43125,L16,14385,A11,B23,C32,PCS,776,4.84,C,C04,5.388146,3755.84,20237.01
43125,L16,14385,A11,B23,C32,PCS,727,4.84,C,C04,5.388146,3518.68,18959.16
43125,L16,14385,A11,B23,C32,PCS,238,4.84,C,C04,5.388146,1151.92,6206.71
43124,L16,14615,A16,B29,C39,PCS,949,5.25,D,C04,5.388146,4982.25,26845.09
43118,L16,14615,A16,B23,C38,PCS,338,2.45,D,C07,1.358577,828.1,1125.04
43124,L16,14615,A16,B29,C39,PCS,181,5.25,D,C04,5.388146,950.25,5120.09
43118,L16,14615,A16,B23,C38,PCS,425,2.45,D,C07,1.358577,1041.25,1414.62
43124,L16,14615,A16,B29,C39,PCS,912,5.25,D,C04,5.388146,4788,25798.44
43118,L16,14615,A16,B23,C38,PCS,534,2.45,D,C07,1.358577,1308.3,1777.43
43124,L16,14615,A16,B29,C39,PCS,528,5.25,D,C04,5.388146,2772,14935.94
43118,L16,14615,A16,B23,C38,PCS,943,2.45,D,C07,1.358577,2310.35,3138.79
43124,L16,14615,A16,B29,C39,PCS,806,5.25,D,C04,5.388146,4231.5,22799.94
43118,L16,14615,A16,B23,C38,PCS,583,2.45,D,C07,1.358577,1428.35,1940.52
43124,L16,14615,A16,B29,C39,PCS,89,5.25,D,C04,5.388146,467.25,2517.61
43118,L16,14615,A16,B23,C38,PCS,265,2.45,D,C07,1.358577,649.25,882.06
43124,L16,14615,A16,B29,C39,PCS,268,5.25,D,C04,5.388146,1407,7581.12
43118,L16,14615,A16,B23,C38,PCS,62,2.45,D,C07,1.358577,151.9,206.37
43124,L16,14615,A16,B29,C39,PCS,543,5.25,D,C04,5.388146,2850.75,15360.26
43118,L16,14615,A16,B23,C38,PCS,331,2.45,D,C07,1.358577,810.95,1101.74
43124,L16,14615,A16,B29,C39,PCS,372,5.25,D,C04,5.388146,1953,10523.05
43118,L16,14615,A16,B23,C38,PCS,580,2.45,D,C07,1.358577,1421,1930.54
43124,L16,14615,A16,B29,C39,PCS,367,5.25,D,C04,5.388146,1926.75,10381.61
43118,L16,14615,A16,B23,C38,PCS,818,2.45,D,C07,1.358577,2004.1,2722.72
43102,L16,14626,A14,B21,C36,PCS,916,7.01,D,C06,3.547054,6421.16,22776.2
43102,L16,14626,A14,B21,C36,PCS,638,7.01,D,C06,3.547054,4472.38,15863.77
43102,L16,14626,A14,B21,C36,PCS,807,7.01,D,C06,3.547054,5657.07,20065.93
43102,L16,14626,A14,B21,C36,PCS,532,7.01,D,C06,3.547054,3729.32,13228.1
43102,L16,14626,A14,B21,C36,PCS,116,7.01,D,C06,3.547054,813.16,2884.32
43102,L16,14626,A14,B21,C36,PCS,631,7.01,D,C06,3.547054,4423.31,15689.72
43102,L16,14626,A14,B21,C36,PCS,176,7.01,D,C06,3.547054,1233.76,4376.21
43102,L16,14626,A14,B21,C36,PCS,59,7.01,D,C06,3.547054,413.59,1467.03
43102,L16,14626,A14,B21,C36,PCS,907,7.01,D,C06,3.547054,6358.07,22552.42
43102,L16,14626,A14,B21,C36,PCS,934,7.01,D,C06,3.547054,6547.34,23223.77
43101,L16,14665,A10,B28,C30,PCS,56,5.23,D,C06,3.547054,292.88,1038.86
43101,L16,14665,A10,B28,C30,PCS,888,5.23,D,C06,3.547054,4644.24,16473.37
43101,L16,14665,A10,B28,C30,PCS,775,5.23,D,C06,3.547054,4053.25,14377.1
43101,L16,14665,A10,B28,C30,PCS,606,5.23,D,C06,3.547054,3169.38,11241.96
43101,L16,14665,A10,B28,C30,PCS,663,5.23,D,C06,3.547054,3467.49,12299.37
43101,L16,14665,A10,B28,C30,PCS,55,5.23,D,C06,3.547054,287.65,1020.31
43101,L16,14665,A10,B28,C30,PCS,774,5.23,D,C06,3.547054,4048.02,14358.55
43101,L16,14665,A10,B28,C30,PCS,7,5.23,D,C06,3.547054,36.61,129.86
43101,L16,14665,A10,B28,C30,PCS,137,5.23,D,C06,3.547054,716.51,2541.5
43101,L16,14665,A10,B28,C30,PCS,390,5.23,D,C06,3.547054,2039.7,7234.93
43106,L16,14898,A19,B27,C39,PCS,200,6,D,C05,3.40242,1200,4082.9
43106,L16,14898,A19,B27,C39,PCS,566,6,D,C05,3.40242,3396,11554.62
43106,L16,14898,A19,B27,C39,PCS,200,6,D,C05,3.40242,1200,4082.9
43106,L16,14898,A19,B27,C39,PCS,288,6,D,C05,3.40242,1728,5879.38
43106,L16,14898,A19,B27,C39,PCS,645,6,D,C05,3.40242,3870,13167.37
43106,L16,14898,A19,B27,C39,PCS,702,6,D,C05,3.40242,4212,14330.99
43106,L16,14898,A19,B27,C39,PCS,545,6,D,C05,3.40242,3270,11125.91
43106,L16,14898,A19,B27,C39,PCS,759,6,D,C05,3.40242,4554,15494.62
43106,L16,14898,A19,B27,C39,PCS,901,6,D,C05,3.40242,5406,18393.48
43106,L16,14898,A19,B27,C39,PCS,618,6,D,C05,3.40242,3708,12616.17
43122,L16,14905,A14,B24,C31,PCS,657,8.18,D,C05,3.40242,5374.26,18285.49
43122,L16,14905,A14,B24,C31,PCS,921,8.18,D,C05,3.40242,7533.78,25633.08
43122,L16,14905,A14,B24,C31,PCS,510,8.18,D,C05,3.40242,4171.8,14194.22
43122,L16,14905,A14,B24,C31,PCS,386,8.18,D,C05,3.40242,3157.48,10743.07
43122,L16,14905,A14,B24,C31,PCS,975,8.18,D,C05,3.40242,7975.5,27136
43122,L16,14905,A14,B24,C31,PCS,42,8.18,D,C05,3.40242,343.56,1168.94
43122,L16,14905,A14,B24,C31,PCS,79,8.18,D,C05,3.40242,646.22,2198.71
43122,L16,14905,A14,B24,C31,PCS,726,8.18,D,C05,3.40242,5938.68,20205.88
43122,L16,14905,A14,B24,C31,PCS,605,8.18,D,C05,3.40242,4948.9,16838.24
43122,L16,14905,A14,B24,C31,PCS,334,8.18,D,C05,3.40242,2732.12,9295.82
43112,L16,14951,A16,B30,C40,PCS,557,4.64,C,C05,3.40242,2584.48,8793.49
43112,L16,14951,A16,B30,C40,PCS,86,4.64,C,C05,3.40242,399.04,1357.7
43112,L16,14951,A16,B30,C40,PCS,606,4.64,C,C05,3.40242,2811.84,9567.06
43112,L16,14951,A16,B30,C40,PCS,525,4.64,C,C05,3.40242,2436,8288.3
43112,L16,14951,A16,B30,C40,PCS,645,4.64,C,C05,3.40242,2992.8,10182.76
43112,L16,14951,A16,B30,C40,PCS,969,4.64,C,C05,3.40242,4496.16,15297.82
43112,L16,14951,A16,B30,C40,PCS,470,4.64,C,C05,3.40242,2180.8,7420
43112,L16,14951,A16,B30,C40,PCS,911,4.64,C,C05,3.40242,4227.04,14382.17
43112,L16,14951,A16,B30,C40,PCS,617,4.64,C,C05,3.40242,2862.88,9740.72
43112,L16,14951,A16,B30,C40,PCS,394,4.64,C,C05,3.40242,1828.16,6220.17
43122,L16,15064,A18,B21,C34,PCS,939,2.86,D,C06,3.547054,2685.54,9525.76
43122,L16,15064,A18,B21,C34,PCS,101,2.86,D,C06,3.547054,288.86,1024.6
43122,L16,15064,A18,B21,C34,PCS,235,2.86,D,C06,3.547054,672.1,2383.97
43122,L16,15064,A18,B21,C34,PCS,128,2.86,D,C06,3.547054,366.08,1298.51
43122,L16,15064,A18,B21,C34,PCS,130,2.86,D,C06,3.547054,371.8,1318.79
43122,L16,15064,A18,B21,C34,PCS,30,2.86,D,C06,3.547054,85.8,304.34
43122,L16,15064,A18,B21,C34,PCS,490,2.86,D,C06,3.547054,1401.4,4970.84
43122,L16,15064,A18,B21,C34,PCS,673,2.86,D,C06,3.547054,1924.78,6827.3
43122,L16,15064,A18,B21,C34,PCS,926,2.86,D,C06,3.547054,2648.36,9393.88
43122,L16,15064,A18,B21,C34,PCS,285,2.86,D,C06,3.547054,815.1,2891.2
43106,L16,15095,A10,B29,C31,PCS,246,8.81,D,C09,1.199464,2167.26,2599.55
43106,L16,15095,A10,B29,C31,PCS,341,8.81,D,C09,1.199464,3004.21,3603.44
43106,L16,15095,A10,B29,C31,PCS,361,8.81,D,C09,1.199464,3180.41,3814.79
43106,L16,15095,A10,B29,C31,PCS,234,8.81,D,C09,1.199464,2061.54,2472.74
43106,L16,15095,A10,B29,C31,PCS,882,8.81,D,C09,1.199464,7770.42,9320.34
43106,L16,15095,A10,B29,C31,PCS,846,8.81,D,C09,1.199464,7453.26,8939.92
43106,L16,15095,A10,B29,C31,PCS,50,8.81,D,C09,1.199464,440.5,528.36
43106,L16,15095,A10,B29,C31,PCS,182,8.81,D,C09,1.199464,1603.42,1923.24
43106,L16,15095,A10,B29,C31,PCS,363,8.81,D,C09,1.199464,3198.03,3835.92
43106,L16,15095,A10,B29,C31,PCS,140,8.81,D,C09,1.199464,1233.4,1479.42
43115,L16,15238,A11,B20,C38,PCS,25,1.05,D,C07,1.358577,26.25,35.66
43115,L16,15238,A11,B20,C38,PCS,103,1.05,D,C07,1.358577,108.15,146.93
43115,L16,15238,A11,B20,C38,PCS,237,1.05,D,C07,1.358577,248.85,338.08
43115,L16,15238,A11,B20,C38,PCS,536,1.05,D,C07,1.358577,562.8,764.61
43115,L16,15238,A11,B20,C38,PCS,210,1.05,D,C07,1.358577,220.5,299.57
43115,L16,15238,A11,B20,C38,PCS,695,1.05,D,C07,1.358577,729.75,991.42
43115,L16,15238,A11,B20,C38,PCS,147,1.05,D,C07,1.358577,154.35,209.7
43115,L16,15238,A11,B20,C38,PCS,108,1.05,D,C07,1.358577,113.4,154.06
43115,L16,15238,A11,B20,C38,PCS,192,1.05,D,C07,1.358577,201.6,273.89
43115,L16,15238,A11,B20,C38,PCS,290,1.05,D,C07,1.358577,304.5,413.69
43127,L16,15249,A11,B30,C38,PCS,173,9.27,C,C05,3.40242,1603.71,5456.49
43127,L16,15249,A11,B30,C38,PCS,638,9.27,C,C05,3.40242,5914.26,20122.8
43127,L16,15249,A11,B30,C38,PCS,390,9.27,C,C05,3.40242,3615.3,12300.77
43127,L16,15249,A11,B30,C38,PCS,9,9.27,C,C05,3.40242,83.43,283.86
43127,L16,15249,A11,B30,C38,PCS,163,9.27,C,C05,3.40242,1511.01,5141.09
43127,L16,15249,A11,B30,C38,PCS,843,9.27,C,C05,3.40242,7814.61,26588.59
43127,L16,15249,A11,B30,C38,PCS,653,9.27,C,C05,3.40242,6053.31,20595.9
43127,L16,15249,A11,B30,C38,PCS,567,9.27,C,C05,3.40242,5256.09,17883.43
43127,L16,15249,A11,B30,C38,PCS,592,9.27,C,C05,3.40242,5487.84,18671.94
43127,L16,15249,A11,B30,C38,PCS,401,9.27,C,C05,3.40242,3717.27,12647.71
43111,L16,15250,A11,B30,C39,PCS,336,4.51,C,C01,6.825646,1515.36,10343.31
43111,L16,15250,A11,B30,C39,PCS,856,4.51,C,C01,6.825646,3860.56,26350.82
43111,L16,15250,A11,B30,C39,PCS,95,4.51,C,C01,6.825646,428.45,2924.45
43111,L16,15250,A11,B30,C39,PCS,979,4.51,C,C01,6.825646,4415.29,30137.21
43111,L16,15250,A11,B30,C39,PCS,196,4.51,C,C01,6.825646,883.96,6033.6
43111,L16,15250,A11,B30,C39,PCS,354,4.51,C,C01,6.825646,1596.54,10897.42
43111,L16,15250,A11,B30,C39,PCS,859,4.51,C,C01,6.825646,3874.09,26443.17
43111,L16,15250,A11,B30,C39,PCS,631,4.51,C,C01,6.825646,2845.81,19424.49
43111,L16,15250,A11,B30,C39,PCS,372,4.51,C,C01,6.825646,1677.72,11451.52
43111,L16,15250,A11,B30,C39,PCS,88,4.51,C,C01,6.825646,396.88,2708.96
43101,L16,15261,A11,B25,C30,PCS,699,3.64,D,C06,3.547054,2544.36,9024.98
43101,L16,15261,A11,B25,C30,PCS,725,3.64,D,C06,3.547054,2639,9360.68
43101,L16,15261,A11,B25,C30,PCS,374,3.64,D,C06,3.547054,1361.36,4828.82
43101,L16,15261,A11,B25,C30,PCS,436,3.64,D,C06,3.547054,1587.04,5629.32
43101,L16,15261,A11,B25,C30,PCS,125,3.64,D,C06,3.547054,455,1613.91
43101,L16,15261,A11,B25,C30,PCS,152,3.64,D,C06,3.547054,553.28,1962.51
43101,L16,15261,A11,B25,C30,PCS,275,3.64,D,C06,3.547054,1001,3550.6
43101,L16,15261,A11,B25,C30,PCS,834,3.64,D,C06,3.547054,3035.76,10768
43101,L16,15261,A11,B25,C30,PCS,310,3.64,D,C06,3.547054,1128.4,4002.5
43101,L16,15261,A11,B25,C30,PCS,829,3.64,D,C06,3.547054,3017.56,10703.45
43105,L16,15296,A14,B28,C36,PCS,355,8.81,C,C06,3.547054,3127.55,11093.59
43105,L16,15296,A14,B28,C36,PCS,778,8.81,C,C06,3.547054,6854.18,24312.15
43105,L16,15296,A14,B28,C36,PCS,553,8.81,C,C06,3.547054,4871.93,17281
43105,L16,15296,A14,B28,C36,PCS,936,8.81,C,C06,3.547054,8246.16,29249.57
43105,L16,15296,A14,B28,C36,PCS,346,8.81,C,C06,3.547054,3048.26,10812.34
43105,L16,15296,A14,B28,C36,PCS,990,8.81,C,C06,3.547054,8721.9,30937.05
43105,L16,15296,A14,B28,C36,PCS,299,8.81,C,C06,3.547054,2634.19,9343.61
43105,L16,15296,A14,B28,C36,PCS,418,8.81,C,C06,3.547054,3682.58,13062.31
43105,L16,15296,A14,B28,C36,PCS,527,8.81,C,C06,3.547054,4642.87,16468.51
43105,L16,15296,A14,B28,C36,PCS,775,8.81,C,C06,3.547054,6827.75,24218.4
43117,L16,15481,A20,B30,C37,PCS,36,8.94,C,C08,1.496196,321.84,481.54
43117,L16,15481,A20,B30,C37,PCS,983,8.94,C,C08,1.496196,8788.02,13148.6
43117,L16,15481,A20,B30,C37,PCS,308,8.94,C,C08,1.496196,2753.52,4119.81
43117,L16,15481,A20,B30,C37,PCS,948,8.94,C,C08,1.496196,8475.12,12680.44
43117,L16,15481,A20,B30,C37,PCS,803,8.94,C,C08,1.496196,7178.82,10740.92
43117,L16,15481,A20,B30,C37,PCS,637,8.94,C,C08,1.496196,5694.78,8520.51
43117,L16,15481,A20,B30,C37,PCS,650,8.94,C,C08,1.496196,5811,8694.39
43117,L16,15481,A20,B30,C37,PCS,785,8.94,C,C08,1.496196,7017.9,10500.15
43117,L16,15481,A20,B30,C37,PCS,163,8.94,C,C08,1.496196,1457.22,2180.29
43117,L16,15481,A20,B30,C37,PCS,347,8.94,C,C08,1.496196,3102.18,4641.47
43121,L16,15514,A16,B20,C30,PCS,736,2.79,D,C04,5.388146,2053.44,11064.23
43121,L16,15514,A16,B20,C30,PCS,857,2.79,D,C04,5.388146,2391.03,12883.22
43121,L16,15514,A16,B20,C30,PCS,826,2.79,D,C04,5.388146,2304.54,12417.2
43121,L16,15514,A16,B20,C30,PCS,421,2.79,D,C04,5.388146,1174.59,6328.86
43121,L16,15514,A16,B20,C30,PCS,322,2.79,D,C04,5.388146,898.38,4840.6
43121,L16,15514,A16,B20,C30,PCS,617,2.79,D,C04,5.388146,1721.43,9275.32
43121,L16,15514,A16,B20,C30,PCS,297,2.79,D,C04,5.388146,828.63,4464.78
43121,L16,15514,A16,B20,C30,PCS,715,2.79,D,C04,5.388146,1994.85,10748.54
43121,L16,15514,A16,B20,C30,PCS,966,2.79,D,C04,5.388146,2695.14,14521.81
43121,L16,15514,A16,B20,C30,PCS,242,2.79,D,C04,5.388146,675.18,3637.97
43111,L16,15642,A20,B20,C32,PCS,423,4.51,C,C01,6.825646,1907.73,13021.49
43111,L16,15642,A20,B20,C32,PCS,86,4.51,C,C01,6.825646,387.86,2647.4
43111,L16,15642,A20,B20,C32,PCS,767,4.51,C,C01,6.825646,3459.17,23611.07
43111,L16,15642,A20,B20,C32,PCS,920,4.51,C,C01,6.825646,4149.2,28320.97
43111,L16,15642,A20,B20,C32,PCS,507,4.51,C,C01,6.825646,2286.57,15607.32
43111,L16,15642,A20,B20,C32,PCS,269,4.51,C,C01,6.825646,1213.19,8280.81
43111,L16,15642,A20,B20,C32,PCS,578,4.51,C,C01,6.825646,2606.78,17792.96
43111,L16,15642,A20,B20,C32,PCS,601,4.51,C,C01,6.825646,2710.51,18500.98
43111,L16,15642,A20,B20,C32,PCS,599,4.51,C,C01,6.825646,2701.49,18439.41
43111,L16,15642,A20,B20,C32,PCS,516,4.51,C,C01,6.825646,2327.16,15884.37
43118,L16,15710,A13,B29,C34,PCS,503,4.63,C,C04,5.388146,2328.89,12548.4
43118,L16,15710,A13,B29,C34,PCS,289,4.63,C,C04,5.388146,1338.07,7209.72
43118,L16,15710,A13,B29,C34,PCS,945,4.63,C,C04,5.388146,4375.35,23575.02
43118,L16,15710,A13,B29,C34,PCS,576,4.63,C,C04,5.388146,2666.88,14369.54
43118,L16,15710,A13,B29,C34,PCS,501,4.63,C,C04,5.388146,2319.63,12498.51
43118,L16,15710,A13,B29,C34,PCS,329,4.63,C,C04,5.388146,1523.27,8207.6
43118,L16,15710,A13,B29,C34,PCS,36,4.63,C,C04,5.388146,166.68,898.1
43118,L16,15710,A13,B29,C34,PCS,496,4.63,C,C04,5.388146,2296.48,12373.77
43118,L16,15710,A13,B29,C34,PCS,834,4.63,C,C04,5.388146,3861.42,20805.89
43118,L16,15710,A13,B29,C34,PCS,269,4.63,C,C04,5.388146,1245.47,6710.77
43127,L16,15744,A20,B20,C36,PCS,640,9.27,D,C05,3.40242,5932.8,20185.88
43127,L16,15744,A20,B20,C36,PCS,995,9.27,D,C05,3.40242,9223.65,31382.73
43127,L16,15744,A20,B20,C36,PCS,90,9.27,D,C05,3.40242,834.3,2838.64
43127,L16,15744,A20,B20,C36,PCS,594,9.27,D,C05,3.40242,5506.38,18735.02
43127,L16,15744,A20,B20,C36,PCS,556,9.27,D,C05,3.40242,5154.12,17536.48
43127,L16,15744,A20,B20,C36,PCS,773,9.27,D,C05,3.40242,7165.71,24380.76
43127,L16,15744,A20,B20,C36,PCS,324,9.27,D,C05,3.40242,3003.48,10219.1
43127,L16,15744,A20,B20,C36,PCS,576,9.27,D,C05,3.40242,5339.52,18167.29
43127,L16,15744,A20,B20,C36,PCS,29,9.27,D,C05,3.40242,268.83,914.67
43127,L16,15744,A20,B20,C36,PCS,126,9.27,D,C05,3.40242,1168.02,3974.09
43109,L16,15900,A16,B25,C40,PCS,729,3.93,C,C06,3.547054,2864.97,10162.2
43109,L16,15900,A16,B25,C40,PCS,842,3.93,C,C06,3.547054,3309.06,11737.41
43109,L16,15900,A16,B25,C40,PCS,717,3.93,C,C06,3.547054,2817.81,9994.92
43109,L16,15900,A16,B25,C40,PCS,378,3.93,C,C06,3.547054,1485.54,5269.29
43109,L16,15900,A16,B25,C40,PCS,286,3.93,C,C06,3.547054,1123.98,3986.82
43109,L16,15900,A16,B25,C40,PCS,565,3.93,C,C06,3.547054,2220.45,7876.06
43109,L16,15900,A16,B25,C40,PCS,45,3.93,C,C06,3.547054,176.85,627.3
43109,L16,15900,A16,B25,C40,PCS,662,3.93,C,C06,3.547054,2601.66,9228.23
43109,L16,15900,A16,B25,C40,PCS,640,3.93,C,C06,3.547054,2515.2,8921.55
43109,L16,15900,A16,B25,C40,PCS,127,3.93,C,C06,3.547054,499.11,1770.37
43107,L16,15923,A19,B24,C36,PCS,819,9.66,C,C07,1.358577,7911.54,10748.44
43107,L16,15923,A19,B24,C36,PCS,313,9.66,C,C07,1.358577,3023.58,4107.77
43107,L16,15923,A19,B24,C36,PCS,375,9.66,C,C07,1.358577,3622.5,4921.45
43107,L16,15923,A19,B24,C36,PCS,830,9.66,C,C07,1.358577,8017.8,10892.8
43107,L16,15923,A19,B24,C36,PCS,203,9.66,C,C07,1.358577,1960.98,2664.14
43107,L16,15923,A19,B24,C36,PCS,432,9.66,C,C07,1.358577,4173.12,5669.5
43107,L16,15923,A19,B24,C36,PCS,593,9.66,C,C07,1.358577,5728.38,7782.45
43107,L16,15923,A19,B24,C36,PCS,34,9.66,C,C07,1.358577,328.44,446.21
43107,L16,15923,A19,B24,C36,PCS,704,9.66,C,C07,1.358577,6800.64,9239.19
43107,L16,15923,A19,B24,C36,PCS,419,9.66,C,C07,1.358577,4047.54,5498.89
43101,L16,15932,A13,B20,C37,PCS,242,2.99,C,C02,9.912483,723.58,7172.47
43101,L16,15932,A13,B20,C37,PCS,398,2.99,C,C02,9.912483,1190.02,11796.05
43101,L16,15932,A13,B20,C37,PCS,145,2.99,C,C02,9.912483,433.55,4297.56
43101,L16,15932,A13,B20,C37,PCS,233,2.99,C,C02,9.912483,696.67,6905.73
43101,L16,15932,A13,B20,C37,PCS,508,2.99,C,C02,9.912483,1518.92,15056.27
43101,L16,15932,A13,B20,C37,PCS,40,2.99,C,C02,9.912483,119.6,1185.53
43101,L16,15932,A13,B20,C37,PCS,39,2.99,C,C02,9.912483,116.61,1155.89
43101,L16,15932,A13,B20,C37,PCS,49,2.99,C,C02,9.912483,146.51,1452.28
43101,L16,15932,A13,B20,C37,PCS,577,2.99,C,C02,9.912483,1725.23,17101.31
43101,L16,15932,A13,B20,C37,PCS,216,2.99,C,C02,9.912483,645.84,6401.88
43115,L16,15958,A19,B30,C37,PCS,469,4.81,C,C06,3.547054,2255.89,8001.76
43115,L16,15958,A19,B30,C37,PCS,511,4.81,C,C06,3.547054,2457.91,8718.34
43115,L16,15958,A19,B30,C37,PCS,157,4.81,C,C06,3.547054,755.17,2678.63
43115,L16,15958,A19,B30,C37,PCS,611,4.81,C,C06,3.547054,2938.91,10424.47
43115,L16,15958,A19,B30,C37,PCS,191,4.81,C,C06,3.547054,918.71,3258.71
43115,L16,15958,A19,B30,C37,PCS,386,4.81,C,C06,3.547054,1856.66,6585.67
43115,L16,15958,A19,B30,C37,PCS,891,4.81,C,C06,3.547054,4285.71,15201.64
43115,L16,15958,A19,B30,C37,PCS,871,4.81,C,C06,3.547054,4189.51,14860.42
43115,L16,15958,A19,B30,C37,PCS,721,4.81,C,C06,3.547054,3468.01,12301.22
43115,L16,15958,A19,B30,C37,PCS,637,4.81,C,C06,3.547054,3063.97,10868.07
43121,L16,16080,A14,B29,C36,PCS,458,9.59,D,C03,7.133317,4392.22,31331.1
43121,L16,16080,A14,B29,C36,PCS,994,9.59,D,C03,7.133317,9532.46,67998.06
43121,L16,16080,A14,B29,C36,PCS,849,9.59,D,C03,7.133317,8141.91,58078.83
43121,L16,16080,A14,B29,C36,PCS,854,9.59,D,C03,7.133317,8189.86,58420.87
43121,L16,16080,A14,B29,C36,PCS,841,9.59,D,C03,7.133317,8065.19,57531.56
43121,L16,16080,A14,B29,C36,PCS,935,9.59,D,C03,7.133317,8966.65,63961.96
43121,L16,16080,A14,B29,C36,PCS,207,9.59,D,C03,7.133317,1985.13,14160.56
43121,L16,16080,A14,B29,C36,PCS,82,9.59,D,C03,7.133317,786.38,5609.5
43121,L16,16080,A14,B29,C36,PCS,22,9.59,D,C03,7.133317,210.98,1504.99
43121,L16,16080,A14,B29,C36,PCS,76,9.59,D,C03,7.133317,728.84,5199.05
43116,L16,16290,A20,B28,C38,PCS,795,8.27,C,C05,3.40242,6574.65,22369.72
43116,L16,16290,A20,B28,C38,PCS,191,8.27,C,C05,3.40242,1579.57,5374.36
43116,L16,16290,A20,B28,C38,PCS,151,8.27,C,C05,3.40242,1248.77,4248.84
43116,L16,16290,A20,B28,C38,PCS,573,8.27,C,C05,3.40242,4738.71,16123.08
43116,L16,16290,A20,B28,C38,PCS,248,8.27,C,C05,3.40242,2050.96,6978.23
43116,L16,16290,A20,B28,C38,PCS,175,8.27,C,C05,3.40242,1447.25,4924.15
43116,L16,16290,A20,B28,C38,PCS,724,8.27,C,C05,3.40242,5987.48,20371.92
43116,L16,16290,A20,B28,C38,PCS,365,8.27,C,C05,3.40242,3018.55,10270.37
43116,L16,16290,A20,B28,C38,PCS,19,8.27,C,C05,3.40242,157.13,534.62
43116,L16,16290,A20,B28,C38,PCS,900,8.27,C,C05,3.40242,7443,25324.21
43108,L16,16417,A12,B26,C31,PCS,123,4.35,C,C07,1.358577,535.05,726.91
43108,L16,16417,A12,B26,C31,PCS,10,4.35,C,C07,1.358577,43.5,59.1
43108,L16,16417,A12,B26,C31,PCS,45,4.35,C,C07,1.358577,195.75,265.94
43108,L16,16417,A12,B26,C31,PCS,33,4.35,C,C07,1.358577,143.55,195.02
43108,L16,16417,A12,B26,C31,PCS,153,4.35,C,C07,1.358577,665.55,904.2
43108,L16,16417,A12,B26,C31,PCS,786,4.35,C,C07,1.358577,3419.1,4645.11
43108,L16,16417,A12,B26,C31,PCS,701,4.35,C,C07,1.358577,3049.35,4142.78
43108,L16,16417,A12,B26,C31,PCS,912,4.35,C,C07,1.358577,3967.2,5389.75
43108,L16,16417,A12,B26,C31,PCS,99,4.35,C,C07,1.358577,430.65,585.07
43108,L16,16417,A12,B26,C31,PCS,613,4.35,C,C07,1.358577,2666.55,3622.71
43118,L16,16510,A15,B24,C37,PCS,910,9.14,D,C10,8.657656,8317.4,72009.19
43118,L16,16510,A15,B24,C37,PCS,752,9.14,D,C10,8.657656,6873.28,59506.49
43118,L16,16510,A15,B24,C37,PCS,113,9.14,D,C10,8.657656,1032.82,8941.8
43118,L16,16510,A15,B24,C37,PCS,803,9.14,D,C10,8.657656,7339.42,63542.17
43118,L16,16510,A15,B24,C37,PCS,744,9.14,D,C10,8.657656,6800.16,58873.45
43118,L16,16510,A15,B24,C37,PCS,111,9.14,D,C10,8.657656,1014.54,8783.54
43118,L16,16510,A15,B24,C37,PCS,57,9.14,D,C10,8.657656,520.98,4510.47
43118,L16,16510,A15,B24,C37,PCS,962,9.14,D,C10,8.657656,8792.68,76124
43118,L16,16510,A15,B24,C37,PCS,537,9.14,D,C10,8.657656,4908.18,42493.33
43118,L16,16510,A15,B24,C37,PCS,90,9.14,D,C10,8.657656,822.6,7121.79
43124,L16,16514,A12,B26,C30,PCS,44,5.42,C,C05,3.40242,238.48,811.41
43124,L16,16514,A12,B26,C30,PCS,780,5.42,C,C05,3.40242,4227.6,14384.07
43124,L16,16514,A12,B26,C30,PCS,439,5.42,C,C05,3.40242,2379.38,8095.65
43124,L16,16514,A12,B26,C30,PCS,799,5.42,C,C05,3.40242,4330.58,14734.45
43124,L16,16514,A12,B26,C30,PCS,223,5.42,C,C05,3.40242,1208.66,4112.37
43124,L16,16514,A12,B26,C30,PCS,981,5.42,C,C05,3.40242,5317.02,18090.74
43124,L16,16514,A12,B26,C30,PCS,390,5.42,C,C05,3.40242,2113.8,7192.04
43124,L16,16514,A12,B26,C30,PCS,882,5.42,C,C05,3.40242,4780.44,16265.06
43124,L16,16514,A12,B26,C30,PCS,959,5.42,C,C05,3.40242,5197.78,17685.03
43124,L16,16514,A12,B26,C30,PCS,653,5.42,C,C05,3.40242,3539.26,12042.05
43115,L16,16534,A16,B28,C38,PCS,360,9.41,C,C02,9.912483,3387.6,33579.53
43115,L16,16534,A16,B28,C38,PCS,736,9.41,C,C02,9.912483,6925.76,68651.48
43115,L16,16534,A16,B28,C38,PCS,781,9.41,C,C02,9.912483,7349.21,72848.92
43115,L16,16534,A16,B28,C38,PCS,369,9.41,C,C02,9.912483,3472.29,34419.02
43115,L16,16534,A16,B28,C38,PCS,345,9.41,C,C02,9.912483,3246.45,32180.38
43115,L16,16534,A16,B28,C38,PCS,146,9.41,C,C02,9.912483,1373.86,13618.36
43115,L16,16534,A16,B28,C38,PCS,897,9.41,C,C02,9.912483,8440.77,83668.99
43115,L16,16534,A16,B28,C38,PCS,213,9.41,C,C02,9.912483,2004.33,19867.89
43115,L16,16534,A16,B28,C38,PCS,932,9.41,C,C02,9.912483,8770.12,86933.67
43115,L16,16534,A16,B28,C38,PCS,648,9.41,C,C02,9.912483,6097.68,60443.15
43105,L16,16609,A15,B28,C35,PCS,32,5.64,C,C09,1.199464,180.48,216.48
43105,L16,16609,A15,B28,C35,PCS,228,5.64,C,C09,1.199464,1285.92,1542.41
43105,L16,16609,A15,B28,C35,PCS,203,5.64,C,C09,1.199464,1144.92,1373.29
43105,L16,16609,A15,B28,C35,PCS,654,5.64,C,C09,1.199464,3688.56,4424.29
43105,L16,16609,A15,B28,C35,PCS,637,5.64,C,C09,1.199464,3592.68,4309.29
43105,L16,16609,A15,B28,C35,PCS,261,5.64,C,C09,1.199464,1472.04,1765.66
43105,L16,16609,A15,B28,C35,PCS,696,5.64,C,C09,1.199464,3925.44,4708.42
43105,L16,16609,A15,B28,C35,PCS,104,5.64,C,C09,1.199464,586.56,703.56
43105,L16,16609,A15,B28,C35,PCS,432,5.64,C,C09,1.199464,2436.48,2922.47
43105,L16,16609,A15,B28,C35,PCS,403,5.64,C,C09,1.199464,2272.92,2726.29
43115,L16,16622,A15,B29,C35,PCS,621,1.05,C,C07,1.358577,652.05,885.86
43115,L16,16622,A15,B29,C35,PCS,146,1.05,C,C07,1.358577,153.3,208.27
43115,L16,16622,A15,B29,C35,PCS,836,1.05,C,C07,1.358577,877.8,1192.56
43115,L16,16622,A15,B29,C35,PCS,953,1.05,C,C07,1.358577,1000.65,1359.46
43115,L16,16622,A15,B29,C35,PCS,260,1.05,C,C07,1.358577,273,370.89
43115,L16,16622,A15,B29,C35,PCS,407,1.05,C,C07,1.358577,427.35,580.59
43115,L16,16622,A15,B29,C35,PCS,807,1.05,C,C07,1.358577,847.35,1151.19
43115,L16,16622,A15,B29,C35,PCS,464,1.05,C,C07,1.358577,487.2,661.9
43115,L16,16622,A15,B29,C35,PCS,26,1.05,C,C07,1.358577,27.3,37.09
43115,L16,16622,A15,B29,C35,PCS,55,1.05,C,C07,1.358577,57.75,78.46
43124,L16,16647,A12,B27,C30,PCS,541,5.25,D,C04,5.388146,2840.25,15303.68
43124,L16,16647,A12,B27,C30,PCS,347,5.25,D,C04,5.388146,1821.75,9815.85
43124,L16,16647,A12,B27,C30,PCS,751,5.25,D,C04,5.388146,3942.75,21244.11
43124,L16,16647,A12,B27,C30,PCS,156,5.25,D,C04,5.388146,819,4412.89
43124,L16,16647,A12,B27,C30,PCS,882,5.25,D,C04,5.388146,4630.5,24949.81
43124,L16,16647,A12,B27,C30,PCS,419,5.25,D,C04,5.388146,2199.75,11852.57
43124,L16,16647,A12,B27,C30,PCS,823,5.25,D,C04,5.388146,4320.75,23280.83
43124,L16,16647,A12,B27,C30,PCS,673,5.25,D,C04,5.388146,3533.25,19037.67
43124,L16,16647,A12,B27,C30,PCS,752,5.25,D,C04,5.388146,3948,21272.4
43124,L16,16647,A12,B27,C30,PCS,56,5.25,D,C04,5.388146,294,1584.11
43101,L16,16652,A14,B24,C30,PCS,55,5.23,C,C06,3.547054,287.65,1020.31
43101,L16,16652,A14,B24,C30,PCS,930,5.23,C,C06,3.547054,4863.9,17252.52
43101,L16,16652,A14,B24,C30,PCS,827,5.23,C,C06,3.547054,4325.21,15341.75
43101,L16,16652,A14,B24,C30,PCS,214,5.23,C,C06,3.547054,1119.22,3969.93
43101,L16,16652,A14,B24,C30,PCS,803,5.23,C,C06,3.547054,4199.69,14896.53
43101,L16,16652,A14,B24,C30,PCS,94,5.23,C,C06,3.547054,491.62,1743.8
43101,L16,16652,A14,B24,C30,PCS,187,5.23,C,C06,3.547054,978.01,3469.05
43101,L16,16652,A14,B24,C30,PCS,215,5.23,C,C06,3.547054,1124.45,3988.48
43101,L16,16652,A14,B24,C30,PCS,183,5.23,C,C06,3.547054,957.09,3394.85
43101,L16,16652,A14,B24,C30,PCS,331,5.23,C,C06,3.547054,1731.13,6140.41
43105,L16,16906,A13,B27,C32,PCS,8,5.64,C,C09,1.199464,45.12,54.12
43105,L16,16906,A13,B27,C32,PCS,727,5.64,C,C09,1.199464,4100.28,4918.14
43105,L16,16906,A13,B27,C32,PCS,953,5.64,C,C09,1.199464,5374.92,6447.02
43105,L16,16906,A13,B27,C32,PCS,10,5.64,C,C09,1.199464,56.4,67.65
43105,L16,16906,A13,B27,C32,PCS,877,5.64,C,C09,1.199464,4946.28,5932.88
43105,L16,16906,A13,B27,C32,PCS,959,5.64,C,C09,1.199464,5408.76,6487.61
43105,L16,16906,A13,B27,C32,PCS,72,5.64,C,C09,1.199464,406.08,487.08
43105,L16,16906,A13,B27,C32,PCS,973,5.64,C,C09,1.199464,5487.72,6582.32
43105,L16,16906,A13,B27,C32,PCS,863,5.64,C,C09,1.199464,4867.32,5838.18
43105,L16,16906,A13,B27,C32,PCS,238,5.64,C,C09,1.199464,1342.32,1610.06
43115,L16,16971,A19,B30,C38,PCS,57,9.41,D,C02,9.912483,536.37,5316.76
43115,L16,16971,A19,B30,C38,PCS,845,9.41,D,C02,9.912483,7951.45,78818.61
43115,L16,16971,A19,B30,C38,PCS,821,9.41,D,C02,9.912483,7725.61,76579.98
43115,L16,16971,A19,B30,C38,PCS,578,9.41,D,C02,9.912483,5438.98,53913.8
43115,L16,16971,A19,B30,C38,PCS,947,9.41,D,C02,9.912483,8911.27,88332.81
43115,L16,16971,A19,B30,C38,PCS,311,9.41,D,C02,9.912483,2926.51,29008.98
43115,L16,16971,A19,B30,C38,PCS,163,9.41,D,C02,9.912483,1533.83,15204.06
43115,L16,16971,A19,B30,C38,PCS,935,9.41,D,C02,9.912483,8798.35,87213.49
43115,L16,16971,A19,B30,C38,PCS,844,9.41,D,C02,9.912483,7942.04,78725.34
43115,L16,16971,A19,B30,C38,PCS,78,9.41,D,C02,9.912483,733.98,7275.56
43103,L16,16990,A20,B27,C37,PCS,9,8.7,C,C03,7.133317,78.3,558.54
43103,L16,16990,A20,B27,C37,PCS,354,8.7,C,C03,7.133317,3079.8,21969.19
43103,L16,16990,A20,B27,C37,PCS,290,8.7,C,C03,7.133317,2523,17997.36
43103,L16,16990,A20,B27,C37,PCS,533,8.7,C,C03,7.133317,4637.1,33077.9
43103,L16,16990,A20,B27,C37,PCS,134,8.7,C,C03,7.133317,1165.8,8316.02
43103,L16,16990,A20,B27,C37,PCS,84,8.7,C,C03,7.133317,730.8,5213.03
43103,L16,16990,A20,B27,C37,PCS,705,8.7,C,C03,7.133317,6133.5,43752.2
43103,L16,16990,A20,B27,C37,PCS,268,8.7,C,C03,7.133317,2331.6,16632.04
43103,L16,16990,A20,B27,C37,PCS,234,8.7,C,C03,7.133317,2035.8,14522.01
43103,L16,16990,A20,B27,C37,PCS,247,8.7,C,C03,7.133317,2148.9,15328.78
43124,L16,17131,A14,B23,C31,PCS,722,4.9,C,C10,8.657656,3537.8,30629.06
43124,L16,17131,A14,B23,C31,PCS,608,4.9,C,C10,8.657656,2979.2,25792.89
43124,L16,17131,A14,B23,C31,PCS,106,4.9,C,C10,8.657656,519.4,4496.79
43124,L16,17131,A14,B23,C31,PCS,829,4.9,C,C10,8.657656,4062.1,35168.26
43124,L16,17131,A14,B23,C31,PCS,542,4.9,C,C10,8.657656,2655.8,22993
43124,L16,17131,A14,B23,C31,PCS,114,4.9,C,C10,8.657656,558.6,4836.17
43124,L16,17131,A14,B23,C31,PCS,46,4.9,C,C10,8.657656,225.4,1951.44
43124,L16,17131,A14,B23,C31,PCS,770,4.9,C,C10,8.657656,3773,32665.34
43124,L16,17131,A14,B23,C31,PCS,207,4.9,C,C10,8.657656,1014.3,8781.46
43124,L16,17131,A14,B23,C31,PCS,945,4.9,C,C10,8.657656,4630.5,40089.28
43101,L16,17493,A16,B29,C37,PCS,960,4.7,D,C08,1.496196,4512,6750.84
43101,L16,17493,A16,B29,C37,PCS,318,4.7,D,C08,1.496196,1494.6,2236.21
43101,L16,17493,A16,B29,C37,PCS,982,4.7,D,C08,1.496196,4615.4,6905.54
43101,L16,17493,A16,B29,C37,PCS,748,4.7,D,C08,1.496196,3515.6,5260.03
43101,L16,17493,A16,B29,C37,PCS,288,4.7,D,C08,1.496196,1353.6,2025.25
43101,L16,17493,A16,B29,C37,PCS,807,4.7,D,C08,1.496196,3792.9,5674.92
43101,L16,17493,A16,B29,C37,PCS,18,4.7,D,C08,1.496196,84.6,126.58
43101,L16,17493,A16,B29,C37,PCS,5,4.7,D,C08,1.496196,23.5,35.16
43101,L16,17493,A16,B29,C37,PCS,432,4.7,D,C08,1.496196,2030.4,3037.88
43101,L16,17493,A16,B29,C37,PCS,623,4.7,D,C08,1.496196,2928.1,4381.01
43126,L16,17582,A17,B20,C30,PCS,373,9.74,D,C02,9.912483,3633.02,36012.25
43126,L16,17582,A17,B20,C30,PCS,561,9.74,D,C02,9.912483,5464.14,54163.19
43126,L16,17582,A17,B20,C30,PCS,942,9.74,D,C02,9.912483,9175.08,90947.82
43126,L16,17582,A17,B20,C30,PCS,829,9.74,D,C02,9.912483,8074.46,80037.95
43126,L16,17582,A17,B20,C30,PCS,644,9.74,D,C02,9.912483,6272.56,62176.64
43126,L16,17582,A17,B20,C30,PCS,736,9.74,D,C02,9.912483,7168.64,71059.02
43126,L16,17582,A17,B20,C30,PCS,440,9.74,D,C02,9.912483,4285.6,42480.94
43126,L16,17582,A17,B20,C30,PCS,500,9.74,D,C02,9.912483,4870,48273.79
43126,L16,17582,A17,B20,C30,PCS,496,9.74,D,C02,9.912483,4831.04,47887.6
43126,L16,17582,A17,B20,C30,PCS,657,9.74,D,C02,9.912483,6399.18,63431.76
43117,L16,17606,A16,B22,C35,PCS,921,8.94,D,C08,1.496196,8233.74,12319.29
43117,L16,17606,A16,B22,C35,PCS,719,8.94,D,C08,1.496196,6427.86,9617.34
43117,L16,17606,A16,B22,C35,PCS,22,8.94,D,C08,1.496196,196.68,294.27
43117,L16,17606,A16,B22,C35,PCS,804,8.94,D,C08,1.496196,7187.76,10754.3
43117,L16,17606,A16,B22,C35,PCS,445,8.94,D,C08,1.496196,3978.3,5952.32
43117,L16,17606,A16,B22,C35,PCS,966,8.94,D,C08,1.496196,8636.04,12921.21
43117,L16,17606,A16,B22,C35,PCS,498,8.94,D,C08,1.496196,4452.12,6661.24
43117,L16,17606,A16,B22,C35,PCS,133,8.94,D,C08,1.496196,1189.02,1779.01
43117,L16,17606,A16,B22,C35,PCS,362,8.94,D,C08,1.496196,3236.28,4842.11
43117,L16,17606,A16,B22,C35,PCS,336,8.94,D,C08,1.496196,3003.84,4494.33
43114,L16,17645,A12,B28,C33,PCS,848,9.22,C,C05,3.40242,7818.56,26602.02
43131,L16,17645,A15,B29,C40,PCS,987,6.27,D,C07,1.358577,6188.49,8407.54
43114,L16,17645,A12,B28,C33,PCS,16,9.22,C,C05,3.40242,147.52,501.92
43131,L16,17645,A15,B29,C40,PCS,456,6.27,D,C07,1.358577,2859.12,3884.33
43114,L16,17645,A12,B28,C33,PCS,739,9.22,C,C05,3.40242,6813.58,23182.66
43131,L16,17645,A15,B29,C40,PCS,161,6.27,D,C07,1.358577,1009.47,1371.44
43114,L16,17645,A12,B28,C33,PCS,28,9.22,C,C05,3.40242,258.16,878.37
43131,L16,17645,A15,B29,C40,PCS,891,6.27,D,C07,1.358577,5586.57,7589.79
43114,L16,17645,A12,B28,C33,PCS,883,9.22,C,C05,3.40242,8141.26,27699.99
43131,L16,17645,A15,B29,C40,PCS,371,6.27,D,C07,1.358577,2326.17,3160.28
43114,L16,17645,A12,B28,C33,PCS,419,9.22,C,C05,3.40242,3863.18,13144.16
43131,L16,17645,A15,B29,C40,PCS,877,6.27,D,C07,1.358577,5498.79,7470.53
43114,L16,17645,A12,B28,C33,PCS,877,9.22,C,C05,3.40242,8085.94,27511.76
43131,L16,17645,A15,B29,C40,PCS,628,6.27,D,C07,1.358577,3937.56,5349.48
43114,L16,17645,A12,B28,C33,PCS,431,9.22,C,C05,3.40242,3973.82,13520.6
43131,L16,17645,A15,B29,C40,PCS,839,6.27,D,C07,1.358577,5260.53,7146.84
43114,L16,17645,A12,B28,C33,PCS,758,9.22,C,C05,3.40242,6988.76,23778.7
43131,L16,17645,A15,B29,C40,PCS,458,6.27,D,C07,1.358577,2871.66,3901.37
43114,L16,17645,A12,B28,C33,PCS,49,9.22,C,C05,3.40242,451.78,1537.15
43131,L16,17645,A15,B29,C40,PCS,211,6.27,D,C07,1.358577,1322.97,1797.36
43105,L16,17667,A18,B28,C31,PCS,372,4.13,D,C06,3.547054,1536.36,5449.55
43105,L16,17667,A18,B28,C31,PCS,110,4.13,D,C06,3.547054,454.3,1611.43
43105,L16,17667,A18,B28,C31,PCS,94,4.13,D,C06,3.547054,388.22,1377.04
43105,L16,17667,A18,B28,C31,PCS,510,4.13,D,C06,3.547054,2106.3,7471.16
43105,L16,17667,A18,B28,C31,PCS,164,4.13,D,C06,3.547054,677.32,2402.49
43105,L16,17667,A18,B28,C31,PCS,142,4.13,D,C06,3.547054,586.46,2080.21
43105,L16,17667,A18,B28,C31,PCS,924,4.13,D,C06,3.547054,3816.12,13535.98
43105,L16,17667,A18,B28,C31,PCS,832,4.13,D,C06,3.547054,3436.16,12188.25
43105,L16,17667,A18,B28,C31,PCS,843,4.13,D,C06,3.547054,3481.59,12349.39
43105,L16,17667,A18,B28,C31,PCS,561,4.13,D,C06,3.547054,2316.93,8218.28
43131,L16,17822,A13,B21,C36,PCS,515,4.8,D,C01,6.825646,2472,16873
43131,L16,17822,A13,B21,C36,PCS,744,4.8,D,C01,6.825646,3571.2,24375.75
43131,L16,17822,A13,B21,C36,PCS,399,4.8,D,C01,6.825646,1915.2,13072.48
43131,L16,17822,A13,B21,C36,PCS,323,4.8,D,C01,6.825646,1550.4,10582.48
43131,L16,17822,A13,B21,C36,PCS,190,4.8,D,C01,6.825646,912,6224.99
43131,L16,17822,A13,B21,C36,PCS,546,4.8,D,C01,6.825646,2620.8,17888.65
43131,L16,17822,A13,B21,C36,PCS,291,4.8,D,C01,6.825646,1396.8,9534.06
43131,L16,17822,A13,B21,C36,PCS,69,4.8,D,C01,6.825646,331.2,2260.65
43131,L16,17822,A13,B21,C36,PCS,522,4.8,D,C01,6.825646,2505.6,17102.34
43131,L16,17822,A13,B21,C36,PCS,455,4.8,D,C01,6.825646,2184,14907.21
43101,L16,17874,A11,B27,C31,PCS,633,3.64,C,C06,3.547054,2304.12,8172.84
43101,L16,17874,A11,B27,C31,PCS,797,3.64,C,C06,3.547054,2901.08,10290.29
43101,L16,17874,A11,B27,C31,PCS,368,3.64,C,C06,3.547054,1339.52,4751.35
43101,L16,17874,A11,B27,C31,PCS,420,3.64,C,C06,3.547054,1528.8,5422.74
43101,L16,17874,A11,B27,C31,PCS,4,3.64,C,C06,3.547054,14.56,51.65
43101,L16,17874,A11,B27,C31,PCS,254,3.64,C,C06,3.547054,924.56,3279.46
43101,L16,17874,A11,B27,C31,PCS,90,3.64,C,C06,3.547054,327.6,1162.01
43101,L16,17874,A11,B27,C31,PCS,367,3.64,C,C06,3.547054,1335.88,4738.44
43101,L16,17874,A11,B27,C31,PCS,704,3.64,C,C06,3.547054,2562.56,9089.54
43101,L16,17874,A11,B27,C31,PCS,510,3.64,C,C06,3.547054,1856.4,6584.75
43125,L16,17975,A20,B22,C37,PCS,123,7.49,C,C10,8.657656,921.27,7976.04
43125,L16,17975,A20,B22,C37,PCS,421,7.49,C,C10,8.657656,3153.29,27300.1
43125,L16,17975,A20,B22,C37,PCS,685,7.49,C,C10,8.657656,5130.65,44419.4
43125,L16,17975,A20,B22,C37,PCS,546,7.49,C,C10,8.657656,4089.54,35405.83
43125,L16,17975,A20,B22,C37,PCS,603,7.49,C,C10,8.657656,4516.47,39102.04
43125,L16,17975,A20,B22,C37,PCS,509,7.49,C,C10,8.657656,3812.41,33006.53
43125,L16,17975,A20,B22,C37,PCS,884,7.49,C,C10,8.657656,6621.16,57323.73
43125,L16,17975,A20,B22,C37,PCS,433,7.49,C,C10,8.657656,3243.17,28078.25
43125,L16,17975,A20,B22,C37,PCS,131,7.49,C,C10,8.657656,981.19,8494.81
43125,L16,17975,A20,B22,C37,PCS,88,7.49,C,C10,8.657656,659.12,5706.43
43120,L16,18046,A14,B22,C40,PCS,297,6.94,D,C03,7.133317,2061.18,14703.05
43120,L16,18046,A14,B22,C40,PCS,978,6.94,D,C03,7.133317,6787.32,48416.11
43120,L16,18046,A14,B22,C40,PCS,563,6.94,D,C03,7.133317,3907.22,27871.44
43120,L16,18046,A14,B22,C40,PCS,202,6.94,D,C03,7.133317,1401.88,10000.05
43120,L16,18046,A14,B22,C40,PCS,419,6.94,D,C03,7.133317,2907.86,20742.69
43120,L16,18046,A14,B22,C40,PCS,165,6.94,D,C03,7.133317,1145.1,8168.36
43120,L16,18046,A14,B22,C40,PCS,803,6.94,D,C03,7.133317,5572.82,39752.69
43120,L16,18046,A14,B22,C40,PCS,309,6.94,D,C03,7.133317,2144.46,15297.11
43120,L16,18046,A14,B22,C40,PCS,839,6.94,D,C03,7.133317,5822.66,41534.88
43120,L16,18046,A14,B22,C40,PCS,175,6.94,D,C03,7.133317,1214.5,8663.41
43115,L16,18084,A17,B23,C32,PCS,281,1.29,C,C06,3.547054,362.49,1285.77
43115,L16,18084,A17,B23,C32,PCS,266,1.29,C,C06,3.547054,343.14,1217.14
43115,L16,18084,A17,B23,C32,PCS,295,1.29,C,C06,3.547054,380.55,1349.83
43115,L16,18084,A17,B23,C32,PCS,475,1.29,C,C06,3.547054,612.75,2173.46
43115,L16,18084,A17,B23,C32,PCS,385,1.29,C,C06,3.547054,496.65,1761.64
43115,L16,18084,A17,B23,C32,PCS,953,1.29,C,C06,3.547054,1229.37,4360.64
43115,L16,18084,A17,B23,C32,PCS,89,1.29,C,C06,3.547054,114.81,407.24
43115,L16,18084,A17,B23,C32,PCS,37,1.29,C,C06,3.547054,47.73,169.3
43115,L16,18084,A17,B23,C32,PCS,716,1.29,C,C06,3.547054,923.64,3276.2
43115,L16,18084,A17,B23,C32,PCS,745,1.29,C,C06,3.547054,961.05,3408.9
43119,L16,18160,A19,B22,C30,PCS,243,6.52,C,C07,1.358577,1584.36,2152.48
43119,L16,18160,A19,B22,C30,PCS,829,6.52,C,C07,1.358577,5405.08,7343.22
43119,L16,18160,A19,B22,C30,PCS,153,6.52,C,C07,1.358577,997.56,1355.26
43119,L16,18160,A19,B22,C30,PCS,137,6.52,C,C07,1.358577,893.24,1213.54
43119,L16,18160,A19,B22,C30,PCS,110,6.52,C,C07,1.358577,717.2,974.37
43119,L16,18160,A19,B22,C30,PCS,885,6.52,C,C07,1.358577,5770.2,7839.26
43119,L16,18160,A19,B22,C30,PCS,506,6.52,C,C07,1.358577,3299.12,4482.11
43119,L16,18160,A19,B22,C30,PCS,657,6.52,C,C07,1.358577,4283.64,5819.65
43119,L16,18160,A19,B22,C30,PCS,748,6.52,C,C07,1.358577,4876.96,6625.73
43119,L16,18160,A19,B22,C30,PCS,410,6.52,C,C07,1.358577,2673.2,3631.75
43131,L16,18278,A11,B27,C36,PCS,79,6.27,C,C07,1.358577,495.33,672.94
43131,L16,18278,A11,B27,C36,PCS,614,6.27,C,C07,1.358577,3849.78,5230.22
43131,L16,18278,A11,B27,C36,PCS,928,6.27,C,C07,1.358577,5818.56,7904.96
43131,L16,18278,A11,B27,C36,PCS,888,6.27,C,C07,1.358577,5567.76,7564.23
43131,L16,18278,A11,B27,C36,PCS,48,6.27,C,C07,1.358577,300.96,408.88
43131,L16,18278,A11,B27,C36,PCS,740,6.27,C,C07,1.358577,4639.8,6303.53
43131,L16,18278,A11,B27,C36,PCS,462,6.27,C,C07,1.358577,2896.74,3935.44
43131,L16,18278,A11,B27,C36,PCS,709,6.27,C,C07,1.358577,4445.43,6039.46
43131,L16,18278,A11,B27,C36,PCS,654,6.27,C,C07,1.358577,4100.58,5570.95
43131,L16,18278,A11,B27,C36,PCS,53,6.27,C,C07,1.358577,332.31,451.47
43125,L16,18308,A14,B28,C39,PCS,869,7.83,D,C07,1.358577,6804.27,9244.12
43125,L16,18308,A14,B28,C39,PCS,96,7.83,D,C07,1.358577,751.68,1021.22
43125,L16,18308,A14,B28,C39,PCS,528,7.83,D,C07,1.358577,4134.24,5616.68
43125,L16,18308,A14,B28,C39,PCS,243,7.83,D,C07,1.358577,1902.69,2584.95
43125,L16,18308,A14,B28,C39,PCS,55,7.83,D,C07,1.358577,430.65,585.07
43125,L16,18308,A14,B28,C39,PCS,431,7.83,D,C07,1.358577,3374.73,4584.83
43125,L16,18308,A14,B28,C39,PCS,72,7.83,D,C07,1.358577,563.76,765.91
43125,L16,18308,A14,B28,C39,PCS,372,7.83,D,C07,1.358577,2912.76,3957.21
43125,L16,18308,A14,B28,C39,PCS,309,7.83,D,C07,1.358577,2419.47,3287.04
43125,L16,18308,A14,B28,C39,PCS,222,7.83,D,C07,1.358577,1738.26,2361.56
43111,L16,18385,A17,B28,C36,PCS,786,9.46,D,C03,7.133317,7435.56,53040.21
43111,L16,18385,A17,B28,C36,PCS,360,9.46,D,C03,7.133317,3405.6,24293.22
43111,L16,18385,A17,B28,C36,PCS,33,9.46,D,C03,7.133317,312.18,2226.88
43111,L16,18385,A17,B28,C36,PCS,623,9.46,D,C03,7.133317,5893.58,42040.77
43111,L16,18385,A17,B28,C36,PCS,629,9.46,D,C03,7.133317,5950.34,42445.66
43111,L16,18385,A17,B28,C36,PCS,925,9.46,D,C03,7.133317,8750.5,62420.09
43111,L16,18385,A17,B28,C36,PCS,308,9.46,D,C03,7.133317,2913.68,20784.2
43111,L16,18385,A17,B28,C36,PCS,871,9.46,D,C03,7.133317,8239.66,58776.11
43111,L16,18385,A17,B28,C36,PCS,202,9.46,D,C03,7.133317,1910.92,13631.2
43111,L16,18385,A17,B28,C36,PCS,254,9.46,D,C03,7.133317,2402.84,17140.22
43115,L16,18481,A12,B27,C38,PCS,304,8.68,C,C07,1.358577,2638.72,3584.9
43115,L16,18481,A12,B27,C38,PCS,636,8.68,C,C07,1.358577,5520.48,7500
43115,L16,18481,A12,B27,C38,PCS,230,8.68,C,C07,1.358577,1996.4,2712.26
43115,L16,18481,A12,B27,C38,PCS,994,8.68,C,C07,1.358577,8627.92,11721.69
43115,L16,18481,A12,B27,C38,PCS,737,8.68,C,C07,1.358577,6397.16,8691.03
43115,L16,18481,A12,B27,C38,PCS,651,8.68,C,C07,1.358577,5650.68,7676.88
43115,L16,18481,A12,B27,C38,PCS,628,8.68,C,C07,1.358577,5451.04,7405.66
43115,L16,18481,A12,B27,C38,PCS,466,8.68,C,C07,1.358577,4044.88,5495.28
43115,L16,18481,A12,B27,C38,PCS,307,8.68,C,C07,1.358577,2664.76,3620.28
43115,L16,18481,A12,B27,C38,PCS,193,8.68,C,C07,1.358577,1675.24,2275.94
43123,L16,18648,A16,B21,C39,PCS,185,1.24,C,C06,3.547054,229.4,813.69
43123,L16,18648,A16,B21,C39,PCS,252,1.24,C,C06,3.547054,312.48,1108.38
43123,L16,18648,A16,B21,C39,PCS,761,1.24,C,C06,3.547054,943.64,3347.14
43123,L16,18648,A16,B21,C39,PCS,549,1.24,C,C06,3.547054,680.76,2414.69
43123,L16,18648,A16,B21,C39,PCS,16,1.24,C,C06,3.547054,19.84,70.37
43123,L16,18648,A16,B21,C39,PCS,329,1.24,C,C06,3.547054,407.96,1447.06
43123,L16,18648,A16,B21,C39,PCS,661,1.24,C,C06,3.547054,819.64,2907.31
43123,L16,18648,A16,B21,C39,PCS,952,1.24,C,C06,3.547054,1180.48,4187.23
43123,L16,18648,A16,B21,C39,PCS,518,1.24,C,C06,3.547054,642.32,2278.34
43123,L16,18648,A16,B21,C39,PCS,896,1.24,C,C06,3.547054,1111.04,3940.92
43103,L16,18771,A11,B23,C39,PCS,599,6.62,D,C05,3.40242,3965.38,13491.89
43103,L16,18771,A11,B23,C39,PCS,261,6.62,D,C05,3.40242,1727.82,5878.77
43103,L16,18771,A11,B23,C39,PCS,989,6.62,D,C05,3.40242,6547.18,22276.26
43103,L16,18771,A11,B23,C39,PCS,505,6.62,D,C05,3.40242,3343.1,11374.63
43103,L16,18771,A11,B23,C39,PCS,468,6.62,D,C05,3.40242,3098.16,10541.24
43103,L16,18771,A11,B23,C39,PCS,694,6.62,D,C05,3.40242,4594.28,15631.67
43103,L16,18771,A11,B23,C39,PCS,131,6.62,D,C05,3.40242,867.22,2950.65
43103,L16,18771,A11,B23,C39,PCS,687,6.62,D,C05,3.40242,4547.94,15474
43103,L16,18771,A11,B23,C39,PCS,943,6.62,D,C05,3.40242,6242.66,21240.15
43103,L16,18771,A11,B23,C39,PCS,555,6.62,D,C05,3.40242,3674.1,12500.83
43116,L16,18874,A18,B28,C39,PCS,553,8.27,D,C05,3.40242,4573.31,15560.32
43116,L16,18874,A18,B28,C39,PCS,31,8.27,D,C05,3.40242,256.37,872.28
43116,L16,18874,A18,B28,C39,PCS,875,8.27,D,C05,3.40242,7236.25,24620.76
43116,L16,18874,A18,B28,C39,PCS,613,8.27,D,C05,3.40242,5069.51,17248.6
43116,L16,18874,A18,B28,C39,PCS,52,8.27,D,C05,3.40242,430.04,1463.18
43116,L16,18874,A18,B28,C39,PCS,534,8.27,D,C05,3.40242,4416.18,15025.7
43116,L16,18874,A18,B28,C39,PCS,423,8.27,D,C05,3.40242,3498.21,11902.38
43116,L16,18874,A18,B28,C39,PCS,892,8.27,D,C05,3.40242,7376.84,25099.11
43116,L16,18874,A18,B28,C39,PCS,528,8.27,D,C05,3.40242,4366.56,14856.87
43116,L16,18874,A18,B28,C39,PCS,256,8.27,D,C05,3.40242,2117.12,7203.33
43111,L16,19033,A19,B22,C33,PCS,364,4.51,D,C01,6.825646,1641.64,11205.25
43111,L16,19033,A19,B22,C33,PCS,310,4.51,D,C01,6.825646,1398.1,9542.94
43111,L16,19033,A19,B22,C33,PCS,815,4.51,D,C01,6.825646,3675.65,25088.69
43111,L16,19033,A19,B22,C33,PCS,657,4.51,D,C01,6.825646,2963.07,20224.87
43111,L16,19033,A19,B22,C33,PCS,403,4.51,D,C01,6.825646,1817.53,12405.82
43111,L16,19033,A19,B22,C33,PCS,395,4.51,D,C01,6.825646,1781.45,12159.55
43111,L16,19033,A19,B22,C33,PCS,903,4.51,D,C01,6.825646,4072.53,27797.65
43111,L16,19033,A19,B22,C33,PCS,375,4.51,D,C01,6.825646,1691.25,11543.87
43111,L16,19033,A19,B22,C33,PCS,89,4.51,D,C01,6.825646,401.39,2739.75
43111,L16,19033,A19,B22,C33,PCS,349,4.51,D,C01,6.825646,1573.99,10743.5
43106,L16,19190,A14,B21,C33,PCS,973,8.81,D,C09,1.199464,8572.13,10281.96
43106,L16,19190,A14,B21,C33,PCS,214,8.81,D,C09,1.199464,1885.34,2261.4
43106,L16,19190,A14,B21,C33,PCS,704,8.81,D,C09,1.199464,6202.24,7439.36
43106,L16,19190,A14,B21,C33,PCS,615,8.81,D,C09,1.199464,5418.15,6498.88
43106,L16,19190,A14,B21,C33,PCS,598,8.81,D,C09,1.199464,5268.38,6319.23
43106,L16,19190,A14,B21,C33,PCS,908,8.81,D,C09,1.199464,7999.48,9595.09
43106,L16,19190,A14,B21,C33,PCS,922,8.81,D,C09,1.199464,8122.82,9743.03
43106,L16,19190,A14,B21,C33,PCS,31,8.81,D,C09,1.199464,273.11,327.59
43106,L16,19190,A14,B21,C33,PCS,821,8.81,D,C09,1.199464,7233.01,8675.74
43106,L16,19190,A14,B21,C33,PCS,959,8.81,D,C09,1.199464,8448.79,10134.02
43115,L16,19233,A11,B23,C35,PCS,323,1.29,D,C06,3.547054,416.67,1477.95
43115,L16,19233,A11,B23,C35,PCS,653,1.29,D,C06,3.547054,842.37,2987.93
43115,L16,19233,A11,B23,C35,PCS,398,1.29,D,C06,3.547054,513.42,1821.13
43115,L16,19233,A11,B23,C35,PCS,265,1.29,D,C06,3.547054,341.85,1212.56
43115,L16,19233,A11,B23,C35,PCS,973,1.29,D,C06,3.547054,1255.17,4452.16
43115,L16,19233,A11,B23,C35,PCS,826,1.29,D,C06,3.547054,1065.54,3779.53
43115,L16,19233,A11,B23,C35,PCS,612,1.29,D,C06,3.547054,789.48,2800.33
43115,L16,19233,A11,B23,C35,PCS,156,1.29,D,C06,3.547054,201.24,713.81
43115,L16,19233,A11,B23,C35,PCS,449,1.29,D,C06,3.547054,579.21,2054.49
43115,L16,19233,A11,B23,C35,PCS,363,1.29,D,C06,3.547054,468.27,1660.98
43115,L16,19282,A12,B30,C38,PCS,598,8.68,D,C07,1.358577,5190.64,7051.88
43115,L16,19282,A12,B30,C38,PCS,992,8.68,D,C07,1.358577,8610.56,11698.11
43115,L16,19282,A12,B30,C38,PCS,382,8.68,D,C07,1.358577,3315.76,4504.72
43115,L16,19282,A12,B30,C38,PCS,76,8.68,D,C07,1.358577,659.68,896.23
43115,L16,19282,A12,B30,C38,PCS,178,8.68,D,C07,1.358577,1545.04,2099.06
43115,L16,19282,A12,B30,C38,PCS,917,8.68,D,C07,1.358577,7959.56,10813.68
43115,L16,19282,A12,B30,C38,PCS,146,8.68,D,C07,1.358577,1267.28,1721.7
43115,L16,19282,A12,B30,C38,PCS,328,8.68,D,C07,1.358577,2847.04,3867.92
43115,L16,19282,A12,B30,C38,PCS,447,8.68,D,C07,1.358577,3879.96,5271.22
43115,L16,19282,A12,B30,C38,PCS,62,8.68,D,C07,1.358577,538.16,731.13
43104,L16,19305,A16,B25,C38,PCS,626,1.35,D,C06,3.547054,845.1,2997.62
43104,L16,19305,A16,B25,C38,PCS,25,1.35,D,C06,3.547054,33.75,119.71
43104,L16,19305,A16,B25,C38,PCS,274,1.35,D,C06,3.547054,369.9,1312.06
43104,L16,19305,A16,B25,C38,PCS,375,1.35,D,C06,3.547054,506.25,1795.7
43104,L16,19305,A16,B25,C38,PCS,750,1.35,D,C06,3.547054,1012.5,3591.39
43104,L16,19305,A16,B25,C38,PCS,202,1.35,D,C06,3.547054,272.7,967.28
43104,L16,19305,A16,B25,C38,PCS,560,1.35,D,C06,3.547054,756,2681.57
43104,L16,19305,A16,B25,C38,PCS,678,1.35,D,C06,3.547054,915.3,3246.62
43104,L16,19305,A16,B25,C38,PCS,326,1.35,D,C06,3.547054,440.1,1561.06
43104,L16,19305,A16,B25,C38,PCS,230,1.35,D,C06,3.547054,310.5,1101.36
43124,L16,19353,A20,B27,C38,PCS,542,4.9,C,C10,8.657656,2655.8,22993
43124,L16,19353,A20,B27,C38,PCS,707,4.9,C,C10,8.657656,3464.3,29992.72
43124,L16,19353,A20,B27,C38,PCS,199,4.9,C,C10,8.657656,975.1,8442.08
43124,L16,19353,A20,B27,C38,PCS,821,4.9,C,C10,8.657656,4022.9,34828.88
43124,L16,19353,A20,B27,C38,PCS,677,4.9,C,C10,8.657656,3317.3,28720.04
43124,L16,19353,A20,B27,C38,PCS,636,4.9,C,C10,8.657656,3116.4,26980.72
43124,L16,19353,A20,B27,C38,PCS,508,4.9,C,C10,8.657656,2489.2,21550.64
43124,L16,19353,A20,B27,C38,PCS,204,4.9,C,C10,8.657656,999.6,8654.19
43124,L16,19353,A20,B27,C38,PCS,463,4.9,C,C10,8.657656,2268.7,19641.62
43124,L16,19353,A20,B27,C38,PCS,315,4.9,C,C10,8.657656,1543.5,13363.09
43128,L16,19590,A10,B22,C31,PCS,47,8.43,D,C08,1.496196,396.21,592.81
43128,L16,19590,A10,B22,C31,PCS,144,8.43,D,C08,1.496196,1213.92,1816.26
43128,L16,19590,A10,B22,C31,PCS,505,8.43,D,C08,1.496196,4257.15,6369.53
43128,L16,19590,A10,B22,C31,PCS,336,8.43,D,C08,1.496196,2832.48,4237.95
43128,L16,19590,A10,B22,C31,PCS,860,8.43,D,C08,1.496196,7249.8,10847.12
43128,L16,19590,A10,B22,C31,PCS,842,8.43,D,C08,1.496196,7098.06,10620.09
43128,L16,19590,A10,B22,C31,PCS,83,8.43,D,C08,1.496196,699.69,1046.87
43128,L16,19590,A10,B22,C31,PCS,256,8.43,D,C08,1.496196,2158.08,3228.91
43128,L16,19590,A10,B22,C31,PCS,250,8.43,D,C08,1.496196,2107.5,3153.23
43128,L16,19590,A10,B22,C31,PCS,652,8.43,D,C08,1.496196,5496.36,8223.63
43115,L16,19596,A20,B24,C35,PCS,383,1.05,D,C07,1.358577,402.15,546.35
43115,L16,19596,A20,B24,C35,PCS,537,1.05,D,C07,1.358577,563.85,766.03
43115,L16,19596,A20,B24,C35,PCS,96,1.05,D,C07,1.358577,100.8,136.94
43115,L16,19596,A20,B24,C35,PCS,935,1.05,D,C07,1.358577,981.75,1333.78
43115,L16,19596,A20,B24,C35,PCS,294,1.05,D,C07,1.358577,308.7,419.39
43115,L16,19596,A20,B24,C35,PCS,174,1.05,D,C07,1.358577,182.7,248.21
43115,L16,19596,A20,B24,C35,PCS,699,1.05,D,C07,1.358577,733.95,997.13
43115,L16,19596,A20,B24,C35,PCS,429,1.05,D,C07,1.358577,450.45,611.97
43115,L16,19596,A20,B24,C35,PCS,633,1.05,D,C07,1.358577,664.65,902.98
43115,L16,19596,A20,B24,C35,PCS,715,1.05,D,C07,1.358577,750.75,1019.95
43135,L16,10121,A19,B30,C30,PCS,964,7.29,D,C10,8.657656,7027.56,60842.2
43135,L16,10121,A19,B30,C30,PCS,669,7.29,D,C10,8.657656,4877.01,42223.47
43135,L16,10121,A19,B30,C30,PCS,358,7.29,D,C10,8.657656,2609.82,22594.92
43135,L16,10121,A19,B30,C30,PCS,592,7.29,D,C10,8.657656,4315.68,37363.67
43135,L16,10121,A19,B30,C30,PCS,844,7.29,D,C10,8.657656,6152.76,53268.48
43135,L16,10121,A19,B30,C30,PCS,8,7.29,D,C10,8.657656,58.32,504.91
43135,L16,10121,A19,B30,C30,PCS,214,7.29,D,C10,8.657656,1560.06,13506.46
43135,L16,10121,A19,B30,C30,PCS,259,7.29,D,C10,8.657656,1888.11,16346.61
43135,L16,10121,A19,B30,C30,PCS,3,7.29,D,C10,8.657656,21.87,189.34
43135,L16,10121,A19,B30,C30,PCS,365,7.29,D,C10,8.657656,2660.85,23036.72
43142,L16,10143,A18,B28,C31,PCS,281,7.38,D,C07,1.358577,2073.78,2817.39
43142,L16,10143,A18,B28,C31,PCS,845,7.38,D,C07,1.358577,6236.1,8472.22
43142,L16,10143,A18,B28,C31,PCS,574,7.38,D,C07,1.358577,4236.12,5755.1
43142,L16,10143,A18,B28,C31,PCS,818,7.38,D,C07,1.358577,6036.84,8201.51
43142,L16,10143,A18,B28,C31,PCS,805,7.38,D,C07,1.358577,5940.9,8071.17
43142,L16,10143,A18,B28,C31,PCS,621,7.38,D,C07,1.358577,4582.98,6226.33
43142,L16,10143,A18,B28,C31,PCS,959,7.38,D,C07,1.358577,7077.42,9615.22
43142,L16,10143,A18,B28,C31,PCS,163,7.38,D,C07,1.358577,1202.94,1634.29
43142,L16,10143,A18,B28,C31,PCS,913,7.38,D,C07,1.358577,6737.94,9154.01
43142,L16,10143,A18,B28,C31,PCS,884,7.38,D,C07,1.358577,6523.92,8863.25
43133,L16,10387,A15,B22,C37,PCS,157,3.26,C,C06,3.547054,511.82,1815.45
43133,L16,10387,A15,B22,C37,PCS,325,3.26,C,C06,3.547054,1059.5,3758.1
43133,L16,10387,A15,B22,C37,PCS,202,3.26,C,C06,3.547054,658.52,2335.81
43133,L16,10387,A15,B22,C37,PCS,946,3.26,C,C06,3.547054,3083.96,10938.97
43133,L16,10387,A15,B22,C37,PCS,386,3.26,C,C06,3.547054,1258.36,4463.47
43133,L16,10387,A15,B22,C37,PCS,405,3.26,C,C06,3.547054,1320.3,4683.18
43133,L16,10387,A15,B22,C37,PCS,57,3.26,C,C06,3.547054,185.82,659.11
43133,L16,10387,A15,B22,C37,PCS,249,3.26,C,C06,3.547054,811.74,2879.29
43133,L16,10387,A15,B22,C37,PCS,750,3.26,C,C06,3.547054,2445,8672.55
43133,L16,10387,A15,B22,C37,PCS,465,3.26,C,C06,3.547054,1515.9,5376.98
43140,L16,10566,A16,B27,C30,PCS,477,4.17,C,C04,5.388146,1989.09,10717.51
43140,L16,10566,A16,B27,C30,PCS,252,4.17,C,C04,5.388146,1050.84,5662.08
43140,L16,10566,A16,B27,C30,PCS,63,4.17,C,C04,5.388146,262.71,1415.52
43140,L16,10566,A16,B27,C30,PCS,2,4.17,C,C04,5.388146,8.34,44.94
43140,L16,10566,A16,B27,C30,PCS,657,4.17,C,C04,5.388146,2739.69,14761.85
43140,L16,10566,A16,B27,C30,PCS,535,4.17,C,C04,5.388146,2230.95,12020.68
43140,L16,10566,A16,B27,C30,PCS,935,4.17,C,C04,5.388146,3898.95,21008.11
43140,L16,10566,A16,B27,C30,PCS,588,4.17,C,C04,5.388146,2451.96,13211.52
43140,L16,10566,A16,B27,C30,PCS,163,4.17,C,C04,5.388146,679.71,3662.38
43140,L16,10566,A16,B27,C30,PCS,934,4.17,C,C04,5.388146,3894.78,20985.64
43145,L16,10632,A14,B25,C33,PCS,127,1.27,D,C05,3.40242,161.29,548.78
43145,L16,10632,A14,B25,C33,PCS,160,1.27,D,C05,3.40242,203.2,691.37
43145,L16,10632,A14,B25,C33,PCS,153,1.27,D,C05,3.40242,194.31,661.12
43145,L16,10632,A14,B25,C33,PCS,282,1.27,D,C05,3.40242,358.14,1218.54
43145,L16,10632,A14,B25,C33,PCS,737,1.27,D,C05,3.40242,935.99,3184.63
43145,L16,10632,A14,B25,C33,PCS,297,1.27,D,C05,3.40242,377.19,1283.36
43145,L16,10632,A14,B25,C33,PCS,97,1.27,D,C05,3.40242,123.19,419.14
43145,L16,10632,A14,B25,C33,PCS,653,1.27,D,C05,3.40242,829.31,2821.66
43145,L16,10632,A14,B25,C33,PCS,808,1.27,D,C05,3.40242,1026.16,3491.43
43145,L16,10632,A14,B25,C33,PCS,500,1.27,D,C05,3.40242,635,2160.54
43148,L16,10662,A17,B29,C30,PCS,902,7.96,C,C04,5.388146,7179.92,38686.46
43148,L16,10662,A17,B29,C30,PCS,558,7.96,C,C04,5.388146,4441.68,23932.42
43148,L16,10662,A17,B29,C30,PCS,656,7.96,C,C04,5.388146,5221.76,28135.61
43148,L16,10662,A17,B29,C30,PCS,859,7.96,C,C04,5.388146,6837.64,36842.2
43148,L16,10662,A17,B29,C30,PCS,193,7.96,C,C04,5.388146,1536.28,8277.7
43148,L16,10662,A17,B29,C30,PCS,357,7.96,C,C04,5.388146,2841.72,15311.6
43148,L16,10662,A17,B29,C30,PCS,62,7.96,C,C04,5.388146,493.52,2659.16
43148,L16,10662,A17,B29,C30,PCS,490,7.96,C,C04,5.388146,3900.4,21015.92
43148,L16,10662,A17,B29,C30,PCS,831,7.96,C,C04,5.388146,6614.76,35641.29
43148,L16,10662,A17,B29,C30,PCS,68,7.96,C,C04,5.388146,541.28,2916.5
43144,L16,10685,A10,B28,C34,PCS,969,2.71,D,C10,8.657656,2625.99,22734.92
43139,L16,10685,A19,B25,C40,PCS,607,2.88,D,C01,6.825646,1748.16,11932.32
43144,L16,10685,A10,B28,C34,PCS,572,2.71,D,C10,8.657656,1550.12,13420.41
43139,L16,10685,A19,B25,C40,PCS,868,2.88,D,C01,6.825646,2499.84,17063.02
43144,L16,10685,A10,B28,C34,PCS,515,2.71,D,C10,8.657656,1395.65,12083.06
43139,L16,10685,A19,B25,C40,PCS,583,2.88,D,C01,6.825646,1679.04,11460.53
43144,L16,10685,A10,B28,C34,PCS,213,2.71,D,C10,8.657656,577.23,4997.46
43139,L16,10685,A19,B25,C40,PCS,665,2.88,D,C01,6.825646,1915.2,13072.48
43144,L16,10685,A10,B28,C34,PCS,344,2.71,D,C10,8.657656,932.24,8071.01
43139,L16,10685,A19,B25,C40,PCS,554,2.88,D,C01,6.825646,1595.52,10890.45
43144,L16,10685,A10,B28,C34,PCS,517,2.71,D,C10,8.657656,1401.07,12129.98
43139,L16,10685,A19,B25,C40,PCS,8,2.88,D,C01,6.825646,23.04,157.26
43144,L16,10685,A10,B28,C34,PCS,952,2.71,D,C10,8.657656,2579.92,22336.06
43139,L16,10685,A19,B25,C40,PCS,358,2.88,D,C01,6.825646,1031.04,7037.51
43144,L16,10685,A10,B28,C34,PCS,883,2.71,D,C10,8.657656,2392.93,20717.16
43139,L16,10685,A19,B25,C40,PCS,982,2.88,D,C01,6.825646,2828.16,19304.02
43144,L16,10685,A10,B28,C34,PCS,423,2.71,D,C10,8.657656,1146.33,9924.53
43139,L16,10685,A19,B25,C40,PCS,189,2.88,D,C01,6.825646,544.32,3715.34
43144,L16,10685,A10,B28,C34,PCS,297,2.71,D,C10,8.657656,804.87,6968.29
43139,L16,10685,A19,B25,C40,PCS,764,2.88,D,C01,6.825646,2200.32,15018.61
43150,L16,10840,A20,B29,C39,PCS,475,7.33,D,C04,5.388146,3481.75,18760.18
43150,L16,10840,A20,B29,C39,PCS,69,7.33,D,C04,5.388146,505.77,2725.16
43150,L16,10840,A20,B29,C39,PCS,662,7.33,D,C04,5.388146,4852.46,26145.76
43150,L16,10840,A20,B29,C39,PCS,799,7.33,D,C04,5.388146,5856.67,31556.59
43150,L16,10840,A20,B29,C39,PCS,307,7.33,D,C04,5.388146,2250.31,12125
43150,L16,10840,A20,B29,C39,PCS,938,7.33,D,C04,5.388146,6875.54,37046.41
43150,L16,10840,A20,B29,C39,PCS,812,7.33,D,C04,5.388146,5951.96,32070.03
43150,L16,10840,A20,B29,C39,PCS,3,7.33,D,C04,5.388146,21.99,118.49
43150,L16,10840,A20,B29,C39,PCS,409,7.33,D,C04,5.388146,2997.97,16153.5
43150,L16,10840,A20,B29,C39,PCS,34,7.33,D,C04,5.388146,249.22,1342.83
43134,L16,10849,A11,B28,C40,PCS,335,6.18,D,C07,1.358577,2070.3,2812.66
43134,L16,10849,A11,B28,C40,PCS,809,6.18,D,C07,1.358577,4999.62,6792.37
43134,L16,10849,A11,B28,C40,PCS,305,6.18,D,C07,1.358577,1884.9,2560.78
43134,L16,10849,A11,B28,C40,PCS,212,6.18,D,C07,1.358577,1310.16,1779.95
43134,L16,10849,A11,B28,C40,PCS,980,6.18,D,C07,1.358577,6056.4,8228.09
43134,L16,10849,A11,B28,C40,PCS,740,6.18,D,C07,1.358577,4573.2,6213.04
43134,L16,10849,A11,B28,C40,PCS,650,6.18,D,C07,1.358577,4017,5457.4
43134,L16,10849,A11,B28,C40,PCS,776,6.18,D,C07,1.358577,4795.68,6515.3
43134,L16,10849,A11,B28,C40,PCS,978,6.18,D,C07,1.358577,6044.04,8211.29
43134,L16,10849,A11,B28,C40,PCS,143,6.18,D,C07,1.358577,883.74,1200.63
43144,L16,10965,A17,B20,C35,PCS,83,6.35,C,C01,6.825646,527.05,3597.46
43144,L16,10965,A17,B20,C35,PCS,260,6.35,C,C01,6.825646,1651,11269.14
43144,L16,10965,A17,B20,C35,PCS,18,6.35,C,C01,6.825646,114.3,780.17
43144,L16,10965,A17,B20,C35,PCS,597,6.35,C,C01,6.825646,3790.95,25875.68
43144,L16,10965,A17,B20,C35,PCS,90,6.35,C,C01,6.825646,571.5,3900.86
43144,L16,10965,A17,B20,C35,PCS,242,6.35,C,C01,6.825646,1536.7,10488.97
43144,L16,10965,A17,B20,C35,PCS,807,6.35,C,C01,6.825646,5124.45,34977.68
43144,L16,10965,A17,B20,C35,PCS,447,6.35,C,C01,6.825646,2838.45,19374.25
43144,L16,10965,A17,B20,C35,PCS,390,6.35,C,C01,6.825646,2476.5,16903.71
43144,L16,10965,A17,B20,C35,PCS,499,6.35,C,C01,6.825646,3168.65,21628.08
43155,L16,11041,A17,B22,C37,PCS,157,8.07,C,C09,1.199464,1266.99,1519.71
43155,L16,11041,A17,B22,C37,PCS,569,8.07,C,C09,1.199464,4591.83,5507.73
43155,L16,11041,A17,B22,C37,PCS,604,8.07,C,C09,1.199464,4874.28,5846.52
43155,L16,11041,A17,B22,C37,PCS,222,8.07,C,C09,1.199464,1791.54,2148.89
43155,L16,11041,A17,B22,C37,PCS,219,8.07,C,C09,1.199464,1767.33,2119.85
43155,L16,11041,A17,B22,C37,PCS,120,8.07,C,C09,1.199464,968.4,1161.56
43155,L16,11041,A17,B22,C37,PCS,682,8.07,C,C09,1.199464,5503.74,6601.54
43155,L16,11041,A17,B22,C37,PCS,887,8.07,C,C09,1.199464,7158.09,8585.87
43155,L16,11041,A17,B22,C37,PCS,158,8.07,C,C09,1.199464,1275.06,1529.39
43155,L16,11041,A17,B22,C37,PCS,390,8.07,C,C09,1.199464,3147.3,3775.07
43158,L16,11147,A15,B20,C37,PCS,208,1.29,C,C09,1.199464,268.32,321.84
43158,L16,11147,A15,B20,C37,PCS,734,1.29,C,C09,1.199464,946.86,1135.72
43158,L16,11147,A15,B20,C37,PCS,903,1.29,C,C09,1.199464,1164.87,1397.22
43158,L16,11147,A15,B20,C37,PCS,414,1.29,C,C09,1.199464,534.06,640.59
43158,L16,11147,A15,B20,C37,PCS,236,1.29,C,C09,1.199464,304.44,365.16
43158,L16,11147,A15,B20,C37,PCS,391,1.29,C,C09,1.199464,504.39,605
43158,L16,11147,A15,B20,C37,PCS,552,1.29,C,C09,1.199464,712.08,854.11
43158,L16,11147,A15,B20,C37,PCS,356,1.29,C,C09,1.199464,459.24,550.84
43158,L16,11147,A15,B20,C37,PCS,554,1.29,C,C09,1.199464,714.66,857.21
43158,L16,11147,A15,B20,C37,PCS,534,1.29,C,C09,1.199464,688.86,826.26
43134,L16,11315,A19,B20,C34,PCS,548,6.45,C,C02,9.912483,3534.6,35036.66
43134,L16,11315,A19,B20,C34,PCS,556,6.45,C,C02,9.912483,3586.2,35548.15
43134,L16,11315,A19,B20,C34,PCS,619,6.45,C,C02,9.912483,3992.55,39576.08
43134,L16,11315,A19,B20,C34,PCS,572,6.45,C,C02,9.912483,3689.4,36571.11
43134,L16,11315,A19,B20,C34,PCS,330,6.45,C,C02,9.912483,2128.5,21098.72
43134,L16,11315,A19,B20,C34,PCS,481,6.45,C,C02,9.912483,3102.45,30752.98
43134,L16,11315,A19,B20,C34,PCS,9,6.45,C,C02,9.912483,58.05,575.42
43134,L16,11315,A19,B20,C34,PCS,375,6.45,C,C02,9.912483,2418.75,23975.82
43134,L16,11315,A19,B20,C34,PCS,176,6.45,C,C02,9.912483,1135.2,11252.65
43134,L16,11315,A19,B20,C34,PCS,725,6.45,C,C02,9.912483,4676.25,46353.25
43143,L16,11370,A20,B24,C33,PCS,469,7.7,D,C05,3.40242,3611.3,12287.16
43143,L16,11370,A20,B24,C33,PCS,588,7.7,D,C05,3.40242,4527.6,15404.8
43143,L16,11370,A20,B24,C33,PCS,450,7.7,D,C05,3.40242,3465,11789.39
43143,L16,11370,A20,B24,C33,PCS,288,7.7,D,C05,3.40242,2217.6,7545.21
43143,L16,11370,A20,B24,C33,PCS,234,7.7,D,C05,3.40242,1801.8,6130.48
43143,L16,11370,A20,B24,C33,PCS,264,7.7,D,C05,3.40242,2032.8,6916.44
43143,L16,11370,A20,B24,C33,PCS,944,7.7,D,C05,3.40242,7268.8,24731.51
43143,L16,11370,A20,B24,C33,PCS,747,7.7,D,C05,3.40242,5751.9,19570.38
43143,L16,11370,A20,B24,C33,PCS,119,7.7,D,C05,3.40242,916.3,3117.64
43143,L16,11370,A20,B24,C33,PCS,986,7.7,D,C05,3.40242,7592.2,25831.85
43135,L16,11546,A18,B26,C31,PCS,246,5.6,D,C03,7.133317,1377.6,9826.86
43135,L16,11546,A18,B26,C31,PCS,719,5.6,D,C03,7.133317,4026.4,28721.59
43135,L16,11546,A18,B26,C31,PCS,568,5.6,D,C03,7.133317,3180.8,22689.65
43135,L16,11546,A18,B26,C31,PCS,958,5.6,D,C03,7.133317,5364.8,38268.82
43135,L16,11546,A18,B26,C31,PCS,719,5.6,D,C03,7.133317,4026.4,28721.59
43135,L16,11546,A18,B26,C31,PCS,833,5.6,D,C03,7.133317,4664.8,33275.5
43135,L16,11546,A18,B26,C31,PCS,549,5.6,D,C03,7.133317,3074.4,21930.67
43135,L16,11546,A18,B26,C31,PCS,802,5.6,D,C03,7.133317,4491.2,32037.15
43135,L16,11546,A18,B26,C31,PCS,791,5.6,D,C03,7.133317,4429.6,31597.74
43135,L16,11546,A18,B26,C31,PCS,300,5.6,D,C03,7.133317,1680,11983.97
43134,L16,11615,A13,B21,C31,PCS,810,7.37,C,C10,8.657656,5969.7,51683.61
43134,L16,11615,A13,B21,C31,PCS,201,7.37,C,C10,8.657656,1481.37,12825.19
43134,L16,11615,A13,B21,C31,PCS,104,7.37,C,C10,8.657656,766.48,6635.92
43134,L16,11615,A13,B21,C31,PCS,59,7.37,C,C10,8.657656,434.83,3764.61
43134,L16,11615,A13,B21,C31,PCS,570,7.37,C,C10,8.657656,4200.9,36369.95
43134,L16,11615,A13,B21,C31,PCS,140,7.37,C,C10,8.657656,1031.8,8932.97
43134,L16,11615,A13,B21,C31,PCS,377,7.37,C,C10,8.657656,2778.49,24055.21
43134,L16,11615,A13,B21,C31,PCS,718,7.37,C,C10,8.657656,5291.66,45813.37
43134,L16,11615,A13,B21,C31,PCS,941,7.37,C,C10,8.657656,6935.17,60042.32
43134,L16,11615,A13,B21,C31,PCS,867,7.37,C,C10,8.657656,6389.79,55320.6
43154,L16,11636,A11,B25,C33,PCS,57,5.12,D,C08,1.496196,291.84,436.65
43154,L16,11636,A11,B25,C33,PCS,522,5.12,D,C08,1.496196,2672.64,3998.79
43154,L16,11636,A11,B25,C33,PCS,1,5.12,D,C08,1.496196,5.12,7.66
43154,L16,11636,A11,B25,C33,PCS,508,5.12,D,C08,1.496196,2600.96,3891.55
43154,L16,11636,A11,B25,C33,PCS,282,5.12,D,C08,1.496196,1443.84,2160.27
43154,L16,11636,A11,B25,C33,PCS,1,5.12,D,C08,1.496196,5.12,7.66
43154,L16,11636,A11,B25,C33,PCS,813,5.12,D,C08,1.496196,4162.56,6228.01
43154,L16,11636,A11,B25,C33,PCS,914,5.12,D,C08,1.496196,4679.68,7001.72
43154,L16,11636,A11,B25,C33,PCS,159,5.12,D,C08,1.496196,814.08,1218.02
43154,L16,11636,A11,B25,C33,PCS,453,5.12,D,C08,1.496196,2319.36,3470.22
43136,L16,11679,A19,B20,C36,PCS,825,7.22,C,C06,3.547054,5956.5,21128.03
43136,L16,11679,A19,B20,C36,PCS,113,7.22,C,C06,3.547054,815.86,2893.9
43136,L16,11679,A19,B20,C36,PCS,714,7.22,C,C06,3.547054,5155.08,18285.35
43136,L16,11679,A19,B20,C36,PCS,188,7.22,C,C06,3.547054,1357.36,4814.63
43136,L16,11679,A19,B20,C36,PCS,874,7.22,C,C06,3.547054,6310.28,22382.9
43136,L16,11679,A19,B20,C36,PCS,343,7.22,C,C06,3.547054,2476.46,8784.14
43136,L16,11679,A19,B20,C36,PCS,233,7.22,C,C06,3.547054,1682.26,5967.07
43136,L16,11679,A19,B20,C36,PCS,467,7.22,C,C06,3.547054,3371.74,11959.74
43136,L16,11679,A19,B20,C36,PCS,9,7.22,C,C06,3.547054,64.98,230.49
43136,L16,11679,A19,B20,C36,PCS,194,7.22,C,C06,3.547054,1400.68,4968.29
43140,L16,11730,A15,B27,C37,PCS,889,1.9,D,C07,1.358577,1689.1,2294.77
43140,L16,11730,A15,B27,C37,PCS,636,1.9,D,C07,1.358577,1208.4,1641.7
43140,L16,11730,A15,B27,C37,PCS,763,1.9,D,C07,1.358577,1449.7,1969.53
43140,L16,11730,A15,B27,C37,PCS,61,1.9,D,C07,1.358577,115.9,157.46
43140,L16,11730,A15,B27,C37,PCS,211,1.9,D,C07,1.358577,400.9,544.65
43140,L16,11730,A15,B27,C37,PCS,157,1.9,D,C07,1.358577,298.3,405.26
43140,L16,11730,A15,B27,C37,PCS,172,1.9,D,C07,1.358577,326.8,443.98
43140,L16,11730,A15,B27,C37,PCS,760,1.9,D,C07,1.358577,1444,1961.79
43140,L16,11730,A15,B27,C37,PCS,178,1.9,D,C07,1.358577,338.2,459.47
43140,L16,11730,A15,B27,C37,PCS,737,1.9,D,C07,1.358577,1400.3,1902.42
43139,L16,11785,A17,B29,C30,PCS,86,7.12,D,C03,7.133317,612.32,4367.87
43139,L16,11785,A17,B29,C30,PCS,232,7.12,D,C03,7.133317,1651.84,11783.1
43139,L16,11785,A17,B29,C30,PCS,424,7.12,D,C03,7.133317,3018.88,21534.63
43139,L16,11785,A17,B29,C30,PCS,941,7.12,D,C03,7.133317,6699.92,47792.65
43139,L16,11785,A17,B29,C30,PCS,546,7.12,D,C03,7.133317,3887.52,27730.91
43139,L16,11785,A17,B29,C30,PCS,463,7.12,D,C03,7.133317,3296.56,23515.41
43139,L16,11785,A17,B29,C30,PCS,33,7.12,D,C03,7.133317,234.96,1676.04
43139,L16,11785,A17,B29,C30,PCS,154,7.12,D,C03,7.133317,1096.48,7821.54
43139,L16,11785,A17,B29,C30,PCS,37,7.12,D,C03,7.133317,263.44,1879.2
43139,L16,11785,A17,B29,C30,PCS,224,7.12,D,C03,7.133317,1594.88,11376.78
43154,L16,11951,A12,B24,C30,PCS,798,5.09,D,C07,1.358577,4061.82,5518.3
43154,L16,11951,A12,B24,C30,PCS,365,5.09,D,C07,1.358577,1857.85,2524.03
43154,L16,11951,A12,B24,C30,PCS,576,5.09,D,C07,1.358577,2931.84,3983.13
43154,L16,11951,A12,B24,C30,PCS,171,5.09,D,C07,1.358577,870.39,1182.49
43154,L16,11951,A12,B24,C30,PCS,447,5.09,D,C07,1.358577,2275.23,3091.08
43154,L16,11951,A12,B24,C30,PCS,704,5.09,D,C07,1.358577,3583.36,4868.27
43154,L16,11951,A12,B24,C30,PCS,725,5.09,D,C07,1.358577,3690.25,5013.49
43154,L16,11951,A12,B24,C30,PCS,822,5.09,D,C07,1.358577,4183.98,5684.26
43154,L16,11951,A12,B24,C30,PCS,799,5.09,D,C07,1.358577,4066.91,5525.21
43154,L16,11951,A12,B24,C30,PCS,105,5.09,D,C07,1.358577,534.45,726.09
43141,L16,12001,A10,B22,C33,PCS,390,4.86,C,C07,1.358577,1895.4,2575.05
43141,L16,12001,A10,B22,C33,PCS,166,4.86,C,C07,1.358577,806.76,1096.05
43141,L16,12001,A10,B22,C33,PCS,600,4.86,C,C07,1.358577,2916,3961.61
43141,L16,12001,A10,B22,C33,PCS,693,4.86,C,C07,1.358577,3367.98,4575.66
43141,L16,12001,A10,B22,C33,PCS,893,4.86,C,C07,1.358577,4339.98,5896.2
43141,L16,12001,A10,B22,C33,PCS,101,4.86,C,C07,1.358577,490.86,666.87
43141,L16,12001,A10,B22,C33,PCS,550,4.86,C,C07,1.358577,2673,3631.48
43141,L16,12001,A10,B22,C33,PCS,463,4.86,C,C07,1.358577,2250.18,3057.04
43141,L16,12001,A10,B22,C33,PCS,630,4.86,C,C07,1.358577,3061.8,4159.69
43141,L16,12001,A10,B22,C33,PCS,405,4.86,C,C07,1.358577,1968.3,2674.09
43132,L16,12063,A15,B29,C36,PCS,847,3.44,C,C02,9.912483,2913.68,28881.8
43132,L16,12063,A15,B29,C36,PCS,763,3.44,C,C02,9.912483,2624.72,26017.49
43132,L16,12063,A15,B29,C36,PCS,433,3.44,C,C02,9.912483,1489.52,14764.84
43132,L16,12063,A15,B29,C36,PCS,192,3.44,C,C02,9.912483,660.48,6547
43132,L16,12063,A15,B29,C36,PCS,369,3.44,C,C02,9.912483,1269.36,12582.51
43132,L16,12063,A15,B29,C36,PCS,252,3.44,C,C02,9.912483,866.88,8592.93
43132,L16,12063,A15,B29,C36,PCS,310,3.44,C,C02,9.912483,1066.4,10570.67
43132,L16,12063,A15,B29,C36,PCS,277,3.44,C,C02,9.912483,952.88,9445.41
43132,L16,12063,A15,B29,C36,PCS,971,3.44,C,C02,9.912483,3340.24,33110.07
43132,L16,12063,A15,B29,C36,PCS,30,3.44,C,C02,9.912483,103.2,1022.97
43135,L16,12137,A10,B23,C40,PCS,200,1.65,D,C10,8.657656,330,2857.03
43135,L16,12137,A10,B23,C40,PCS,19,1.65,D,C10,8.657656,31.35,271.42
43135,L16,12137,A10,B23,C40,PCS,521,1.65,D,C10,8.657656,859.65,7442.55
43135,L16,12137,A10,B23,C40,PCS,139,1.65,D,C10,8.657656,229.35,1985.63
43135,L16,12137,A10,B23,C40,PCS,566,1.65,D,C10,8.657656,933.9,8085.38
43135,L16,12137,A10,B23,C40,PCS,814,1.65,D,C10,8.657656,1343.1,11628.1
43135,L16,12137,A10,B23,C40,PCS,637,1.65,D,C10,8.657656,1051.05,9099.63
43135,L16,12137,A10,B23,C40,PCS,878,1.65,D,C10,8.657656,1448.7,12542.35
43135,L16,12137,A10,B23,C40,PCS,336,1.65,D,C10,8.657656,554.4,4799.8
43135,L16,12137,A10,B23,C40,PCS,214,1.65,D,C10,8.657656,353.1,3057.02
43133,L16,12149,A10,B26,C39,PCS,772,9.47,C,C04,5.388146,7310.84,39391.87
43133,L16,12149,A10,B26,C39,PCS,427,9.47,C,C04,5.388146,4043.69,21787.99
43133,L16,12149,A10,B26,C39,PCS,410,9.47,C,C04,5.388146,3882.7,20920.55
43133,L16,12149,A10,B26,C39,PCS,160,9.47,C,C04,5.388146,1515.2,8164.12
43133,L16,12149,A10,B26,C39,PCS,276,9.47,C,C04,5.388146,2613.72,14083.1
43133,L16,12149,A10,B26,C39,PCS,498,9.47,C,C04,5.388146,4716.06,25410.82
43133,L16,12149,A10,B26,C39,PCS,294,9.47,C,C04,5.388146,2784.18,15001.57
43133,L16,12149,A10,B26,C39,PCS,356,9.47,C,C04,5.388146,3371.32,18165.16
43133,L16,12149,A10,B26,C39,PCS,584,9.47,C,C04,5.388146,5530.48,29799.03
43133,L16,12149,A10,B26,C39,PCS,315,9.47,C,C04,5.388146,2983.05,16073.11
43156,L16,12163,A18,B29,C32,PCS,4,9.91,C,C07,1.358577,39.64,53.85
43156,L16,12163,A18,B29,C32,PCS,68,9.91,C,C07,1.358577,673.88,915.52
43156,L16,12163,A18,B29,C32,PCS,181,9.91,C,C07,1.358577,1793.71,2436.89
43156,L16,12163,A18,B29,C32,PCS,494,9.91,C,C07,1.358577,4895.54,6650.97
43156,L16,12163,A18,B29,C32,PCS,474,9.91,C,C07,1.358577,4697.34,6381.7
43156,L16,12163,A18,B29,C32,PCS,944,9.91,C,C07,1.358577,9355.04,12709.54
43156,L16,12163,A18,B29,C32,PCS,25,9.91,C,C07,1.358577,247.75,336.59
43156,L16,12163,A18,B29,C32,PCS,175,9.91,C,C07,1.358577,1734.25,2356.11
43156,L16,12163,A18,B29,C32,PCS,300,9.91,C,C07,1.358577,2973,4039.05
43156,L16,12163,A18,B29,C32,PCS,716,9.91,C,C07,1.358577,7095.56,9639.86
43139,L16,12174,A11,B30,C30,PCS,502,2.04,C,C05,3.40242,1024.08,3484.35
43139,L16,12174,A11,B30,C30,PCS,69,2.04,C,C05,3.40242,140.76,478.92
43139,L16,12174,A11,B30,C30,PCS,424,2.04,C,C05,3.40242,864.96,2942.96
43139,L16,12174,A11,B30,C30,PCS,959,2.04,C,C05,3.40242,1956.36,6656.36
43139,L16,12174,A11,B30,C30,PCS,666,2.04,C,C05,3.40242,1358.64,4622.66
43139,L16,12174,A11,B30,C30,PCS,710,2.04,C,C05,3.40242,1448.4,4928.07
43139,L16,12174,A11,B30,C30,PCS,560,2.04,C,C05,3.40242,1142.4,3886.92
43139,L16,12174,A11,B30,C30,PCS,2,2.04,C,C05,3.40242,4.08,13.88
43139,L16,12174,A11,B30,C30,PCS,388,2.04,C,C05,3.40242,791.52,2693.08
43139,L16,12174,A11,B30,C30,PCS,271,2.04,C,C05,3.40242,552.84,1880.99
43150,L16,12471,A19,B26,C38,PCS,107,9.44,C,C06,3.547054,1010.08,3582.81
43150,L16,12471,A19,B26,C38,PCS,513,9.44,C,C06,3.547054,4842.72,17177.39
43150,L16,12471,A19,B26,C38,PCS,368,9.44,C,C06,3.547054,3473.92,12322.18
43150,L16,12471,A19,B26,C38,PCS,9,9.44,C,C06,3.547054,84.96,301.36
43150,L16,12471,A19,B26,C38,PCS,190,9.44,C,C06,3.547054,1793.6,6362
43150,L16,12471,A19,B26,C38,PCS,539,9.44,C,C06,3.547054,5088.16,18047.98
43150,L16,12471,A19,B26,C38,PCS,50,9.44,C,C06,3.547054,472,1674.21
43150,L16,12471,A19,B26,C38,PCS,379,9.44,C,C06,3.547054,3577.76,12690.51
43150,L16,12471,A19,B26,C38,PCS,424,9.44,C,C06,3.547054,4002.56,14197.3
43150,L16,12471,A19,B26,C38,PCS,560,9.44,C,C06,3.547054,5286.4,18751.15
43141,L16,12671,A16,B29,C38,PCS,936,1.55,C,C08,1.496196,1450.8,2170.68
43141,L16,12671,A16,B29,C38,PCS,420,1.55,C,C08,1.496196,651,974.02
43141,L16,12671,A16,B29,C38,PCS,753,1.55,C,C08,1.496196,1167.15,1746.29
43141,L16,12671,A16,B29,C38,PCS,845,1.55,C,C08,1.496196,1309.75,1959.64
43141,L16,12671,A16,B29,C38,PCS,484,1.55,C,C08,1.496196,750.2,1122.45
43141,L16,12671,A16,B29,C38,PCS,66,1.55,C,C08,1.496196,102.3,153.06
43141,L16,12671,A16,B29,C38,PCS,461,1.55,C,C08,1.496196,714.55,1069.11
43141,L16,12671,A16,B29,C38,PCS,993,1.55,C,C08,1.496196,1539.15,2302.87
43141,L16,12671,A16,B29,C38,PCS,427,1.55,C,C08,1.496196,661.85,990.26
43141,L16,12671,A16,B29,C38,PCS,697,1.55,C,C08,1.496196,1080.35,1616.42
43154,L16,12792,A10,B24,C35,PCS,605,6.44,C,C05,3.40242,3896.2,13256.51
43154,L16,12792,A10,B24,C35,PCS,787,6.44,C,C05,3.40242,5068.28,17244.42
43154,L16,12792,A10,B24,C35,PCS,740,6.44,C,C05,3.40242,4765.6,16214.57
43154,L16,12792,A10,B24,C35,PCS,259,6.44,C,C05,3.40242,1667.96,5675.1
43154,L16,12792,A10,B24,C35,PCS,337,6.44,C,C05,3.40242,2170.28,7384.2
43154,L16,12792,A10,B24,C35,PCS,956,6.44,C,C05,3.40242,6156.64,20947.48
43154,L16,12792,A10,B24,C35,PCS,418,6.44,C,C05,3.40242,2691.92,9159.04
43154,L16,12792,A10,B24,C35,PCS,352,6.44,C,C05,3.40242,2266.88,7712.88
43154,L16,12792,A10,B24,C35,PCS,55,6.44,C,C05,3.40242,354.2,1205.14
43154,L16,12792,A10,B24,C35,PCS,194,6.44,C,C05,3.40242,1249.36,4250.85
43157,L16,12875,A10,B28,C37,PCS,500,8.79,D,C05,3.40242,4395,14953.64
43157,L16,12875,A10,B28,C37,PCS,899,8.79,D,C05,3.40242,7902.21,26886.64
43157,L16,12875,A10,B28,C37,PCS,372,8.79,D,C05,3.40242,3269.88,11125.51
43157,L16,12875,A10,B28,C37,PCS,150,8.79,D,C05,3.40242,1318.5,4486.09
43157,L16,12875,A10,B28,C37,PCS,43,8.79,D,C05,3.40242,377.97,1286.01
43157,L16,12875,A10,B28,C37,PCS,859,8.79,D,C05,3.40242,7550.61,25690.35
43157,L16,12875,A10,B28,C37,PCS,345,8.79,D,C05,3.40242,3032.55,10318.01
43157,L16,12875,A10,B28,C37,PCS,473,8.79,D,C05,3.40242,4157.67,14146.14
43157,L16,12875,A10,B28,C37,PCS,358,8.79,D,C05,3.40242,3146.82,10706.8
43157,L16,12875,A10,B28,C37,PCS,166,8.79,D,C05,3.40242,1459.14,4964.61
43150,L16,12986,A17,B24,C31,PCS,102,7.33,D,C04,5.388146,747.66,4028.5
43150,L16,12986,A17,B24,C31,PCS,176,7.33,D,C04,5.388146,1290.08,6951.14
43150,L16,12986,A17,B24,C31,PCS,894,7.33,D,C04,5.388146,6553.02,35308.63
43150,L16,12986,A17,B24,C31,PCS,430,7.33,D,C04,5.388146,3151.9,16982.9
43150,L16,12986,A17,B24,C31,PCS,341,7.33,D,C04,5.388146,2499.53,13467.83
43150,L16,12986,A17,B24,C31,PCS,599,7.33,D,C04,5.388146,4390.67,23657.57
43150,L16,12986,A17,B24,C31,PCS,563,7.33,D,C04,5.388146,4126.79,22235.75
43150,L16,12986,A17,B24,C31,PCS,962,7.33,D,C04,5.388146,7051.46,37994.3
43150,L16,12986,A17,B24,C31,PCS,56,7.33,D,C04,5.388146,410.48,2211.73
43150,L16,12986,A17,B24,C31,PCS,29,7.33,D,C04,5.388146,212.57,1145.36
43133,L16,12987,A17,B21,C37,PCS,911,1.21,D,C03,7.133317,1102.31,7863.13
43133,L16,12987,A17,B21,C37,PCS,979,1.21,D,C03,7.133317,1184.59,8450.06
43133,L16,12987,A17,B21,C37,PCS,388,1.21,D,C03,7.133317,469.48,3348.95
43133,L16,12987,A17,B21,C37,PCS,624,1.21,D,C03,7.133317,755.04,5385.94
43133,L16,12987,A17,B21,C37,PCS,616,1.21,D,C03,7.133317,745.36,5316.89
43133,L16,12987,A17,B21,C37,PCS,756,1.21,D,C03,7.133317,914.76,6525.27
43133,L16,12987,A17,B21,C37,PCS,183,1.21,D,C03,7.133317,221.43,1579.53
43133,L16,12987,A17,B21,C37,PCS,478,1.21,D,C03,7.133317,578.38,4125.77
43133,L16,12987,A17,B21,C37,PCS,223,1.21,D,C03,7.133317,269.83,1924.78
43133,L16,12987,A17,B21,C37,PCS,219,1.21,D,C03,7.133317,264.99,1890.26
43150,L16,13027,A12,B28,C32,PCS,621,7.33,D,C04,5.388146,4551.93,24526.46
43150,L16,13027,A12,B28,C32,PCS,960,7.33,D,C04,5.388146,7036.8,37915.31
43150,L16,13027,A12,B28,C32,PCS,939,7.33,D,C04,5.388146,6882.87,37085.91
43150,L16,13027,A12,B28,C32,PCS,164,7.33,D,C04,5.388146,1202.12,6477.2
43150,L16,13027,A12,B28,C32,PCS,841,7.33,D,C04,5.388146,6164.53,33215.39
43150,L16,13027,A12,B28,C32,PCS,279,7.33,D,C04,5.388146,2045.07,11019.14
43150,L16,13027,A12,B28,C32,PCS,63,7.33,D,C04,5.388146,461.79,2488.19
43150,L16,13027,A12,B28,C32,PCS,750,7.33,D,C04,5.388146,5497.5,29621.33
43150,L16,13027,A12,B28,C32,PCS,344,7.33,D,C04,5.388146,2521.52,13586.32
43150,L16,13027,A12,B28,C32,PCS,822,7.33,D,C04,5.388146,6025.26,32464.98
43135,L16,13085,A20,B27,C35,PCS,590,1.65,D,C10,8.657656,973.5,8428.23
43135,L16,13085,A20,B27,C35,PCS,461,1.65,D,C10,8.657656,760.65,6585.45
43135,L16,13085,A20,B27,C35,PCS,906,1.65,D,C10,8.657656,1494.9,12942.33
43135,L16,13085,A20,B27,C35,PCS,665,1.65,D,C10,8.657656,1097.25,9499.61
43135,L16,13085,A20,B27,C35,PCS,643,1.65,D,C10,8.657656,1060.95,9185.34
43135,L16,13085,A20,B27,C35,PCS,110,1.65,D,C10,8.657656,181.5,1571.36
43135,L16,13085,A20,B27,C35,PCS,943,1.65,D,C10,8.657656,1555.95,13470.88
43135,L16,13085,A20,B27,C35,PCS,747,1.65,D,C10,8.657656,1232.55,10670.99
43135,L16,13085,A20,B27,C35,PCS,339,1.65,D,C10,8.657656,559.35,4842.66
43135,L16,13085,A20,B27,C35,PCS,391,1.65,D,C10,8.657656,645.15,5585.49
43150,L16,13181,A10,B22,C39,PCS,158,8.75,D,C08,1.496196,1382.5,2068.49
43150,L16,13181,A10,B22,C39,PCS,927,8.75,D,C08,1.496196,8111.25,12136.02
43150,L16,13181,A10,B22,C39,PCS,52,8.75,D,C08,1.496196,455,680.77
43150,L16,13181,A10,B22,C39,PCS,341,8.75,D,C08,1.496196,2983.75,4464.27
43150,L16,13181,A10,B22,C39,PCS,115,8.75,D,C08,1.496196,1006.25,1505.55
43150,L16,13181,A10,B22,C39,PCS,400,8.75,D,C08,1.496196,3500,5236.69
43150,L16,13181,A10,B22,C39,PCS,664,8.75,D,C08,1.496196,5810,8692.9
43150,L16,13181,A10,B22,C39,PCS,697,8.75,D,C08,1.496196,6098.75,9124.93
43150,L16,13181,A10,B22,C39,PCS,223,8.75,D,C08,1.496196,1951.25,2919.45
43150,L16,13181,A10,B22,C39,PCS,963,8.75,D,C08,1.496196,8426.25,12607.32
43141,L16,13195,A16,B29,C38,PCS,985,4.86,C,C07,1.358577,4787.1,6503.64
43141,L16,13195,A16,B29,C38,PCS,399,4.86,C,C07,1.358577,1939.14,2634.47
43141,L16,13195,A16,B29,C38,PCS,693,4.86,C,C07,1.358577,3367.98,4575.66
43141,L16,13195,A16,B29,C38,PCS,357,4.86,C,C07,1.358577,1735.02,2357.16
43141,L16,13195,A16,B29,C38,PCS,50,4.86,C,C07,1.358577,243,330.13
43141,L16,13195,A16,B29,C38,PCS,390,4.86,C,C07,1.358577,1895.4,2575.05
43141,L16,13195,A16,B29,C38,PCS,614,4.86,C,C07,1.358577,2984.04,4054.05
43141,L16,13195,A16,B29,C38,PCS,229,4.86,C,C07,1.358577,1112.94,1512.01
43141,L16,13195,A16,B29,C38,PCS,88,4.86,C,C07,1.358577,427.68,581.04
43141,L16,13195,A16,B29,C38,PCS,763,4.86,C,C07,1.358577,3708.18,5037.85
43133,L16,13234,A17,B21,C32,PCS,3,1.21,D,C03,7.133317,3.63,25.89
43133,L16,13234,A17,B21,C32,PCS,772,1.21,D,C03,7.133317,934.12,6663.37
43133,L16,13234,A17,B21,C32,PCS,642,1.21,D,C03,7.133317,776.82,5541.3
43133,L16,13234,A17,B21,C32,PCS,876,1.21,D,C03,7.133317,1059.96,7561.03
43133,L16,13234,A17,B21,C32,PCS,876,1.21,D,C03,7.133317,1059.96,7561.03
43133,L16,13234,A17,B21,C32,PCS,934,1.21,D,C03,7.133317,1130.14,8061.65
43133,L16,13234,A17,B21,C32,PCS,293,1.21,D,C03,7.133317,354.53,2528.97
43133,L16,13234,A17,B21,C32,PCS,495,1.21,D,C03,7.133317,598.95,4272.5
43133,L16,13234,A17,B21,C32,PCS,268,1.21,D,C03,7.133317,324.28,2313.19
43133,L16,13234,A17,B21,C32,PCS,184,1.21,D,C03,7.133317,222.64,1588.16
43145,L16,13341,A17,B29,C33,PCS,510,1.27,D,C05,3.40242,647.7,2203.75
43145,L16,13341,A17,B29,C33,PCS,661,1.27,D,C05,3.40242,839.47,2856.23
43145,L16,13341,A17,B29,C33,PCS,294,1.27,D,C05,3.40242,373.38,1270.4
43145,L16,13341,A17,B29,C33,PCS,770,1.27,D,C05,3.40242,977.9,3327.23
43145,L16,13341,A17,B29,C33,PCS,25,1.27,D,C05,3.40242,31.75,108.03
43145,L16,13341,A17,B29,C33,PCS,243,1.27,D,C05,3.40242,308.61,1050.02
43145,L16,13341,A17,B29,C33,PCS,591,1.27,D,C05,3.40242,750.57,2553.75
43145,L16,13341,A17,B29,C33,PCS,586,1.27,D,C05,3.40242,744.22,2532.15
43145,L16,13341,A17,B29,C33,PCS,12,1.27,D,C05,3.40242,15.24,51.85
43145,L16,13341,A17,B29,C33,PCS,71,1.27,D,C05,3.40242,90.17,306.8
43154,L16,13426,A17,B23,C32,PCS,113,5.09,C,C07,1.358577,575.17,781.41
43154,L16,13426,A17,B23,C32,PCS,713,5.09,C,C07,1.358577,3629.17,4930.51
43154,L16,13426,A17,B23,C32,PCS,413,5.09,C,C07,1.358577,2102.17,2855.96
43154,L16,13426,A17,B23,C32,PCS,770,5.09,C,C07,1.358577,3919.3,5324.67
43154,L16,13426,A17,B23,C32,PCS,578,5.09,C,C07,1.358577,2942.02,3996.96
43154,L16,13426,A17,B23,C32,PCS,280,5.09,C,C07,1.358577,1425.2,1936.24
43154,L16,13426,A17,B23,C32,PCS,118,5.09,C,C07,1.358577,600.62,815.99
43154,L16,13426,A17,B23,C32,PCS,231,5.09,C,C07,1.358577,1175.79,1597.4
43154,L16,13426,A17,B23,C32,PCS,422,5.09,C,C07,1.358577,2147.98,2918.2
43154,L16,13426,A17,B23,C32,PCS,668,5.09,C,C07,1.358577,3400.12,4619.32
43146,L16,13561,A18,B23,C37,PCS,827,8.32,D,C04,5.388146,6880.64,37073.89
43146,L16,13561,A18,B23,C37,PCS,599,8.32,D,C04,5.388146,4983.68,26852.8
43146,L16,13561,A18,B23,C37,PCS,91,8.32,D,C04,5.388146,757.12,4079.47
43146,L16,13561,A18,B23,C37,PCS,733,8.32,D,C04,5.388146,6098.56,32859.93
43146,L16,13561,A18,B23,C37,PCS,534,8.32,D,C04,5.388146,4442.88,23938.89
43146,L16,13561,A18,B23,C37,PCS,482,8.32,D,C04,5.388146,4010.24,21607.76
43146,L16,13561,A18,B23,C37,PCS,501,8.32,D,C04,5.388146,4168.32,22459.52
43146,L16,13561,A18,B23,C37,PCS,828,8.32,D,C04,5.388146,6888.96,37118.72
43146,L16,13561,A18,B23,C37,PCS,98,8.32,D,C04,5.388146,815.36,4393.28
43146,L16,13561,A18,B23,C37,PCS,409,8.32,D,C04,5.388146,3402.88,18335.21
43158,L16,13666,A18,B26,C30,PCS,186,1.29,C,C09,1.199464,239.94,287.8
43158,L16,13666,A18,B26,C30,PCS,337,1.29,C,C09,1.199464,434.73,521.44
43158,L16,13666,A18,B26,C30,PCS,3,1.29,C,C09,1.199464,3.87,4.64
43158,L16,13666,A18,B26,C30,PCS,437,1.29,C,C09,1.199464,563.73,676.17
43158,L16,13666,A18,B26,C30,PCS,789,1.29,C,C09,1.199464,1017.81,1220.83
43158,L16,13666,A18,B26,C30,PCS,399,1.29,C,C09,1.199464,514.71,617.38
43158,L16,13666,A18,B26,C30,PCS,459,1.29,C,C09,1.199464,592.11,710.21
43158,L16,13666,A18,B26,C30,PCS,85,1.29,C,C09,1.199464,109.65,131.52
43158,L16,13666,A18,B26,C30,PCS,788,1.29,C,C09,1.199464,1016.52,1219.28
43158,L16,13666,A18,B26,C30,PCS,648,1.29,C,C09,1.199464,835.92,1002.66
43146,L16,13808,A17,B24,C34,PCS,89,6.47,C,C07,1.358577,575.83,782.31
43146,L16,13808,A17,B24,C34,PCS,981,6.47,C,C07,1.358577,6347.07,8622.98
43146,L16,13808,A17,B24,C34,PCS,724,6.47,C,C07,1.358577,4684.28,6363.96
43146,L16,13808,A17,B24,C34,PCS,676,6.47,C,C07,1.358577,4373.72,5942.04
43146,L16,13808,A17,B24,C34,PCS,486,6.47,C,C07,1.358577,3144.42,4271.94
43146,L16,13808,A17,B24,C34,PCS,541,6.47,C,C07,1.358577,3500.27,4755.39
43146,L16,13808,A17,B24,C34,PCS,306,6.47,C,C07,1.358577,1979.82,2689.74
43146,L16,13808,A17,B24,C34,PCS,126,6.47,C,C07,1.358577,815.22,1107.54
43146,L16,13808,A17,B24,C34,PCS,784,6.47,C,C07,1.358577,5072.48,6891.35
43146,L16,13808,A17,B24,C34,PCS,702,6.47,C,C07,1.358577,4541.94,6170.58
43135,L16,13823,A19,B28,C31,PCS,117,5.6,C,C03,7.133317,655.2,4673.75
43135,L16,13823,A19,B28,C31,PCS,815,5.6,C,C03,7.133317,4564,32556.46
43135,L16,13823,A19,B28,C31,PCS,973,5.6,C,C03,7.133317,5448.8,38868.02
43135,L16,13823,A19,B28,C31,PCS,757,5.6,C,C03,7.133317,4239.2,30239.56
43135,L16,13823,A19,B28,C31,PCS,401,5.6,C,C03,7.133317,2245.6,16018.58
43135,L16,13823,A19,B28,C31,PCS,161,5.6,C,C03,7.133317,901.6,6431.4
43135,L16,13823,A19,B28,C31,PCS,270,5.6,C,C03,7.133317,1512,10785.58
43135,L16,13823,A19,B28,C31,PCS,528,5.6,C,C03,7.133317,2956.8,21091.79
43135,L16,13823,A19,B28,C31,PCS,738,5.6,C,C03,7.133317,4132.8,29480.57
43135,L16,13823,A19,B28,C31,PCS,621,5.6,C,C03,7.133317,3477.6,24806.82
43141,L16,13824,A15,B22,C35,PCS,871,1.55,C,C08,1.496196,1350.05,2019.94
43141,L16,13824,A15,B22,C35,PCS,467,1.55,C,C08,1.496196,723.85,1083.02
43141,L16,13824,A15,B22,C35,PCS,591,1.55,C,C08,1.496196,916.05,1370.59
43141,L16,13824,A15,B22,C35,PCS,211,1.55,C,C08,1.496196,327.05,489.33
43141,L16,13824,A15,B22,C35,PCS,587,1.55,C,C08,1.496196,909.85,1361.31
43141,L16,13824,A15,B22,C35,PCS,833,1.55,C,C08,1.496196,1291.15,1931.81
43141,L16,13824,A15,B22,C35,PCS,813,1.55,C,C08,1.496196,1260.15,1885.43
43141,L16,13824,A15,B22,C35,PCS,265,1.55,C,C08,1.496196,410.75,614.56
43141,L16,13824,A15,B22,C35,PCS,834,1.55,C,C08,1.496196,1292.7,1934.13
43141,L16,13824,A15,B22,C35,PCS,750,1.55,C,C08,1.496196,1162.5,1739.33
43156,L16,13827,A11,B27,C40,PCS,892,9.91,D,C07,1.358577,8839.72,12009.44
43156,L16,13827,A11,B27,C40,PCS,48,9.91,D,C07,1.358577,475.68,646.25
43156,L16,13827,A11,B27,C40,PCS,212,9.91,D,C07,1.358577,2100.92,2854.26
43156,L16,13827,A11,B27,C40,PCS,589,9.91,D,C07,1.358577,5836.99,7930
43156,L16,13827,A11,B27,C40,PCS,958,9.91,D,C07,1.358577,9493.78,12898.03
43156,L16,13827,A11,B27,C40,PCS,226,9.91,D,C07,1.358577,2239.66,3042.75
43156,L16,13827,A11,B27,C40,PCS,530,9.91,D,C07,1.358577,5252.3,7135.65
43156,L16,13827,A11,B27,C40,PCS,559,9.91,D,C07,1.358577,5539.69,7526.1
43156,L16,13827,A11,B27,C40,PCS,269,9.91,D,C07,1.358577,2665.79,3621.68
43156,L16,13827,A11,B27,C40,PCS,244,9.91,D,C07,1.358577,2418.04,3285.09
43139,L16,13992,A17,B23,C36,PCS,300,2.88,C,C01,6.825646,864,5897.36
43139,L16,13992,A17,B23,C36,PCS,696,2.88,C,C01,6.825646,2004.48,13681.87
43139,L16,13992,A17,B23,C36,PCS,423,2.88,C,C01,6.825646,1218.24,8315.27
43139,L16,13992,A17,B23,C36,PCS,851,2.88,C,C01,6.825646,2450.88,16728.84
43139,L16,13992,A17,B23,C36,PCS,661,2.88,C,C01,6.825646,1903.68,12993.85
43139,L16,13992,A17,B23,C36,PCS,452,2.88,C,C01,6.825646,1301.76,8885.35
43139,L16,13992,A17,B23,C36,PCS,558,2.88,C,C01,6.825646,1607.04,10969.09
43139,L16,13992,A17,B23,C36,PCS,377,2.88,C,C01,6.825646,1085.76,7411.01
43139,L16,13992,A17,B23,C36,PCS,144,2.88,C,C01,6.825646,414.72,2830.73
43139,L16,13992,A17,B23,C36,PCS,178,2.88,C,C01,6.825646,512.64,3499.1
43147,L16,14074,A20,B24,C33,PCS,149,2.51,C,C06,3.547054,373.99,1326.56
43147,L16,14074,A20,B24,C33,PCS,172,2.51,C,C06,3.547054,431.72,1531.33
43147,L16,14074,A20,B24,C33,PCS,725,2.51,C,C06,3.547054,1819.75,6454.75
43147,L16,14074,A20,B24,C33,PCS,937,2.51,C,C06,3.547054,2351.87,8342.21
43147,L16,14074,A20,B24,C33,PCS,604,2.51,C,C06,3.547054,1516.04,5377.48
43147,L16,14074,A20,B24,C33,PCS,508,2.51,C,C06,3.547054,1275.08,4522.78
43147,L16,14074,A20,B24,C33,PCS,764,2.51,C,C06,3.547054,1917.64,6801.97
43147,L16,14074,A20,B24,C33,PCS,186,2.51,C,C06,3.547054,466.86,1655.98
43147,L16,14074,A20,B24,C33,PCS,697,2.51,C,C06,3.547054,1749.47,6205.46
43147,L16,14074,A20,B24,C33,PCS,599,2.51,C,C06,3.547054,1503.49,5332.96
43138,L16,14114,A17,B29,C37,PCS,964,3.62,C,C03,7.133317,3489.68,24892.99
43138,L16,14114,A17,B29,C37,PCS,514,3.62,C,C03,7.133317,1860.68,13272.82
43138,L16,14114,A17,B29,C37,PCS,877,3.62,C,C03,7.133317,3174.74,22646.43
43138,L16,14114,A17,B29,C37,PCS,964,3.62,C,C03,7.133317,3489.68,24892.99
43138,L16,14114,A17,B29,C37,PCS,511,3.62,C,C03,7.133317,1849.82,13195.35
43138,L16,14114,A17,B29,C37,PCS,902,3.62,C,C03,7.133317,3265.24,23291.99
43138,L16,14114,A17,B29,C37,PCS,717,3.62,C,C03,7.133317,2595.54,18514.81
43138,L16,14114,A17,B29,C37,PCS,241,3.62,C,C03,7.133317,872.42,6223.25
43138,L16,14114,A17,B29,C37,PCS,993,3.62,C,C03,7.133317,3594.66,25641.85
43138,L16,14114,A17,B29,C37,PCS,306,3.62,C,C03,7.133317,1107.72,7901.72
43137,L16,14275,A15,B26,C37,PCS,663,3.64,D,C04,5.388146,2413.32,13003.32
43137,L16,14275,A15,B26,C37,PCS,284,3.64,D,C04,5.388146,1033.76,5570.05
43137,L16,14275,A15,B26,C37,PCS,176,3.64,D,C04,5.388146,640.64,3451.86
43137,L16,14275,A15,B26,C37,PCS,941,3.64,D,C04,5.388146,3425.24,18455.69
43137,L16,14275,A15,B26,C37,PCS,656,3.64,D,C04,5.388146,2387.84,12866.03
43137,L16,14275,A15,B26,C37,PCS,763,3.64,D,C04,5.388146,2777.32,14964.61
43137,L16,14275,A15,B26,C37,PCS,895,3.64,D,C04,5.388146,3257.8,17553.5
43137,L16,14275,A15,B26,C37,PCS,104,3.64,D,C04,5.388146,378.56,2039.74
43137,L16,14275,A15,B26,C37,PCS,171,3.64,D,C04,5.388146,622.44,3353.8
43137,L16,14275,A15,B26,C37,PCS,336,3.64,D,C04,5.388146,1223.04,6589.92
43138,L16,15117,A16,B21,C34,PCS,769,5.44,D,C02,9.912483,4183.36,41467.48
43138,L16,15117,A16,B21,C34,PCS,784,5.44,D,C02,9.912483,4264.96,42276.34
43138,L16,15117,A16,B21,C34,PCS,903,5.44,D,C02,9.912483,4912.32,48693.29
43138,L16,15117,A16,B21,C34,PCS,213,5.44,D,C02,9.912483,1158.72,11485.79
43138,L16,15117,A16,B21,C34,PCS,523,5.44,D,C02,9.912483,2845.12,28202.2
43138,L16,15117,A16,B21,C34,PCS,610,5.44,D,C02,9.912483,3318.4,32893.58
43138,L16,15117,A16,B21,C34,PCS,856,5.44,D,C02,9.912483,4656.64,46158.86
43138,L16,15117,A16,B21,C34,PCS,627,5.44,D,C02,9.912483,3410.88,33810.29
43138,L16,15117,A16,B21,C34,PCS,790,5.44,D,C02,9.912483,4297.6,42599.89
43138,L16,15117,A16,B21,C34,PCS,25,5.44,D,C02,9.912483,136,1348.1
43145,L16,15335,A12,B20,C39,PCS,978,7.35,C,C05,3.40242,7188.3,24457.62
43145,L16,15335,A12,B20,C39,PCS,936,7.35,C,C05,3.40242,6879.6,23407.29
43145,L16,15335,A12,B20,C39,PCS,791,7.35,C,C05,3.40242,5813.85,19781.16
43145,L16,15335,A12,B20,C39,PCS,187,7.35,C,C05,3.40242,1374.45,4676.46
43145,L16,15335,A12,B20,C39,PCS,945,7.35,C,C05,3.40242,6945.75,23632.36
43145,L16,15335,A12,B20,C39,PCS,563,7.35,C,C05,3.40242,4138.05,14079.38
43145,L16,15335,A12,B20,C39,PCS,896,7.35,C,C05,3.40242,6585.6,22406.98
43145,L16,15335,A12,B20,C39,PCS,241,7.35,C,C05,3.40242,1771.35,6026.88
43145,L16,15335,A12,B20,C39,PCS,19,7.35,C,C05,3.40242,139.65,475.15
43145,L16,15335,A12,B20,C39,PCS,761,7.35,C,C05,3.40242,5593.35,19030.93
43139,L16,15390,A13,B23,C33,PCS,88,7.12,D,C03,7.133317,626.56,4469.45
43139,L16,15390,A13,B23,C33,PCS,292,7.12,D,C03,7.133317,2079.04,14830.45
43139,L16,15390,A13,B23,C33,PCS,513,7.12,D,C03,7.133317,3652.56,26054.87
43139,L16,15390,A13,B23,C33,PCS,261,7.12,D,C03,7.133317,1858.32,13255.99
43139,L16,15390,A13,B23,C33,PCS,423,7.12,D,C03,7.133317,3011.76,21483.84
43139,L16,15390,A13,B23,C33,PCS,164,7.12,D,C03,7.133317,1167.68,8329.43
43139,L16,15390,A13,B23,C33,PCS,130,7.12,D,C03,7.133317,925.6,6602.6
43139,L16,15390,A13,B23,C33,PCS,966,7.12,D,C03,7.133317,6877.92,49062.38
43139,L16,15390,A13,B23,C33,PCS,537,7.12,D,C03,7.133317,3823.44,27273.81
43139,L16,15390,A13,B23,C33,PCS,940,7.12,D,C03,7.133317,6692.8,47741.86
43143,L16,15414,A12,B29,C31,PCS,100,8.9,C,C09,1.199464,890,1067.52
43143,L16,15414,A12,B29,C31,PCS,998,8.9,C,C09,1.199464,8882.2,10653.88
43143,L16,15414,A12,B29,C31,PCS,500,8.9,C,C09,1.199464,4450,5337.61
43143,L16,15414,A12,B29,C31,PCS,668,8.9,C,C09,1.199464,5945.2,7131.05
43143,L16,15414,A12,B29,C31,PCS,112,8.9,C,C09,1.199464,996.8,1195.63
43143,L16,15414,A12,B29,C31,PCS,379,8.9,C,C09,1.199464,3373.1,4045.91
43143,L16,15414,A12,B29,C31,PCS,502,8.9,C,C09,1.199464,4467.8,5358.97
43143,L16,15414,A12,B29,C31,PCS,510,8.9,C,C09,1.199464,4539,5444.37
43143,L16,15414,A12,B29,C31,PCS,932,8.9,C,C09,1.199464,8294.8,9949.31
43143,L16,15414,A12,B29,C31,PCS,571,8.9,C,C09,1.199464,5081.9,6095.56
43139,L16,15435,A10,B21,C37,PCS,536,2.04,D,C05,3.40242,1093.44,3720.34
43139,L16,15435,A10,B21,C37,PCS,336,2.04,D,C05,3.40242,685.44,2332.15
43139,L16,15435,A10,B21,C37,PCS,926,2.04,D,C05,3.40242,1889.04,6427.31
43139,L16,15435,A10,B21,C37,PCS,721,2.04,D,C05,3.40242,1470.84,5004.42
43139,L16,15435,A10,B21,C37,PCS,758,2.04,D,C05,3.40242,1546.32,5261.23
43139,L16,15435,A10,B21,C37,PCS,90,2.04,D,C05,3.40242,183.6,624.68
43139,L16,15435,A10,B21,C37,PCS,772,2.04,D,C05,3.40242,1574.88,5358.4
43139,L16,15435,A10,B21,C37,PCS,953,2.04,D,C05,3.40242,1944.12,6614.71
43139,L16,15435,A10,B21,C37,PCS,450,2.04,D,C05,3.40242,918,3123.42
43139,L16,15435,A10,B21,C37,PCS,906,2.04,D,C05,3.40242,1848.24,6288.49
43142,L16,15477,A20,B21,C40,PCS,287,3.33,C,C08,1.496196,955.71,1429.93
43142,L16,15477,A20,B21,C40,PCS,45,3.33,C,C08,1.496196,149.85,224.2
43142,L16,15477,A20,B21,C40,PCS,876,3.33,C,C08,1.496196,2917.08,4364.52
43142,L16,15477,A20,B21,C40,PCS,244,3.33,C,C08,1.496196,812.52,1215.69
43142,L16,15477,A20,B21,C40,PCS,354,3.33,C,C08,1.496196,1178.82,1763.75
43142,L16,15477,A20,B21,C40,PCS,506,3.33,C,C08,1.496196,1684.98,2521.06
43142,L16,15477,A20,B21,C40,PCS,333,3.33,C,C08,1.496196,1108.89,1659.12
43142,L16,15477,A20,B21,C40,PCS,345,3.33,C,C08,1.496196,1148.85,1718.9
43142,L16,15477,A20,B21,C40,PCS,138,3.33,C,C08,1.496196,459.54,687.56
43142,L16,15477,A20,B21,C40,PCS,505,3.33,C,C08,1.496196,1681.65,2516.08
43158,L16,15502,A10,B28,C40,PCS,226,9.12,C,C08,1.496196,2061.12,3083.84
43158,L16,15502,A10,B28,C40,PCS,272,9.12,C,C08,1.496196,2480.64,3711.52
43158,L16,15502,A10,B28,C40,PCS,124,9.12,C,C08,1.496196,1130.88,1692.02
43158,L16,15502,A10,B28,C40,PCS,540,9.12,C,C08,1.496196,4924.8,7368.47
43158,L16,15502,A10,B28,C40,PCS,539,9.12,C,C08,1.496196,4915.68,7354.82
43158,L16,15502,A10,B28,C40,PCS,112,9.12,C,C08,1.496196,1021.44,1528.27
43158,L16,15502,A10,B28,C40,PCS,35,9.12,C,C08,1.496196,319.2,477.59
43158,L16,15502,A10,B28,C40,PCS,217,9.12,C,C08,1.496196,1979.04,2961.03
43158,L16,15502,A10,B28,C40,PCS,277,9.12,C,C08,1.496196,2526.24,3779.75
43158,L16,15502,A10,B28,C40,PCS,572,9.12,C,C08,1.496196,5216.64,7805.12
43150,L16,15549,A20,B24,C36,PCS,155,5.33,C,C01,6.825646,826.15,5639.01
43150,L16,15549,A20,B24,C36,PCS,972,5.33,C,C01,6.825646,5180.76,35362.03
43150,L16,15549,A20,B24,C36,PCS,281,5.33,C,C01,6.825646,1497.73,10222.97
43150,L16,15549,A20,B24,C36,PCS,507,5.33,C,C01,6.825646,2702.31,18445.01
43150,L16,15549,A20,B24,C36,PCS,559,5.33,C,C01,6.825646,2979.47,20336.81
43150,L16,15549,A20,B24,C36,PCS,625,5.33,C,C01,6.825646,3331.25,22737.93
43150,L16,15549,A20,B24,C36,PCS,298,5.33,C,C01,6.825646,1588.34,10841.45
43150,L16,15549,A20,B24,C36,PCS,867,5.33,C,C01,6.825646,4621.11,31542.06
43150,L16,15549,A20,B24,C36,PCS,717,5.33,C,C01,6.825646,3821.61,26084.96
43150,L16,15549,A20,B24,C36,PCS,631,5.33,C,C01,6.825646,3363.23,22956.22
43150,L16,15551,A15,B20,C32,PCS,650,9.44,C,C06,3.547054,6136,21764.72
43150,L16,15551,A15,B20,C32,PCS,69,9.44,C,C06,3.547054,651.36,2310.41
43150,L16,15551,A15,B20,C32,PCS,486,9.44,C,C06,3.547054,4587.84,16273.32
43150,L16,15551,A15,B20,C32,PCS,329,9.44,C,C06,3.547054,3105.76,11016.3
43150,L16,15551,A15,B20,C32,PCS,517,9.44,C,C06,3.547054,4880.48,17311.33
43150,L16,15551,A15,B20,C32,PCS,203,9.44,C,C06,3.547054,1916.32,6797.29
43150,L16,15551,A15,B20,C32,PCS,497,9.44,C,C06,3.547054,4691.68,16641.64
43150,L16,15551,A15,B20,C32,PCS,748,9.44,C,C06,3.547054,7061.12,25046.17
43150,L16,15551,A15,B20,C32,PCS,515,9.44,C,C06,3.547054,4861.6,17244.36
43150,L16,15551,A15,B20,C32,PCS,654,9.44,C,C06,3.547054,6173.76,21898.66
43142,L16,15669,A18,B26,C35,PCS,372,4.06,C,C03,7.133317,1510.32,10773.59
43142,L16,15669,A18,B26,C35,PCS,178,4.06,C,C03,7.133317,722.68,5155.11
43142,L16,15669,A18,B26,C35,PCS,16,4.06,C,C03,7.133317,64.96,463.38
43142,L16,15669,A18,B26,C35,PCS,881,4.06,C,C03,7.133317,3576.86,25514.88
43142,L16,15669,A18,B26,C35,PCS,833,4.06,C,C03,7.133317,3381.98,24124.74
43142,L16,15669,A18,B26,C35,PCS,600,4.06,C,C03,7.133317,2436,17376.76
43142,L16,15669,A18,B26,C35,PCS,257,4.06,C,C03,7.133317,1043.42,7443.05
43142,L16,15669,A18,B26,C35,PCS,995,4.06,C,C03,7.133317,4039.7,28816.46
43142,L16,15669,A18,B26,C35,PCS,565,4.06,C,C03,7.133317,2293.9,16363.12
43142,L16,15669,A18,B26,C35,PCS,770,4.06,C,C03,7.133317,3126.2,22300.18
43135,L16,15749,A13,B26,C33,PCS,942,7.78,D,C04,5.388146,7328.76,39488.43
43135,L16,15749,A13,B26,C33,PCS,416,7.78,D,C04,5.388146,3236.48,17438.63
43135,L16,15749,A13,B26,C33,PCS,517,7.78,D,C04,5.388146,4022.26,21672.52
43135,L16,15749,A13,B26,C33,PCS,124,7.78,D,C04,5.388146,964.72,5198.05
43135,L16,15749,A13,B26,C33,PCS,722,7.78,D,C04,5.388146,5617.16,30266.08
43135,L16,15749,A13,B26,C33,PCS,565,7.78,D,C04,5.388146,4395.7,23684.67
43135,L16,15749,A13,B26,C33,PCS,781,7.78,D,C04,5.388146,6076.18,32739.34
43135,L16,15749,A13,B26,C33,PCS,692,7.78,D,C04,5.388146,5383.76,29008.48
43135,L16,15749,A13,B26,C33,PCS,770,7.78,D,C04,5.388146,5990.6,32278.23
43135,L16,15749,A13,B26,C33,PCS,969,7.78,D,C04,5.388146,7538.82,40620.26
43138,L16,15771,A13,B23,C36,PCS,445,3.62,C,C03,7.133317,1610.9,11491.06
43138,L16,15771,A13,B23,C36,PCS,161,3.62,C,C03,7.133317,582.82,4157.44
43138,L16,15771,A13,B23,C36,PCS,312,3.62,C,C03,7.133317,1129.44,8056.65
43138,L16,15771,A13,B23,C36,PCS,357,3.62,C,C03,7.133317,1292.34,9218.67
43138,L16,15771,A13,B23,C36,PCS,303,3.62,C,C03,7.133317,1096.86,7824.25
43138,L16,15771,A13,B23,C36,PCS,601,3.62,C,C03,7.133317,2175.62,15519.39
43138,L16,15771,A13,B23,C36,PCS,847,3.62,C,C03,7.133317,3066.14,21871.75
43138,L16,15771,A13,B23,C36,PCS,923,3.62,C,C03,7.133317,3341.26,23834.27
43138,L16,15771,A13,B23,C36,PCS,163,3.62,C,C03,7.133317,590.06,4209.09
43138,L16,15771,A13,B23,C36,PCS,963,3.62,C,C03,7.133317,3486.06,24867.17
43155,L16,15829,A14,B20,C38,PCS,785,8.07,D,C09,1.199464,6334.95,7598.54
43155,L16,15829,A14,B20,C38,PCS,690,8.07,D,C09,1.199464,5568.3,6678.98
43155,L16,15829,A14,B20,C38,PCS,69,8.07,D,C09,1.199464,556.83,667.9
43155,L16,15829,A14,B20,C38,PCS,371,8.07,D,C09,1.199464,2993.97,3591.16
43155,L16,15829,A14,B20,C38,PCS,541,8.07,D,C09,1.199464,4365.87,5236.7
43155,L16,15829,A14,B20,C38,PCS,631,8.07,D,C09,1.199464,5092.17,6107.87
43155,L16,15829,A14,B20,C38,PCS,87,8.07,D,C09,1.199464,702.09,842.13
43155,L16,15829,A14,B20,C38,PCS,369,8.07,D,C09,1.199464,2977.83,3571.8
43155,L16,15829,A14,B20,C38,PCS,447,8.07,D,C09,1.199464,3607.29,4326.81
43155,L16,15829,A14,B20,C38,PCS,238,8.07,D,C09,1.199464,1920.66,2303.76
43154,L16,16109,A13,B30,C33,PCS,849,5.12,C,C08,1.496196,4346.88,6503.78
43154,L16,16109,A13,B30,C33,PCS,221,5.12,C,C08,1.496196,1131.52,1692.98
43154,L16,16109,A13,B30,C33,PCS,244,5.12,C,C08,1.496196,1249.28,1869.17
43154,L16,16109,A13,B30,C33,PCS,434,5.12,C,C08,1.496196,2222.08,3324.67
43154,L16,16109,A13,B30,C33,PCS,956,5.12,C,C08,1.496196,4894.72,7323.46
43154,L16,16109,A13,B30,C33,PCS,943,5.12,C,C08,1.496196,4828.16,7223.87
43154,L16,16109,A13,B30,C33,PCS,97,5.12,C,C08,1.496196,496.64,743.07
43154,L16,16109,A13,B30,C33,PCS,728,5.12,C,C08,1.496196,3727.36,5576.86
43154,L16,16109,A13,B30,C33,PCS,382,5.12,C,C08,1.496196,1955.84,2926.32
43154,L16,16109,A13,B30,C33,PCS,543,5.12,C,C08,1.496196,2780.16,4159.66
43133,L16,16213,A12,B22,C33,PCS,284,3.26,C,C06,3.547054,925.84,3284
43133,L16,16213,A12,B22,C33,PCS,338,3.26,C,C06,3.547054,1101.88,3908.43
43133,L16,16213,A12,B22,C33,PCS,923,3.26,C,C06,3.547054,3008.98,10673.01
43133,L16,16213,A12,B22,C33,PCS,554,3.26,C,C06,3.547054,1806.04,6406.12
43133,L16,16213,A12,B22,C33,PCS,568,3.26,C,C06,3.547054,1851.68,6568.01
43133,L16,16213,A12,B22,C33,PCS,420,3.26,C,C06,3.547054,1369.2,4856.63
43133,L16,16213,A12,B22,C33,PCS,177,3.26,C,C06,3.547054,577.02,2046.72
43133,L16,16213,A12,B22,C33,PCS,721,3.26,C,C06,3.547054,2350.46,8337.21
43133,L16,16213,A12,B22,C33,PCS,898,3.26,C,C06,3.547054,2927.48,10383.93
43133,L16,16213,A12,B22,C33,PCS,357,3.26,C,C06,3.547054,1163.82,4128.13
43133,L16,16265,A20,B23,C40,PCS,177,9.47,C,C04,5.388146,1676.19,9031.56
43133,L16,16265,A20,B23,C40,PCS,416,9.47,C,C04,5.388146,3939.52,21226.71
43133,L16,16265,A20,B23,C40,PCS,980,9.47,C,C04,5.388146,9280.6,50005.23
43133,L16,16265,A20,B23,C40,PCS,74,9.47,C,C04,5.388146,700.78,3775.9
43133,L16,16265,A20,B23,C40,PCS,376,9.47,C,C04,5.388146,3560.72,19185.68
43133,L16,16265,A20,B23,C40,PCS,788,9.47,C,C04,5.388146,7462.36,40208.29
43133,L16,16265,A20,B23,C40,PCS,284,9.47,C,C04,5.388146,2689.48,14491.31
43133,L16,16265,A20,B23,C40,PCS,210,9.47,C,C04,5.388146,1988.7,10715.41
43133,L16,16265,A20,B23,C40,PCS,695,9.47,C,C04,5.388146,6581.65,35462.89
43133,L16,16265,A20,B23,C40,PCS,595,9.47,C,C04,5.388146,5634.65,30360.32
43151,L16,16314,A15,B24,C35,PCS,677,5.35,C,C02,9.912483,3621.95,35902.52
43151,L16,16314,A15,B24,C35,PCS,997,5.35,C,C02,9.912483,5333.95,52872.69
43151,L16,16314,A15,B24,C35,PCS,653,5.35,C,C02,9.912483,3493.55,34629.75
43151,L16,16314,A15,B24,C35,PCS,114,5.35,C,C02,9.912483,609.9,6045.62
43151,L16,16314,A15,B24,C35,PCS,793,5.35,C,C02,9.912483,4242.55,42054.2
43151,L16,16314,A15,B24,C35,PCS,14,5.35,C,C02,9.912483,74.9,742.44
43151,L16,16314,A15,B24,C35,PCS,59,5.35,C,C02,9.912483,315.65,3128.88
43151,L16,16314,A15,B24,C35,PCS,994,5.35,C,C02,9.912483,5317.9,52713.59
43151,L16,16314,A15,B24,C35,PCS,366,5.35,C,C02,9.912483,1958.1,19409.63
43151,L16,16314,A15,B24,C35,PCS,180,5.35,C,C02,9.912483,963,9545.72
43158,L16,16649,A13,B28,C33,PCS,510,5.54,D,C03,7.133317,2825.4,20154.47
43158,L16,16649,A13,B28,C33,PCS,471,5.54,D,C03,7.133317,2609.34,18613.25
43158,L16,16649,A13,B28,C33,PCS,206,5.54,D,C03,7.133317,1141.24,8140.83
43158,L16,16649,A13,B28,C33,PCS,491,5.54,D,C03,7.133317,2720.14,19403.62
43158,L16,16649,A13,B28,C33,PCS,303,5.54,D,C03,7.133317,1678.62,11974.13
43158,L16,16649,A13,B28,C33,PCS,293,5.54,D,C03,7.133317,1623.22,11578.94
43158,L16,16649,A13,B28,C33,PCS,34,5.54,D,C03,7.133317,188.36,1343.63
43158,L16,16649,A13,B28,C33,PCS,152,5.54,D,C03,7.133317,842.08,6006.82
43158,L16,16649,A13,B28,C33,PCS,159,5.54,D,C03,7.133317,880.86,6283.45
43158,L16,16649,A13,B28,C33,PCS,388,5.54,D,C03,7.133317,2149.52,15333.21
43138,L16,16709,A16,B21,C36,PCS,720,2.13,D,C04,5.388146,1533.6,8263.26
43138,L16,16709,A16,B21,C36,PCS,836,2.13,D,C04,5.388146,1780.68,9594.56
43138,L16,16709,A16,B21,C36,PCS,773,2.13,D,C04,5.388146,1646.49,8871.53
43138,L16,16709,A16,B21,C36,PCS,466,2.13,D,C04,5.388146,992.58,5348.17
43138,L16,16709,A16,B21,C36,PCS,729,2.13,D,C04,5.388146,1552.77,8366.55
43138,L16,16709,A16,B21,C36,PCS,670,2.13,D,C04,5.388146,1427.1,7689.42
43138,L16,16709,A16,B21,C36,PCS,421,2.13,D,C04,5.388146,896.73,4831.71
43138,L16,16709,A16,B21,C36,PCS,313,2.13,D,C04,5.388146,666.69,3592.22
43138,L16,16709,A16,B21,C36,PCS,483,2.13,D,C04,5.388146,1028.79,5543.27
43138,L16,16709,A16,B21,C36,PCS,470,2.13,D,C04,5.388146,1001.1,5394.07
43132,L16,16743,A14,B22,C32,PCS,142,8.11,C,C05,3.40242,1151.62,3918.29
43132,L16,16743,A14,B22,C32,PCS,593,8.11,C,C05,3.40242,4809.23,16363.02
43132,L16,16743,A14,B22,C32,PCS,607,8.11,C,C05,3.40242,4922.77,16749.33
43132,L16,16743,A14,B22,C32,PCS,428,8.11,C,C05,3.40242,3471.08,11810.07
43132,L16,16743,A14,B22,C32,PCS,832,8.11,C,C05,3.40242,6747.52,22957.9
43132,L16,16743,A14,B22,C32,PCS,746,8.11,C,C05,3.40242,6050.06,20584.85
43132,L16,16743,A14,B22,C32,PCS,771,8.11,C,C05,3.40242,6252.81,21274.69
43132,L16,16743,A14,B22,C32,PCS,860,8.11,C,C05,3.40242,6974.6,23730.52
43132,L16,16743,A14,B22,C32,PCS,98,8.11,C,C05,3.40242,794.78,2704.18
43132,L16,16743,A14,B22,C32,PCS,618,8.11,C,C05,3.40242,5011.98,17052.86
43158,L16,16856,A12,B22,C37,PCS,76,5.9,D,C05,3.40242,448.4,1525.65
43158,L16,16856,A12,B22,C37,PCS,498,5.9,D,C05,3.40242,2938.2,9996.99
43158,L16,16856,A12,B22,C37,PCS,709,5.9,D,C05,3.40242,4183.1,14232.66
43158,L16,16856,A12,B22,C37,PCS,480,5.9,D,C05,3.40242,2832,9635.65
43158,L16,16856,A12,B22,C37,PCS,32,5.9,D,C05,3.40242,188.8,642.38
43158,L16,16856,A12,B22,C37,PCS,211,5.9,D,C05,3.40242,1244.9,4235.67
43158,L16,16856,A12,B22,C37,PCS,423,5.9,D,C05,3.40242,2495.7,8491.42
43158,L16,16856,A12,B22,C37,PCS,26,5.9,D,C05,3.40242,153.4,521.93
43158,L16,16856,A12,B22,C37,PCS,983,5.9,D,C05,3.40242,5799.7,19733.02
43158,L16,16856,A12,B22,C37,PCS,275,5.9,D,C05,3.40242,1622.5,5520.43
43158,L16,16860,A20,B30,C39,PCS,705,9.12,C,C08,1.496196,6429.6,9619.94
43158,L16,16860,A20,B30,C39,PCS,903,9.12,C,C08,1.496196,8235.36,12321.71
43158,L16,16860,A20,B30,C39,PCS,735,9.12,C,C08,1.496196,6703.2,10029.3
43158,L16,16860,A20,B30,C39,PCS,453,9.12,C,C08,1.496196,4131.36,6181.32
43158,L16,16860,A20,B30,C39,PCS,28,9.12,C,C08,1.496196,255.36,382.07
43158,L16,16860,A20,B30,C39,PCS,886,9.12,C,C08,1.496196,8080.32,12089.74
43158,L16,16860,A20,B30,C39,PCS,890,9.12,C,C08,1.496196,8116.8,12144.32
43158,L16,16860,A20,B30,C39,PCS,620,9.12,C,C08,1.496196,5654.4,8460.09
43158,L16,16860,A20,B30,C39,PCS,691,9.12,C,C08,1.496196,6301.92,9428.91
43158,L16,16860,A20,B30,C39,PCS,925,9.12,C,C08,1.496196,8436,12621.91
43139,L16,16899,A19,B30,C31,PCS,514,2.88,C,C01,6.825646,1480.32,10104.14
43139,L16,16899,A19,B30,C31,PCS,345,2.88,C,C01,6.825646,993.6,6781.96
43139,L16,16899,A19,B30,C31,PCS,966,2.88,C,C01,6.825646,2782.08,18989.49
43139,L16,16899,A19,B30,C31,PCS,895,2.88,C,C01,6.825646,2577.6,17593.79
43139,L16,16899,A19,B30,C31,PCS,524,2.88,C,C01,6.825646,1509.12,10300.72
43139,L16,16899,A19,B30,C31,PCS,84,2.88,C,C01,6.825646,241.92,1651.26
43139,L16,16899,A19,B30,C31,PCS,566,2.88,C,C01,6.825646,1630.08,11126.35
43139,L16,16899,A19,B30,C31,PCS,907,2.88,C,C01,6.825646,2612.16,17829.68
43139,L16,16899,A19,B30,C31,PCS,477,2.88,C,C01,6.825646,1373.76,9376.8
43139,L16,16899,A19,B30,C31,PCS,71,2.88,C,C01,6.825646,204.48,1395.71
43144,L16,16949,A14,B28,C35,PCS,830,6.35,D,C01,6.825646,5270.5,35974.57
43144,L16,16949,A14,B28,C35,PCS,917,6.35,D,C01,6.825646,5822.95,39745.4
43144,L16,16949,A14,B28,C35,PCS,564,6.35,D,C01,6.825646,3581.4,24445.37
43144,L16,16949,A14,B28,C35,PCS,500,6.35,D,C01,6.825646,3175,21671.43
43144,L16,16949,A14,B28,C35,PCS,165,6.35,D,C01,6.825646,1047.75,7151.57
43144,L16,16949,A14,B28,C35,PCS,68,6.35,D,C01,6.825646,431.8,2947.31
43144,L16,16949,A14,B28,C35,PCS,113,6.35,D,C01,6.825646,717.55,4897.74
43144,L16,16949,A14,B28,C35,PCS,639,6.35,D,C01,6.825646,4057.65,27696.08
43144,L16,16949,A14,B28,C35,PCS,263,6.35,D,C01,6.825646,1670.05,11399.17
43144,L16,16949,A14,B28,C35,PCS,354,6.35,D,C01,6.825646,2247.9,15343.37
43138,L16,16962,A20,B21,C35,PCS,237,2.13,C,C04,5.388146,504.81,2719.99
43138,L16,16962,A20,B21,C35,PCS,975,2.13,C,C04,5.388146,2076.75,11189.83
43138,L16,16962,A20,B21,C35,PCS,986,2.13,C,C04,5.388146,2100.18,11316.08
43138,L16,16962,A20,B21,C35,PCS,661,2.13,C,C04,5.388146,1407.93,7586.13
43138,L16,16962,A20,B21,C35,PCS,983,2.13,C,C04,5.388146,2093.79,11281.65
43138,L16,16962,A20,B21,C35,PCS,581,2.13,C,C04,5.388146,1237.53,6667.99
43138,L16,16962,A20,B21,C35,PCS,396,2.13,C,C04,5.388146,843.48,4544.79
43138,L16,16962,A20,B21,C35,PCS,156,2.13,C,C04,5.388146,332.28,1790.37
43138,L16,16962,A20,B21,C35,PCS,954,2.13,C,C04,5.388146,2032.02,10948.82
43138,L16,16962,A20,B21,C35,PCS,256,2.13,C,C04,5.388146,545.28,2938.05
43144,L16,17007,A12,B29,C34,PCS,980,2.71,D,C10,8.657656,2655.8,22993
43144,L16,17007,A12,B29,C34,PCS,639,2.71,D,C10,8.657656,1731.69,14992.38
43144,L16,17007,A12,B29,C34,PCS,314,2.71,D,C10,8.657656,850.94,7367.15
43144,L16,17007,A12,B29,C34,PCS,344,2.71,D,C10,8.657656,932.24,8071.01
43144,L16,17007,A12,B29,C34,PCS,771,2.71,D,C10,8.657656,2089.41,18089.39
43144,L16,17007,A12,B29,C34,PCS,157,2.71,D,C10,8.657656,425.47,3683.57
43144,L16,17007,A12,B29,C34,PCS,694,2.71,D,C10,8.657656,1880.74,16282.8
43144,L16,17007,A12,B29,C34,PCS,605,2.71,D,C10,8.657656,1639.55,14194.66
43144,L16,17007,A12,B29,C34,PCS,738,2.71,D,C10,8.657656,1999.98,17315.14
43144,L16,17007,A12,B29,C34,PCS,613,2.71,D,C10,8.657656,1661.23,14382.36
43148,L16,17143,A16,B22,C33,PCS,224,7.96,C,C04,5.388146,1783.04,9607.28
43148,L16,17143,A16,B22,C33,PCS,873,7.96,C,C04,5.388146,6949.08,37442.66
43148,L16,17143,A16,B22,C33,PCS,408,7.96,C,C04,5.388146,3247.68,17498.97
43148,L16,17143,A16,B22,C33,PCS,870,7.96,C,C04,5.388146,6925.2,37313.99
43148,L16,17143,A16,B22,C33,PCS,459,7.96,C,C04,5.388146,3653.64,19686.35
43148,L16,17143,A16,B22,C33,PCS,874,7.96,C,C04,5.388146,6957.04,37485.55
43148,L16,17143,A16,B22,C33,PCS,362,7.96,C,C04,5.388146,2881.52,15526.05
43148,L16,17143,A16,B22,C33,PCS,462,7.96,C,C04,5.388146,3677.52,19815.01
43148,L16,17143,A16,B22,C33,PCS,281,7.96,C,C04,5.388146,2236.76,12051.99
43148,L16,17143,A16,B22,C33,PCS,129,7.96,C,C04,5.388146,1026.84,5532.76
43142,L16,17291,A20,B29,C34,PCS,312,3.33,D,C08,1.496196,1038.96,1554.49
43142,L16,17291,A20,B29,C34,PCS,900,3.33,D,C08,1.496196,2997,4484.1
43142,L16,17291,A20,B29,C34,PCS,447,3.33,D,C08,1.496196,1488.51,2227.1
43142,L16,17291,A20,B29,C34,PCS,550,3.33,D,C08,1.496196,1831.5,2740.28
43142,L16,17291,A20,B29,C34,PCS,110,3.33,D,C08,1.496196,366.3,548.06
43142,L16,17291,A20,B29,C34,PCS,318,3.33,D,C08,1.496196,1058.94,1584.38
43142,L16,17291,A20,B29,C34,PCS,786,3.33,D,C08,1.496196,2617.38,3916.11
43142,L16,17291,A20,B29,C34,PCS,79,3.33,D,C08,1.496196,263.07,393.6
43142,L16,17291,A20,B29,C34,PCS,17,3.33,D,C08,1.496196,56.61,84.7
43142,L16,17291,A20,B29,C34,PCS,585,3.33,D,C08,1.496196,1948.05,2914.66
43146,L16,17330,A12,B21,C31,PCS,441,8.32,C,C04,5.388146,3669.12,19769.75
43146,L16,17330,A12,B21,C31,PCS,522,8.32,C,C04,5.388146,4343.04,23400.93
43146,L16,17330,A12,B21,C31,PCS,192,8.32,C,C04,5.388146,1597.44,8607.24
43146,L16,17330,A12,B21,C31,PCS,427,8.32,C,C04,5.388146,3552.64,19142.14
43146,L16,17330,A12,B21,C31,PCS,565,8.32,C,C04,5.388146,4700.8,25328.6
43146,L16,17330,A12,B21,C31,PCS,619,8.32,C,C04,5.388146,5150.08,27749.38
43146,L16,17330,A12,B21,C31,PCS,433,8.32,C,C04,5.388146,3602.56,19411.12
43146,L16,17330,A12,B21,C31,PCS,496,8.32,C,C04,5.388146,4126.72,22235.37
43146,L16,17330,A12,B21,C31,PCS,721,8.32,C,C04,5.388146,5998.72,32321.98
43146,L16,17330,A12,B21,C31,PCS,730,8.32,C,C04,5.388146,6073.6,32725.44
43144,L16,17349,A17,B27,C31,PCS,64,2.71,D,C10,8.657656,173.44,1501.58
43144,L16,17349,A17,B27,C31,PCS,737,2.71,D,C10,8.657656,1997.27,17291.68
43144,L16,17349,A17,B27,C31,PCS,78,2.71,D,C10,8.657656,211.38,1830.06
43144,L16,17349,A17,B27,C31,PCS,104,2.71,D,C10,8.657656,281.84,2440.07
43144,L16,17349,A17,B27,C31,PCS,30,2.71,D,C10,8.657656,81.3,703.87
43144,L16,17349,A17,B27,C31,PCS,960,2.71,D,C10,8.657656,2601.6,22523.76
43144,L16,17349,A17,B27,C31,PCS,519,2.71,D,C10,8.657656,1406.49,12176.91
43144,L16,17349,A17,B27,C31,PCS,59,2.71,D,C10,8.657656,159.89,1384.27
43144,L16,17349,A17,B27,C31,PCS,813,2.71,D,C10,8.657656,2203.23,19074.81
43144,L16,17349,A17,B27,C31,PCS,226,2.71,D,C10,8.657656,612.46,5302.47
43136,L16,17482,A15,B25,C37,PCS,154,7.22,C,C06,3.547054,1111.88,3943.9
43136,L16,17482,A15,B25,C37,PCS,121,7.22,C,C06,3.547054,873.62,3098.78
43136,L16,17482,A15,B25,C37,PCS,779,7.22,C,C06,3.547054,5624.38,19949.98
43136,L16,17482,A15,B25,C37,PCS,466,7.22,C,C06,3.547054,3364.52,11934.13
43136,L16,17482,A15,B25,C37,PCS,340,7.22,C,C06,3.547054,2454.8,8707.31
43136,L16,17482,A15,B25,C37,PCS,281,7.22,C,C06,3.547054,2028.82,7196.33
43136,L16,17482,A15,B25,C37,PCS,582,7.22,C,C06,3.547054,4202.04,14904.86
43136,L16,17482,A15,B25,C37,PCS,951,7.22,C,C06,3.547054,6866.22,24354.85
43136,L16,17482,A15,B25,C37,PCS,822,7.22,C,C06,3.547054,5934.84,21051.2
43136,L16,17482,A15,B25,C37,PCS,259,7.22,C,C06,3.547054,1869.98,6632.92
43146,L16,17483,A10,B29,C35,PCS,330,2.93,C,C07,1.358577,966.9,1313.61
43146,L16,17483,A10,B29,C35,PCS,603,2.93,C,C07,1.358577,1766.79,2400.32
43146,L16,17483,A10,B29,C35,PCS,351,2.93,C,C07,1.358577,1028.43,1397.2
43146,L16,17483,A10,B29,C35,PCS,771,2.93,C,C07,1.358577,2259.03,3069.07
43146,L16,17483,A10,B29,C35,PCS,574,2.93,C,C07,1.358577,1681.82,2284.88
43146,L16,17483,A10,B29,C35,PCS,39,2.93,C,C07,1.358577,114.27,155.24
43146,L16,17483,A10,B29,C35,PCS,714,2.93,C,C07,1.358577,2092.02,2842.17
43146,L16,17483,A10,B29,C35,PCS,887,2.93,C,C07,1.358577,2598.91,3530.82
43146,L16,17483,A10,B29,C35,PCS,406,2.93,C,C07,1.358577,1189.58,1616.14
43146,L16,17483,A10,B29,C35,PCS,84,2.93,C,C07,1.358577,246.12,334.37
43136,L16,17535,A18,B27,C40,PCS,746,8.15,C,C06,3.547054,6079.9,21565.73
43136,L16,17535,A18,B27,C40,PCS,566,8.15,C,C06,3.547054,4612.9,16362.21
43136,L16,17535,A18,B27,C40,PCS,448,8.15,C,C06,3.547054,3651.2,12951
43136,L16,17535,A18,B27,C40,PCS,766,8.15,C,C06,3.547054,6242.9,22143.9
43136,L16,17535,A18,B27,C40,PCS,272,8.15,C,C06,3.547054,2216.8,7863.11
43136,L16,17535,A18,B27,C40,PCS,172,8.15,C,C06,3.547054,1401.8,4972.26
43136,L16,17535,A18,B27,C40,PCS,163,8.15,C,C06,3.547054,1328.45,4712.08
43136,L16,17535,A18,B27,C40,PCS,399,8.15,C,C06,3.547054,3251.85,11534.49
43136,L16,17535,A18,B27,C40,PCS,617,8.15,C,C06,3.547054,5028.55,17836.54
43136,L16,17535,A18,B27,C40,PCS,101,8.15,C,C06,3.547054,823.15,2919.76
43140,L16,17563,A11,B28,C31,PCS,84,4.17,C,C04,5.388146,350.28,1887.36
43140,L16,17563,A11,B28,C31,PCS,767,4.17,C,C04,5.388146,3198.39,17233.39
43140,L16,17563,A11,B28,C31,PCS,669,4.17,C,C04,5.388146,2789.73,15031.47
43140,L16,17563,A11,B28,C31,PCS,276,4.17,C,C04,5.388146,1150.92,6201.32
43140,L16,17563,A11,B28,C31,PCS,350,4.17,C,C04,5.388146,1459.5,7864
43140,L16,17563,A11,B28,C31,PCS,384,4.17,C,C04,5.388146,1601.28,8627.93
43140,L16,17563,A11,B28,C31,PCS,909,4.17,C,C04,5.388146,3790.53,20423.93
43140,L16,17563,A11,B28,C31,PCS,491,4.17,C,C04,5.388146,2047.47,11032.07
43140,L16,17563,A11,B28,C31,PCS,371,4.17,C,C04,5.388146,1547.07,8335.84
43140,L16,17563,A11,B28,C31,PCS,654,4.17,C,C04,5.388146,2727.18,14694.44
43147,L16,17619,A20,B23,C40,PCS,833,2.51,D,C06,3.547054,2090.83,7416.29
43147,L16,17619,A20,B23,C40,PCS,773,2.51,D,C06,3.547054,1940.23,6882.1
43147,L16,17619,A20,B23,C40,PCS,575,2.51,D,C06,3.547054,1443.25,5119.29
43147,L16,17619,A20,B23,C40,PCS,509,2.51,D,C06,3.547054,1277.59,4531.68
43147,L16,17619,A20,B23,C40,PCS,29,2.51,D,C06,3.547054,72.79,258.19
43147,L16,17619,A20,B23,C40,PCS,906,2.51,D,C06,3.547054,2274.06,8066.21
43147,L16,17619,A20,B23,C40,PCS,315,2.51,D,C06,3.547054,790.65,2804.48
43147,L16,17619,A20,B23,C40,PCS,128,2.51,D,C06,3.547054,321.28,1139.6
43147,L16,17619,A20,B23,C40,PCS,89,2.51,D,C06,3.547054,223.39,792.38
43147,L16,17619,A20,B23,C40,PCS,725,2.51,D,C06,3.547054,1819.75,6454.75
43145,L16,17875,A20,B20,C36,PCS,600,1.27,C,C05,3.40242,762,2592.64
43145,L16,17875,A20,B20,C36,PCS,677,1.27,C,C05,3.40242,859.79,2925.37
43145,L16,17875,A20,B20,C36,PCS,114,1.27,C,C05,3.40242,144.78,492.6
43145,L16,17875,A20,B20,C36,PCS,162,1.27,C,C05,3.40242,205.74,700.01
43145,L16,17875,A20,B20,C36,PCS,724,1.27,C,C05,3.40242,919.48,3128.46
43145,L16,17875,A20,B20,C36,PCS,888,1.27,C,C05,3.40242,1127.76,3837.11
43145,L16,17875,A20,B20,C36,PCS,131,1.27,C,C05,3.40242,166.37,566.06
43145,L16,17875,A20,B20,C36,PCS,989,1.27,C,C05,3.40242,1256.03,4273.54
43145,L16,17875,A20,B20,C36,PCS,717,1.27,C,C05,3.40242,910.59,3098.21
43145,L16,17875,A20,B20,C36,PCS,363,1.27,C,C05,3.40242,461.01,1568.55
43145,L16,17979,A17,B21,C39,PCS,165,8.43,C,C01,6.825646,1390.95,9494.13
43145,L16,17979,A17,B21,C39,PCS,507,8.43,C,C01,6.825646,4274.01,29172.88
43145,L16,17979,A17,B21,C39,PCS,421,8.43,C,C01,6.825646,3549.03,24224.42
43145,L16,17979,A17,B21,C39,PCS,41,8.43,C,C01,6.825646,345.63,2359.15
43145,L16,17979,A17,B21,C39,PCS,296,8.43,C,C01,6.825646,2495.28,17031.9
43145,L16,17979,A17,B21,C39,PCS,875,8.43,C,C01,6.825646,7376.25,50347.67
43145,L16,17979,A17,B21,C39,PCS,582,8.43,C,C01,6.825646,4906.26,33488.39
43145,L16,17979,A17,B21,C39,PCS,255,8.43,C,C01,6.825646,2149.65,14672.75
43145,L16,17979,A17,B21,C39,PCS,206,8.43,C,C01,6.825646,1736.58,11853.28
43145,L16,17979,A17,B21,C39,PCS,13,8.43,C,C01,6.825646,109.59,748.02
43139,L16,17990,A14,B22,C35,PCS,815,2.88,C,C01,6.825646,2347.2,16021.16
43139,L16,17990,A14,B22,C35,PCS,773,2.88,C,C01,6.825646,2226.24,15195.53
43139,L16,17990,A14,B22,C35,PCS,646,2.88,C,C01,6.825646,1860.48,12698.98
43139,L16,17990,A14,B22,C35,PCS,84,2.88,C,C01,6.825646,241.92,1651.26
43139,L16,17990,A14,B22,C35,PCS,808,2.88,C,C01,6.825646,2327.04,15883.55
43139,L16,17990,A14,B22,C35,PCS,52,2.88,C,C01,6.825646,149.76,1022.21
43139,L16,17990,A14,B22,C35,PCS,18,2.88,C,C01,6.825646,51.84,353.84
43139,L16,17990,A14,B22,C35,PCS,386,2.88,C,C01,6.825646,1111.68,7587.93
43139,L16,17990,A14,B22,C35,PCS,843,2.88,C,C01,6.825646,2427.84,16571.58
43139,L16,17990,A14,B22,C35,PCS,756,2.88,C,C01,6.825646,2177.28,14861.34
43158,L16,18025,A13,B24,C32,PCS,795,2.54,D,C02,9.912483,2019.3,20016.28
43158,L16,18025,A13,B24,C32,PCS,188,2.54,D,C02,9.912483,477.52,4733.41
43158,L16,18025,A13,B24,C32,PCS,881,2.54,D,C02,9.912483,2237.74,22181.56
43158,L16,18025,A13,B24,C32,PCS,207,2.54,D,C02,9.912483,525.78,5211.79
43158,L16,18025,A13,B24,C32,PCS,191,2.54,D,C02,9.912483,485.14,4808.94
43158,L16,18025,A13,B24,C32,PCS,550,2.54,D,C02,9.912483,1397,13847.74
43158,L16,18025,A13,B24,C32,PCS,67,2.54,D,C02,9.912483,170.18,1686.91
43158,L16,18025,A13,B24,C32,PCS,470,2.54,D,C02,9.912483,1193.8,11833.52
43158,L16,18025,A13,B24,C32,PCS,312,2.54,D,C02,9.912483,792.48,7855.44
43158,L16,18025,A13,B24,C32,PCS,216,2.54,D,C02,9.912483,548.64,5438.38
43132,L16,18218,A12,B27,C40,PCS,467,7.36,D,C08,1.496196,3437.12,5142.61
43132,L16,18218,A12,B27,C40,PCS,784,7.36,D,C08,1.496196,5770.24,8633.41
43132,L16,18218,A12,B27,C40,PCS,658,7.36,D,C08,1.496196,4842.88,7245.9
43132,L16,18218,A12,B27,C40,PCS,222,7.36,D,C08,1.496196,1633.92,2444.66
43132,L16,18218,A12,B27,C40,PCS,62,7.36,D,C08,1.496196,456.32,682.74
43132,L16,18218,A12,B27,C40,PCS,400,7.36,D,C08,1.496196,2944,4404.8
43132,L16,18218,A12,B27,C40,PCS,956,7.36,D,C08,1.496196,7036.16,10527.47
43132,L16,18218,A12,B27,C40,PCS,351,7.36,D,C08,1.496196,2583.36,3865.21
43132,L16,18218,A12,B27,C40,PCS,274,7.36,D,C08,1.496196,2016.64,3017.29
43132,L16,18218,A12,B27,C40,PCS,240,7.36,D,C08,1.496196,1766.4,2642.88
43134,L16,18278,A13,B29,C30,PCS,515,1.34,D,C06,3.547054,690.1,2447.82
43134,L16,18278,A13,B29,C30,PCS,956,1.34,D,C06,3.547054,1281.04,4543.92
43134,L16,18278,A13,B29,C30,PCS,666,1.34,D,C06,3.547054,892.44,3165.53
43134,L16,18278,A13,B29,C30,PCS,971,1.34,D,C06,3.547054,1301.14,4615.21
43134,L16,18278,A13,B29,C30,PCS,362,1.34,D,C06,3.547054,485.08,1720.6
43134,L16,18278,A13,B29,C30,PCS,791,1.34,D,C06,3.547054,1059.94,3759.66
43134,L16,18278,A13,B29,C30,PCS,419,1.34,D,C06,3.547054,561.46,1991.53
43134,L16,18278,A13,B29,C30,PCS,731,1.34,D,C06,3.547054,979.54,3474.48
43134,L16,18278,A13,B29,C30,PCS,402,1.34,D,C06,3.547054,538.68,1910.73
43134,L16,18278,A13,B29,C30,PCS,895,1.34,D,C06,3.547054,1199.3,4253.98
43140,L16,18371,A13,B30,C32,PCS,245,4.17,D,C04,5.388146,1021.65,5504.8
43140,L16,18371,A13,B30,C32,PCS,768,4.17,D,C04,5.388146,3202.56,17255.86
43140,L16,18371,A13,B30,C32,PCS,356,4.17,D,C04,5.388146,1484.52,7998.81
43140,L16,18371,A13,B30,C32,PCS,413,4.17,D,C04,5.388146,1722.21,9279.52
43140,L16,18371,A13,B30,C32,PCS,872,4.17,D,C04,5.388146,3636.24,19592.59
43140,L16,18371,A13,B30,C32,PCS,874,4.17,D,C04,5.388146,3644.58,19637.53
43140,L16,18371,A13,B30,C32,PCS,582,4.17,D,C04,5.388146,2426.94,13076.71
43140,L16,18371,A13,B30,C32,PCS,651,4.17,D,C04,5.388146,2714.67,14627.04
43140,L16,18371,A13,B30,C32,PCS,304,4.17,D,C04,5.388146,1267.68,6830.44
43140,L16,18371,A13,B30,C32,PCS,99,4.17,D,C04,5.388146,412.83,2224.39
43156,L16,18403,A12,B30,C35,PCS,648,9.25,C,C03,7.133317,5994,42757.1
43156,L16,18403,A12,B30,C35,PCS,251,9.25,C,C03,7.133317,2321.75,16561.78
43156,L16,18403,A12,B30,C35,PCS,146,9.25,C,C03,7.133317,1350.5,9633.54
43156,L16,18403,A12,B30,C35,PCS,496,9.25,C,C03,7.133317,4588,32727.66
43156,L16,18403,A12,B30,C35,PCS,466,9.25,C,C03,7.133317,4310.5,30748.16
43156,L16,18403,A12,B30,C35,PCS,768,9.25,C,C03,7.133317,7104,50675.08
43156,L16,18403,A12,B30,C35,PCS,546,9.25,C,C03,7.133317,5050.5,36026.82
43156,L16,18403,A12,B30,C35,PCS,310,9.25,C,C03,7.133317,2867.5,20454.79
43156,L16,18403,A12,B30,C35,PCS,259,9.25,C,C03,7.133317,2395.75,17089.64
43156,L16,18403,A12,B30,C35,PCS,796,9.25,C,C03,7.133317,7363,52522.61
43133,L16,18474,A11,B23,C40,PCS,562,9.47,C,C04,5.388146,5322.14,28676.47
43133,L16,18474,A11,B23,C40,PCS,21,9.47,C,C04,5.388146,198.87,1071.54
43133,L16,18474,A11,B23,C40,PCS,120,9.47,C,C04,5.388146,1136.4,6123.09
43133,L16,18474,A11,B23,C40,PCS,789,9.47,C,C04,5.388146,7471.83,40259.31
43133,L16,18474,A11,B23,C40,PCS,9,9.47,C,C04,5.388146,85.23,459.23
43133,L16,18474,A11,B23,C40,PCS,644,9.47,C,C04,5.388146,6098.68,32860.58
43133,L16,18474,A11,B23,C40,PCS,130,9.47,C,C04,5.388146,1231.1,6633.35
43133,L16,18474,A11,B23,C40,PCS,702,9.47,C,C04,5.388146,6647.94,35820.07
43133,L16,18474,A11,B23,C40,PCS,803,9.47,C,C04,5.388146,7604.41,40973.67
43133,L16,18474,A11,B23,C40,PCS,158,9.47,C,C04,5.388146,1496.26,8062.07
43135,L16,18496,A20,B22,C32,PCS,210,7.29,C,C10,8.657656,1530.9,13254.01
43135,L16,18496,A20,B22,C32,PCS,202,7.29,C,C10,8.657656,1472.58,12749.09
43135,L16,18496,A20,B22,C32,PCS,2,7.29,C,C10,8.657656,14.58,126.23
43135,L16,18496,A20,B22,C32,PCS,346,7.29,C,C10,8.657656,2522.34,21837.55
43135,L16,18496,A20,B22,C32,PCS,55,7.29,C,C10,8.657656,400.95,3471.29
43135,L16,18496,A20,B22,C32,PCS,203,7.29,C,C10,8.657656,1479.87,12812.21
43135,L16,18496,A20,B22,C32,PCS,338,7.29,C,C10,8.657656,2464.02,21332.64
43135,L16,18496,A20,B22,C32,PCS,487,7.29,C,C10,8.657656,3550.23,30736.67
43135,L16,18496,A20,B22,C32,PCS,296,7.29,C,C10,8.657656,2157.84,18681.84
43135,L16,18496,A20,B22,C32,PCS,562,7.29,C,C10,8.657656,4096.98,35470.24
43151,L16,18692,A11,B27,C30,PCS,413,5.35,D,C02,9.912483,2209.55,21902.13
43151,L16,18692,A11,B27,C30,PCS,836,5.35,D,C02,9.912483,4472.6,44334.57
43151,L16,18692,A11,B27,C30,PCS,421,5.35,D,C02,9.912483,2252.35,22326.38
43151,L16,18692,A11,B27,C30,PCS,52,5.35,D,C02,9.912483,278.2,2757.65
43151,L16,18692,A11,B27,C30,PCS,25,5.35,D,C02,9.912483,133.75,1325.79
43151,L16,18692,A11,B27,C30,PCS,346,5.35,D,C02,9.912483,1851.1,18349
43151,L16,18692,A11,B27,C30,PCS,960,5.35,D,C02,9.912483,5136,50910.51
43151,L16,18692,A11,B27,C30,PCS,473,5.35,D,C02,9.912483,2530.55,25084.03
43151,L16,18692,A11,B27,C30,PCS,571,5.35,D,C02,9.912483,3054.85,30281.15
43151,L16,18692,A11,B27,C30,PCS,834,5.35,D,C02,9.912483,4461.9,44228.51
43144,L16,18758,A14,B29,C33,PCS,215,6.35,C,C01,6.825646,1365.25,9318.71
43144,L16,18758,A14,B29,C33,PCS,122,6.35,C,C01,6.825646,774.7,5287.83
43144,L16,18758,A14,B29,C33,PCS,363,6.35,C,C01,6.825646,2305.05,15733.46
43144,L16,18758,A14,B29,C33,PCS,68,6.35,C,C01,6.825646,431.8,2947.31
43144,L16,18758,A14,B29,C33,PCS,768,6.35,C,C01,6.825646,4876.8,33287.31
43144,L16,18758,A14,B29,C33,PCS,714,6.35,C,C01,6.825646,4533.9,30946.8
43144,L16,18758,A14,B29,C33,PCS,415,6.35,C,C01,6.825646,2635.25,17987.28
43144,L16,18758,A14,B29,C33,PCS,202,6.35,C,C01,6.825646,1282.7,8755.26
43144,L16,18758,A14,B29,C33,PCS,802,6.35,C,C01,6.825646,5092.7,34760.97
43144,L16,18758,A14,B29,C33,PCS,493,6.35,C,C01,6.825646,3130.55,21368.03
43138,L16,18811,A18,B23,C39,PCS,435,3.62,D,C03,7.133317,1574.7,11232.83
43138,L16,18811,A18,B23,C39,PCS,623,3.62,D,C03,7.133317,2255.26,16087.48
43138,L16,18811,A18,B23,C39,PCS,742,3.62,D,C03,7.133317,2686.04,19160.37
43138,L16,18811,A18,B23,C39,PCS,372,3.62,D,C03,7.133317,1346.64,9606.01
43138,L16,18811,A18,B23,C39,PCS,513,3.62,D,C03,7.133317,1857.06,13247
43138,L16,18811,A18,B23,C39,PCS,52,3.62,D,C03,7.133317,188.24,1342.78
43138,L16,18811,A18,B23,C39,PCS,320,3.62,D,C03,7.133317,1158.4,8263.23
43138,L16,18811,A18,B23,C39,PCS,926,3.62,D,C03,7.133317,3352.12,23911.73
43138,L16,18811,A18,B23,C39,PCS,451,3.62,D,C03,7.133317,1632.62,11646
43138,L16,18811,A18,B23,C39,PCS,857,3.62,D,C03,7.133317,3102.34,22129.97
43138,L16,18842,A19,B22,C40,PCS,282,1.64,C,C02,9.912483,462.48,4584.33
43138,L16,18842,A19,B22,C40,PCS,620,1.64,C,C02,9.912483,1016.8,10079.01
43138,L16,18842,A19,B22,C40,PCS,854,1.64,C,C02,9.912483,1400.56,13883.03
43138,L16,18842,A19,B22,C40,PCS,734,1.64,C,C02,9.912483,1203.76,11932.25
43138,L16,18842,A19,B22,C40,PCS,363,1.64,C,C02,9.912483,595.32,5901.1
43138,L16,18842,A19,B22,C40,PCS,85,1.64,C,C02,9.912483,139.4,1381.8
43138,L16,18842,A19,B22,C40,PCS,4,1.64,C,C02,9.912483,6.56,65.03
43138,L16,18842,A19,B22,C40,PCS,55,1.64,C,C02,9.912483,90.2,894.11
43138,L16,18842,A19,B22,C40,PCS,816,1.64,C,C02,9.912483,1338.24,13265.28
43138,L16,18842,A19,B22,C40,PCS,736,1.64,C,C02,9.912483,1207.04,11964.76
43133,L16,18941,A16,B20,C31,PCS,108,2.33,C,C01,6.825646,251.64,1717.61
43133,L16,18941,A16,B20,C31,PCS,147,2.33,C,C01,6.825646,342.51,2337.85
43133,L16,18941,A16,B20,C31,PCS,582,2.33,C,C01,6.825646,1356.06,9255.99
43133,L16,18941,A16,B20,C31,PCS,609,2.33,C,C01,6.825646,1418.97,9685.39
43133,L16,18941,A16,B20,C31,PCS,258,2.33,C,C01,6.825646,601.14,4103.17
43133,L16,18941,A16,B20,C31,PCS,779,2.33,C,C01,6.825646,1815.07,12389.03
43133,L16,18941,A16,B20,C31,PCS,982,2.33,C,C01,6.825646,2288.06,15617.49
43133,L16,18941,A16,B20,C31,PCS,924,2.33,C,C01,6.825646,2152.92,14695.07
43133,L16,18941,A16,B20,C31,PCS,906,2.33,C,C01,6.825646,2110.98,14408.8
43133,L16,18941,A16,B20,C31,PCS,308,2.33,C,C01,6.825646,717.64,4898.36
43150,L16,18997,A18,B30,C38,PCS,582,5.33,D,C01,6.825646,3102.06,21173.56
43150,L16,18997,A18,B30,C38,PCS,308,5.33,D,C01,6.825646,1641.64,11205.25
43150,L16,18997,A18,B30,C38,PCS,652,5.33,D,C01,6.825646,3475.16,23720.21
43150,L16,18997,A18,B30,C38,PCS,554,5.33,D,C01,6.825646,2952.82,20154.9
43150,L16,18997,A18,B30,C38,PCS,611,5.33,D,C01,6.825646,3256.63,22228.6
43150,L16,18997,A18,B30,C38,PCS,548,5.33,D,C01,6.825646,2920.84,19936.62
43150,L16,18997,A18,B30,C38,PCS,211,5.33,D,C01,6.825646,1124.63,7676.33
43150,L16,18997,A18,B30,C38,PCS,884,5.33,D,C01,6.825646,4711.72,32160.53
43150,L16,18997,A18,B30,C38,PCS,453,5.33,D,C01,6.825646,2414.49,16480.45
43150,L16,18997,A18,B30,C38,PCS,769,5.33,D,C01,6.825646,4098.77,27976.75
43143,L16,19043,A16,B22,C31,PCS,128,8.9,D,C09,1.199464,1139.2,1366.43
43143,L16,19043,A16,B22,C31,PCS,837,8.9,D,C09,1.199464,7449.3,8935.17
43143,L16,19043,A16,B22,C31,PCS,728,8.9,D,C09,1.199464,6479.2,7771.57
43143,L16,19043,A16,B22,C31,PCS,356,8.9,D,C09,1.199464,3168.4,3800.38
43143,L16,19043,A16,B22,C31,PCS,335,8.9,D,C09,1.199464,2981.5,3576.2
43143,L16,19043,A16,B22,C31,PCS,79,8.9,D,C09,1.199464,703.1,843.34
43143,L16,19043,A16,B22,C31,PCS,829,8.9,D,C09,1.199464,7378.1,8849.77
43143,L16,19043,A16,B22,C31,PCS,248,8.9,D,C09,1.199464,2207.2,2647.46
43143,L16,19043,A16,B22,C31,PCS,323,8.9,D,C09,1.199464,2874.7,3448.1
43143,L16,19043,A16,B22,C31,PCS,338,8.9,D,C09,1.199464,3008.2,3608.23
43151,L16,19116,A18,B27,C37,PCS,739,6.58,D,C03,7.133317,4862.62,34686.61
43151,L16,19116,A18,B27,C37,PCS,166,6.58,D,C03,7.133317,1092.28,7791.58
43151,L16,19116,A18,B27,C37,PCS,30,6.58,D,C03,7.133317,197.4,1408.12
43151,L16,19116,A18,B27,C37,PCS,703,6.58,D,C03,7.133317,4625.74,32996.87
43151,L16,19116,A18,B27,C37,PCS,60,6.58,D,C03,7.133317,394.8,2816.23
43151,L16,19116,A18,B27,C37,PCS,504,6.58,D,C03,7.133317,3316.32,23656.36
43151,L16,19116,A18,B27,C37,PCS,868,6.58,D,C03,7.133317,5711.44,40741.51
43151,L16,19116,A18,B27,C37,PCS,51,6.58,D,C03,7.133317,335.58,2393.8
43151,L16,19116,A18,B27,C37,PCS,454,6.58,D,C03,7.133317,2987.32,21309.5
43151,L16,19116,A18,B27,C37,PCS,101,6.58,D,C03,7.133317,664.58,4740.66
43146,L16,19131,A14,B28,C32,PCS,904,8.32,C,C04,5.388146,7521.28,40525.75
43146,L16,19131,A14,B28,C32,PCS,374,8.32,C,C04,5.388146,3111.68,16766.19
43146,L16,19131,A14,B28,C32,PCS,911,8.32,C,C04,5.388146,7579.52,40839.56
43146,L16,19131,A14,B28,C32,PCS,65,8.32,C,C04,5.388146,540.8,2913.91
43146,L16,19131,A14,B28,C32,PCS,821,8.32,C,C04,5.388146,6830.72,36804.92
43146,L16,19131,A14,B28,C32,PCS,950,8.32,C,C04,5.388146,7904,42587.91
43146,L16,19131,A14,B28,C32,PCS,604,8.32,C,C04,5.388146,5025.28,27076.94
43146,L16,19131,A14,B28,C32,PCS,399,8.32,C,C04,5.388146,3319.68,17886.92
43146,L16,19131,A14,B28,C32,PCS,456,8.32,C,C04,5.388146,3793.92,20442.19
43146,L16,19131,A14,B28,C32,PCS,798,8.32,C,C04,5.388146,6639.36,35773.84
43132,L16,19256,A15,B28,C31,PCS,525,3.44,D,C02,9.912483,1806,17901.94
43132,L16,19256,A15,B28,C31,PCS,466,3.44,D,C02,9.912483,1603.04,15890.11
43132,L16,19256,A15,B28,C31,PCS,157,3.44,D,C02,9.912483,540.08,5353.53
43132,L16,19256,A15,B28,C31,PCS,994,3.44,D,C02,9.912483,3419.36,33894.35
43132,L16,19256,A15,B28,C31,PCS,2,3.44,D,C02,9.912483,6.88,68.2
43132,L16,19256,A15,B28,C31,PCS,794,3.44,D,C02,9.912483,2731.36,27074.56
43132,L16,19256,A15,B28,C31,PCS,707,3.44,D,C02,9.912483,2432.08,24107.95
43132,L16,19256,A15,B28,C31,PCS,801,3.44,D,C02,9.912483,2755.44,27313.25
43132,L16,19256,A15,B28,C31,PCS,480,3.44,D,C02,9.912483,1651.2,16367.49
43132,L16,19256,A15,B28,C31,PCS,228,3.44,D,C02,9.912483,784.32,7774.56
43156,L16,19335,A15,B25,C40,PCS,378,4.52,D,C07,1.358577,1708.56,2321.21
43156,L16,19335,A15,B25,C40,PCS,394,4.52,D,C07,1.358577,1780.88,2419.46
43156,L16,19335,A15,B25,C40,PCS,981,4.52,D,C07,1.358577,4434.12,6024.09
43156,L16,19335,A15,B25,C40,PCS,785,4.52,D,C07,1.358577,3548.2,4820.5
43156,L16,19335,A15,B25,C40,PCS,216,4.52,D,C07,1.358577,976.32,1326.41
43156,L16,19335,A15,B25,C40,PCS,414,4.52,D,C07,1.358577,1871.28,2542.28
43156,L16,19335,A15,B25,C40,PCS,858,4.52,D,C07,1.358577,3878.16,5268.78
43156,L16,19335,A15,B25,C40,PCS,155,4.52,D,C07,1.358577,700.6,951.82
43156,L16,19335,A15,B25,C40,PCS,624,4.52,D,C07,1.358577,2820.48,3831.84
43156,L16,19335,A15,B25,C40,PCS,672,4.52,D,C07,1.358577,3037.44,4126.6
43132,L16,19352,A14,B21,C30,PCS,598,8.11,D,C05,3.40242,4849.78,16500.99
43132,L16,19352,A14,B21,C30,PCS,165,8.11,D,C05,3.40242,1338.15,4552.95
43132,L16,19352,A14,B21,C30,PCS,957,8.11,D,C05,3.40242,7761.27,26407.1
43132,L16,19352,A14,B21,C30,PCS,247,8.11,D,C05,3.40242,2003.17,6815.63
43132,L16,19352,A14,B21,C30,PCS,922,8.11,D,C05,3.40242,7477.42,25441.32
43132,L16,19352,A14,B21,C30,PCS,565,8.11,D,C05,3.40242,4582.15,15590.4
43132,L16,19352,A14,B21,C30,PCS,989,8.11,D,C05,3.40242,8020.79,27290.1
43132,L16,19352,A14,B21,C30,PCS,399,8.11,D,C05,3.40242,3235.89,11009.86
43132,L16,19352,A14,B21,C30,PCS,387,8.11,D,C05,3.40242,3138.57,10678.73
43132,L16,19352,A14,B21,C30,PCS,313,8.11,D,C05,3.40242,2538.43,8636.81
43147,L16,19502,A20,B30,C31,PCS,228,9.01,C,C08,1.496196,2054.28,3073.61
43147,L16,19502,A20,B30,C31,PCS,495,9.01,C,C08,1.496196,4459.95,6672.96
43147,L16,19502,A20,B30,C31,PCS,925,9.01,C,C08,1.496196,8334.25,12469.67
43147,L16,19502,A20,B30,C31,PCS,558,9.01,C,C08,1.496196,5027.58,7522.25
43147,L16,19502,A20,B30,C31,PCS,402,9.01,C,C08,1.496196,3622.02,5419.25
43147,L16,19502,A20,B30,C31,PCS,561,9.01,C,C08,1.496196,5054.61,7562.69
43147,L16,19502,A20,B30,C31,PCS,651,9.01,C,C08,1.496196,5865.51,8775.95
43147,L16,19502,A20,B30,C31,PCS,528,9.01,C,C08,1.496196,4757.28,7117.82
43147,L16,19502,A20,B30,C31,PCS,221,9.01,C,C08,1.496196,1991.21,2979.24
43147,L16,19502,A20,B30,C31,PCS,728,9.01,C,C08,1.496196,6559.28,9813.97
43143,L16,19527,A14,B21,C35,PCS,523,8.9,C,C09,1.199464,4654.7,5583.15
43143,L16,19527,A14,B21,C35,PCS,397,8.9,C,C09,1.199464,3533.3,4238.07
43143,L16,19527,A14,B21,C35,PCS,554,8.9,C,C09,1.199464,4930.6,5914.08
43143,L16,19527,A14,B21,C35,PCS,683,8.9,C,C09,1.199464,6078.7,7291.18
43143,L16,19527,A14,B21,C35,PCS,911,8.9,C,C09,1.199464,8107.9,9725.13
43143,L16,19527,A14,B21,C35,PCS,802,8.9,C,C09,1.199464,7137.8,8561.53
43143,L16,19527,A14,B21,C35,PCS,369,8.9,C,C09,1.199464,3284.1,3939.16
43143,L16,19527,A14,B21,C35,PCS,25,8.9,C,C09,1.199464,222.5,266.88
43143,L16,19527,A14,B21,C35,PCS,240,8.9,C,C09,1.199464,2136,2562.06
43143,L16,19527,A14,B21,C35,PCS,702,8.9,C,C09,1.199464,6247.8,7494.01
43151,L16,19531,A15,B26,C33,PCS,361,6.58,D,C03,7.133317,2375.38,16944.34
43151,L16,19531,A15,B26,C33,PCS,838,6.58,D,C03,7.133317,5514.04,39333.4
43151,L16,19531,A15,B26,C33,PCS,977,6.58,D,C03,7.133317,6428.66,45857.67
43151,L16,19531,A15,B26,C33,PCS,589,6.58,D,C03,7.133317,3875.62,27646.03
43151,L16,19531,A15,B26,C33,PCS,848,6.58,D,C03,7.133317,5579.84,39802.77
43151,L16,19531,A15,B26,C33,PCS,23,6.58,D,C03,7.133317,151.34,1079.56
43151,L16,19531,A15,B26,C33,PCS,504,6.58,D,C03,7.133317,3316.32,23656.36
43151,L16,19531,A15,B26,C33,PCS,982,6.58,D,C03,7.133317,6461.56,46092.36
43151,L16,19531,A15,B26,C33,PCS,114,6.58,D,C03,7.133317,750.12,5350.84
43151,L16,19531,A15,B26,C33,PCS,403,6.58,D,C03,7.133317,2651.74,18915.7
43152,L16,19599,A11,B20,C31,PCS,172,2.92,D,C03,7.133317,502.24,3582.64
43152,L16,19599,A11,B20,C31,PCS,204,2.92,D,C03,7.133317,595.68,4249.17
43152,L16,19599,A11,B20,C31,PCS,30,2.92,D,C03,7.133317,87.6,624.88
43152,L16,19599,A11,B20,C31,PCS,38,2.92,D,C03,7.133317,110.96,791.51
43152,L16,19599,A11,B20,C31,PCS,710,2.92,D,C03,7.133317,2073.2,14788.79
43152,L16,19599,A11,B20,C31,PCS,148,2.92,D,C03,7.133317,432.16,3082.73
43152,L16,19599,A11,B20,C31,PCS,226,2.92,D,C03,7.133317,659.92,4707.42
43152,L16,19599,A11,B20,C31,PCS,126,2.92,D,C03,7.133317,367.92,2624.49
43152,L16,19599,A11,B20,C31,PCS,202,2.92,D,C03,7.133317,589.84,4207.52
43152,L16,19599,A11,B20,C31,PCS,240,2.92,D,C03,7.133317,700.8,4999.03
43153,L16,19838,A20,B22,C31,PCS,160,2.8,C,C07,1.358577,448,608.64
43153,L16,19838,A20,B22,C31,PCS,107,2.8,C,C07,1.358577,299.6,407.03
43153,L16,19838,A20,B22,C31,PCS,609,2.8,C,C07,1.358577,1705.2,2316.65
43153,L16,19838,A20,B22,C31,PCS,17,2.8,C,C07,1.358577,47.6,64.67
43153,L16,19838,A20,B22,C31,PCS,559,2.8,C,C07,1.358577,1565.2,2126.44
43153,L16,19838,A20,B22,C31,PCS,141,2.8,C,C07,1.358577,394.8,536.37
43153,L16,19838,A20,B22,C31,PCS,972,2.8,C,C07,1.358577,2721.6,3697.5
43153,L16,19838,A20,B22,C31,PCS,225,2.8,C,C07,1.358577,630,855.9
43153,L16,19838,A20,B22,C31,PCS,619,2.8,C,C07,1.358577,1733.2,2354.69
43153,L16,19838,A20,B22,C31,PCS,987,2.8,C,C07,1.358577,2763.6,3754.56
43150,L16,19938,A13,B20,C33,PCS,905,1.35,C,C07,1.358577,1221.75,1659.84
43150,L16,19938,A13,B20,C33,PCS,468,1.35,C,C07,1.358577,631.8,858.35
43150,L16,19938,A13,B20,C33,PCS,90,1.35,C,C07,1.358577,121.5,165.07
43150,L16,19938,A13,B20,C33,PCS,954,1.35,C,C07,1.358577,1287.9,1749.71
43150,L16,19938,A13,B20,C33,PCS,751,1.35,C,C07,1.358577,1013.85,1377.39
43150,L16,19938,A13,B20,C33,PCS,233,1.35,C,C07,1.358577,314.55,427.34
43150,L16,19938,A13,B20,C33,PCS,733,1.35,C,C07,1.358577,989.55,1344.38
43150,L16,19938,A13,B20,C33,PCS,468,1.35,C,C07,1.358577,631.8,858.35
43150,L16,19938,A13,B20,C33,PCS,874,1.35,C,C07,1.358577,1179.9,1602.99
43150,L16,19938,A13,B20,C33,PCS,839,1.35,C,C07,1.358577,1132.65,1538.79
43185,L16,10187,A19,B21,C33,PCS,74,3.51,C,C04,5.388146,259.74,1399.52
43185,L16,10187,A19,B21,C33,PCS,662,3.51,C,C04,5.388146,2323.62,12520
43185,L16,10187,A19,B21,C33,PCS,485,3.51,C,C04,5.388146,1702.35,9172.51
43185,L16,10187,A19,B21,C33,PCS,278,3.51,C,C04,5.388146,975.78,5257.65
43185,L16,10187,A19,B21,C33,PCS,45,3.51,C,C04,5.388146,157.95,851.06
43185,L16,10187,A19,B21,C33,PCS,760,3.51,C,C04,5.388146,2667.6,14373.42
43185,L16,10187,A19,B21,C33,PCS,730,3.51,C,C04,5.388146,2562.3,13806.05
43185,L16,10187,A19,B21,C33,PCS,524,3.51,C,C04,5.388146,1839.24,9910.09
43185,L16,10187,A19,B21,C33,PCS,338,3.51,C,C04,5.388146,1186.38,6392.39
43185,L16,10187,A19,B21,C33,PCS,968,3.51,C,C04,5.388146,3397.68,18307.2
43160,L16,10326,A16,B20,C36,PCS,32,1.28,C,C05,3.40242,40.96,139.36
43160,L16,10326,A16,B20,C36,PCS,544,1.28,C,C05,3.40242,696.32,2369.17
43160,L16,10326,A16,B20,C36,PCS,35,1.28,C,C05,3.40242,44.8,152.43
43160,L16,10326,A16,B20,C36,PCS,310,1.28,C,C05,3.40242,396.8,1350.08
43160,L16,10326,A16,B20,C36,PCS,456,1.28,C,C05,3.40242,583.68,1985.92
43160,L16,10326,A16,B20,C36,PCS,566,1.28,C,C05,3.40242,724.48,2464.99
43160,L16,10326,A16,B20,C36,PCS,697,1.28,C,C05,3.40242,892.16,3035.5
43160,L16,10326,A16,B20,C36,PCS,361,1.28,C,C05,3.40242,462.08,1572.19
43160,L16,10326,A16,B20,C36,PCS,527,1.28,C,C05,3.40242,674.56,2295.14
43160,L16,10326,A16,B20,C36,PCS,251,1.28,C,C05,3.40242,321.28,1093.13
43185,L16,10523,A16,B26,C37,PCS,502,3.92,D,C04,5.388146,1967.84,10603.01
43185,L16,10523,A16,B26,C37,PCS,456,3.92,D,C04,5.388146,1787.52,9631.42
43185,L16,10523,A16,B26,C37,PCS,492,3.92,D,C04,5.388146,1928.64,10391.79
43185,L16,10523,A16,B26,C37,PCS,832,3.92,D,C04,5.388146,3261.44,17573.11
43185,L16,10523,A16,B26,C37,PCS,422,3.92,D,C04,5.388146,1654.24,8913.29
43185,L16,10523,A16,B26,C37,PCS,633,3.92,D,C04,5.388146,2481.36,13369.93
43185,L16,10523,A16,B26,C37,PCS,116,3.92,D,C04,5.388146,454.72,2450.1
43185,L16,10523,A16,B26,C37,PCS,585,3.92,D,C04,5.388146,2293.2,12356.1
43185,L16,10523,A16,B26,C37,PCS,965,3.92,D,C04,5.388146,3782.8,20382.28
43185,L16,10523,A16,B26,C37,PCS,864,3.92,D,C04,5.388146,3386.88,18249
43178,L16,10652,A13,B26,C40,PCS,554,6.76,D,C03,7.133317,3745.04,26714.56
43178,L16,10652,A13,B26,C40,PCS,713,6.76,D,C03,7.133317,4819.88,34381.73
43178,L16,10652,A13,B26,C40,PCS,676,6.76,D,C03,7.133317,4569.76,32597.55
43178,L16,10652,A13,B26,C40,PCS,824,6.76,D,C03,7.133317,5570.24,39734.29
43178,L16,10652,A13,B26,C40,PCS,217,6.76,D,C03,7.133317,1466.92,10464.01
43178,L16,10652,A13,B26,C40,PCS,591,6.76,D,C03,7.133317,3995.16,28498.74
43178,L16,10652,A13,B26,C40,PCS,399,6.76,D,C03,7.133317,2697.24,19240.27
43178,L16,10652,A13,B26,C40,PCS,711,6.76,D,C03,7.133317,4806.36,34285.29
43178,L16,10652,A13,B26,C40,PCS,249,6.76,D,C03,7.133317,1683.24,12007.08
43178,L16,10652,A13,B26,C40,PCS,171,6.76,D,C03,7.133317,1155.96,8245.83
43160,L16,10826,A15,B23,C32,PCS,770,8.45,D,C09,1.199464,6506.5,7804.31
43160,L16,10826,A15,B23,C32,PCS,235,8.45,D,C09,1.199464,1985.75,2381.84
43160,L16,10826,A15,B23,C32,PCS,313,8.45,D,C09,1.199464,2644.85,3172.4
43160,L16,10826,A15,B23,C32,PCS,446,8.45,D,C09,1.199464,3768.7,4520.42
43160,L16,10826,A15,B23,C32,PCS,617,8.45,D,C09,1.199464,5213.65,6253.59
43160,L16,10826,A15,B23,C32,PCS,265,8.45,D,C09,1.199464,2239.25,2685.9
43160,L16,10826,A15,B23,C32,PCS,176,8.45,D,C09,1.199464,1487.2,1783.84
43160,L16,10826,A15,B23,C32,PCS,22,8.45,D,C09,1.199464,185.9,222.98
43160,L16,10826,A15,B23,C32,PCS,693,8.45,D,C09,1.199464,5855.85,7023.88
43160,L16,10826,A15,B23,C32,PCS,934,8.45,D,C09,1.199464,7892.3,9466.53
43166,L16,10857,A15,B28,C40,PCS,24,8.54,D,C02,9.912483,204.96,2031.66
43166,L16,10857,A15,B28,C40,PCS,938,8.54,D,C02,9.912483,8010.52,79404.14
43166,L16,10857,A15,B28,C40,PCS,878,8.54,D,C02,9.912483,7498.12,74324.99
43166,L16,10857,A15,B28,C40,PCS,611,8.54,D,C02,9.912483,5217.94,51722.74
43166,L16,10857,A15,B28,C40,PCS,747,8.54,D,C02,9.912483,6379.38,63235.5
43166,L16,10857,A15,B28,C40,PCS,640,8.54,D,C02,9.912483,5465.6,54177.67
43166,L16,10857,A15,B28,C40,PCS,117,8.54,D,C02,9.912483,999.18,9904.35
43166,L16,10857,A15,B28,C40,PCS,878,8.54,D,C02,9.912483,7498.12,74324.99
43166,L16,10857,A15,B28,C40,PCS,93,8.54,D,C02,9.912483,794.22,7872.69
43166,L16,10857,A15,B28,C40,PCS,277,8.54,D,C02,9.912483,2365.58,23448.77
43184,L16,10874,A15,B20,C40,PCS,241,4.14,C,C03,7.133317,997.74,7117.2
43184,L16,10874,A15,B20,C40,PCS,841,4.14,C,C03,7.133317,3481.74,24836.36
43184,L16,10874,A15,B20,C40,PCS,25,4.14,C,C03,7.133317,103.5,738.3
43184,L16,10874,A15,B20,C40,PCS,625,4.14,C,C03,7.133317,2587.5,18457.46
43184,L16,10874,A15,B20,C40,PCS,216,4.14,C,C03,7.133317,894.24,6378.9
43184,L16,10874,A15,B20,C40,PCS,682,4.14,C,C03,7.133317,2823.48,20140.78
43184,L16,10874,A15,B20,C40,PCS,18,4.14,C,C03,7.133317,74.52,531.57
43184,L16,10874,A15,B20,C40,PCS,784,4.14,C,C03,7.133317,3245.76,23153.03
43184,L16,10874,A15,B20,C40,PCS,573,4.14,C,C03,7.133317,2372.22,16921.8
43184,L16,10874,A15,B20,C40,PCS,453,4.14,C,C03,7.133317,1875.42,13377.97
43175,L16,11185,A17,B20,C38,PCS,995,9.78,C,C03,7.133317,9731.1,69415.02
43175,L16,11185,A17,B20,C38,PCS,369,9.78,C,C03,7.133317,3608.82,25742.86
43175,L16,11185,A17,B20,C38,PCS,328,9.78,C,C03,7.133317,3207.84,22882.54
43175,L16,11185,A17,B20,C38,PCS,774,9.78,C,C03,7.133317,7569.72,53997.21
43175,L16,11185,A17,B20,C38,PCS,992,9.78,C,C03,7.133317,9701.76,69205.73
43175,L16,11185,A17,B20,C38,PCS,878,9.78,C,C03,7.133317,8586.84,61252.65
43175,L16,11185,A17,B20,C38,PCS,810,9.78,C,C03,7.133317,7921.8,56508.71
43175,L16,11185,A17,B20,C38,PCS,417,9.78,C,C03,7.133317,4078.26,29091.52
43175,L16,11185,A17,B20,C38,PCS,110,9.78,C,C03,7.133317,1075.8,7674.02
43175,L16,11185,A17,B20,C38,PCS,739,9.78,C,C03,7.133317,7227.42,51555.48
43186,L16,11254,A11,B25,C39,PCS,75,3.57,D,C01,6.825646,267.75,1827.57
43186,L16,11254,A11,B25,C39,PCS,43,3.57,D,C01,6.825646,153.51,1047.8
43186,L16,11254,A11,B25,C39,PCS,85,3.57,D,C01,6.825646,303.45,2071.24
43186,L16,11254,A11,B25,C39,PCS,497,3.57,D,C01,6.825646,1774.29,12110.68
43186,L16,11254,A11,B25,C39,PCS,251,3.57,D,C01,6.825646,896.07,6116.26
43186,L16,11254,A11,B25,C39,PCS,849,3.57,D,C01,6.825646,3030.93,20688.06
43186,L16,11254,A11,B25,C39,PCS,984,3.57,D,C01,6.825646,3512.88,23977.68
43186,L16,11254,A11,B25,C39,PCS,43,3.57,D,C01,6.825646,153.51,1047.8
43186,L16,11254,A11,B25,C39,PCS,13,3.57,D,C01,6.825646,46.41,316.78
43186,L16,11254,A11,B25,C39,PCS,102,3.57,D,C01,6.825646,364.14,2485.49
43162,L16,11333,A20,B27,C38,PCS,11,9.52,D,C08,1.496196,104.72,156.68
43162,L16,11333,A20,B27,C38,PCS,873,9.52,D,C08,1.496196,8310.96,12434.83
43162,L16,11333,A20,B27,C38,PCS,161,9.52,D,C08,1.496196,1532.72,2293.25
43162,L16,11333,A20,B27,C38,PCS,676,9.52,D,C08,1.496196,6435.52,9628.8
43162,L16,11333,A20,B27,C38,PCS,284,9.52,D,C08,1.496196,2703.68,4045.24
43162,L16,11333,A20,B27,C38,PCS,286,9.52,D,C08,1.496196,2722.72,4073.72
43162,L16,11333,A20,B27,C38,PCS,738,9.52,D,C08,1.496196,7025.76,10511.91
43162,L16,11333,A20,B27,C38,PCS,466,9.52,D,C08,1.496196,4436.32,6637.6
43162,L16,11333,A20,B27,C38,PCS,906,9.52,D,C08,1.496196,8625.12,12904.87
43162,L16,11333,A20,B27,C38,PCS,283,9.52,D,C08,1.496196,2694.16,4030.99
43183,L16,11377,A15,B23,C39,PCS,692,7.02,D,C08,1.496196,4857.84,7268.28
43183,L16,11377,A15,B23,C39,PCS,741,7.02,D,C08,1.496196,5201.82,7782.94
43183,L16,11377,A15,B23,C39,PCS,640,7.02,D,C08,1.496196,4492.8,6722.11
43183,L16,11377,A15,B23,C39,PCS,571,7.02,D,C08,1.496196,4008.42,5997.38
43183,L16,11377,A15,B23,C39,PCS,575,7.02,D,C08,1.496196,4036.5,6039.4
43183,L16,11377,A15,B23,C39,PCS,292,7.02,D,C08,1.496196,2049.84,3066.96
43183,L16,11377,A15,B23,C39,PCS,579,7.02,D,C08,1.496196,4064.58,6081.41
43183,L16,11377,A15,B23,C39,PCS,511,7.02,D,C08,1.496196,3587.22,5367.18
43183,L16,11377,A15,B23,C39,PCS,374,7.02,D,C08,1.496196,2625.48,3928.23
43183,L16,11377,A15,B23,C39,PCS,561,7.02,D,C08,1.496196,3938.22,5892.35
43169,L16,11385,A19,B23,C36,PCS,165,3.18,C,C07,1.358577,524.7,712.85
43169,L16,11385,A19,B23,C36,PCS,607,3.18,C,C07,1.358577,1930.26,2622.41
43169,L16,11385,A19,B23,C36,PCS,483,3.18,C,C07,1.358577,1535.94,2086.69
43169,L16,11385,A19,B23,C36,PCS,183,3.18,C,C07,1.358577,581.94,790.61
43169,L16,11385,A19,B23,C36,PCS,478,3.18,C,C07,1.358577,1520.04,2065.09
43169,L16,11385,A19,B23,C36,PCS,522,3.18,C,C07,1.358577,1659.96,2255.18
43169,L16,11385,A19,B23,C36,PCS,894,3.18,C,C07,1.358577,2842.92,3862.33
43169,L16,11385,A19,B23,C36,PCS,654,3.18,C,C07,1.358577,2079.72,2825.46
43169,L16,11385,A19,B23,C36,PCS,595,3.18,C,C07,1.358577,1892.1,2570.56
43169,L16,11385,A19,B23,C36,PCS,678,3.18,C,C07,1.358577,2156.04,2929.15
43170,L16,11437,A10,B27,C38,PCS,814,8.98,C,C05,3.40242,7309.72,24870.74
43170,L16,11437,A10,B27,C38,PCS,313,8.98,C,C05,3.40242,2810.74,9563.32
43170,L16,11437,A10,B27,C38,PCS,132,8.98,C,C05,3.40242,1185.36,4033.09
43170,L16,11437,A10,B27,C38,PCS,438,8.98,C,C05,3.40242,3933.24,13382.53
43170,L16,11437,A10,B27,C38,PCS,170,8.98,C,C05,3.40242,1526.6,5194.13
43170,L16,11437,A10,B27,C38,PCS,201,8.98,C,C05,3.40242,1804.98,6141.3
43170,L16,11437,A10,B27,C38,PCS,454,8.98,C,C05,3.40242,4076.92,13871.39
43170,L16,11437,A10,B27,C38,PCS,719,8.98,C,C05,3.40242,6456.62,21968.13
43170,L16,11437,A10,B27,C38,PCS,30,8.98,C,C05,3.40242,269.4,916.61
43170,L16,11437,A10,B27,C38,PCS,835,8.98,C,C05,3.40242,7498.3,25512.37
43187,L16,11458,A19,B29,C34,PCS,396,1.87,D,C07,1.358577,740.52,1006.05
43187,L16,11458,A19,B29,C34,PCS,231,1.87,D,C07,1.358577,431.97,586.86
43187,L16,11458,A19,B29,C34,PCS,897,1.87,D,C07,1.358577,1677.39,2278.86
43187,L16,11458,A19,B29,C34,PCS,478,1.87,D,C07,1.358577,893.86,1214.38
43187,L16,11458,A19,B29,C34,PCS,975,1.87,D,C07,1.358577,1823.25,2477.03
43187,L16,11458,A19,B29,C34,PCS,420,1.87,D,C07,1.358577,785.4,1067.03
43187,L16,11458,A19,B29,C34,PCS,722,1.87,D,C07,1.358577,1350.14,1834.27
43187,L16,11458,A19,B29,C34,PCS,130,1.87,D,C07,1.358577,243.1,330.27
43187,L16,11458,A19,B29,C34,PCS,632,1.87,D,C07,1.358577,1181.84,1605.62
43187,L16,11458,A19,B29,C34,PCS,291,1.87,D,C07,1.358577,544.17,739.3
43171,L16,11468,A11,B22,C39,PCS,65,9.72,C,C06,3.547054,631.8,2241.03
43171,L16,11468,A11,B22,C39,PCS,664,9.72,C,C06,3.547054,6454.08,22892.97
43171,L16,11468,A11,B22,C39,PCS,648,9.72,C,C06,3.547054,6298.56,22341.33
43171,L16,11468,A11,B22,C39,PCS,951,9.72,C,C06,3.547054,9243.72,32787.97
43171,L16,11468,A11,B22,C39,PCS,102,9.72,C,C06,3.547054,991.44,3516.69
43171,L16,11468,A11,B22,C39,PCS,841,9.72,C,C06,3.547054,8174.52,28995.46
43171,L16,11468,A11,B22,C39,PCS,853,9.72,C,C06,3.547054,8291.16,29409.19
43171,L16,11468,A11,B22,C39,PCS,530,9.72,C,C06,3.547054,5151.6,18273
43171,L16,11468,A11,B22,C39,PCS,402,9.72,C,C06,3.547054,3907.44,13859.9
43171,L16,11468,A11,B22,C39,PCS,6,9.72,C,C06,3.547054,58.32,206.86
43178,L16,11905,A20,B29,C39,PCS,585,1.9,D,C03,7.133317,1111.5,7928.68
43178,L16,11905,A20,B29,C39,PCS,674,1.9,D,C03,7.133317,1280.6,9134.93
43178,L16,11905,A20,B29,C39,PCS,608,1.9,D,C03,7.133317,1155.2,8240.41
43178,L16,11905,A20,B29,C39,PCS,847,1.9,D,C03,7.133317,1609.3,11479.65
43178,L16,11905,A20,B29,C39,PCS,804,1.9,D,C03,7.133317,1527.6,10896.86
43178,L16,11905,A20,B29,C39,PCS,980,1.9,D,C03,7.133317,1862,13282.24
43178,L16,11905,A20,B29,C39,PCS,827,1.9,D,C03,7.133317,1571.3,11208.58
43178,L16,11905,A20,B29,C39,PCS,869,1.9,D,C03,7.133317,1651.1,11777.82
43178,L16,11905,A20,B29,C39,PCS,541,1.9,D,C03,7.133317,1027.9,7332.34
43178,L16,11905,A20,B29,C39,PCS,978,1.9,D,C03,7.133317,1858.2,13255.13
43182,L16,11951,A15,B22,C31,PCS,323,3.44,C,C06,3.547054,1111.12,3941.2
43182,L16,11951,A15,B22,C31,PCS,913,3.44,C,C06,3.547054,3140.72,11140.3
43182,L16,11951,A15,B22,C31,PCS,242,3.44,C,C06,3.547054,832.48,2952.85
43182,L16,11951,A15,B22,C31,PCS,651,3.44,C,C06,3.547054,2239.44,7943.41
43182,L16,11951,A15,B22,C31,PCS,541,3.44,C,C06,3.547054,1861.04,6601.21
43182,L16,11951,A15,B22,C31,PCS,25,3.44,C,C06,3.547054,86,305.05
43182,L16,11951,A15,B22,C31,PCS,355,3.44,C,C06,3.547054,1221.2,4331.66
43182,L16,11951,A15,B22,C31,PCS,293,3.44,C,C06,3.547054,1007.92,3575.15
43182,L16,11951,A15,B22,C31,PCS,651,3.44,C,C06,3.547054,2239.44,7943.41
43182,L16,11951,A15,B22,C31,PCS,709,3.44,C,C06,3.547054,2438.96,8651.12
43160,L16,11966,A12,B22,C39,PCS,455,3.29,C,C03,7.133317,1496.95,10678.22
43160,L16,11966,A12,B22,C39,PCS,306,3.29,C,C03,7.133317,1006.74,7181.4
43160,L16,11966,A12,B22,C39,PCS,583,3.29,C,C03,7.133317,1918.07,13682.2
43160,L16,11966,A12,B22,C39,PCS,804,3.29,C,C03,7.133317,2645.16,18868.76
43160,L16,11966,A12,B22,C39,PCS,701,3.29,C,C03,7.133317,2306.29,16451.5
43160,L16,11966,A12,B22,C39,PCS,351,3.29,C,C03,7.133317,1154.79,8237.48
43160,L16,11966,A12,B22,C39,PCS,523,3.29,C,C03,7.133317,1720.67,12274.08
43160,L16,11966,A12,B22,C39,PCS,766,3.29,C,C03,7.133317,2520.14,17976.96
43160,L16,11966,A12,B22,C39,PCS,762,3.29,C,C03,7.133317,2506.98,17883.08
43160,L16,11966,A12,B22,C39,PCS,954,3.29,C,C03,7.133317,3138.66,22389.06
43164,L16,12027,A18,B21,C35,PCS,500,9.73,D,C04,5.388146,4865,26213.33
43164,L16,12027,A18,B21,C35,PCS,738,9.73,D,C04,5.388146,7180.74,38690.88
43164,L16,12027,A18,B21,C35,PCS,25,9.73,D,C04,5.388146,243.25,1310.67
43164,L16,12027,A18,B21,C35,PCS,804,9.73,D,C04,5.388146,7822.92,42151.04
43164,L16,12027,A18,B21,C35,PCS,159,9.73,D,C04,5.388146,1547.07,8335.84
43164,L16,12027,A18,B21,C35,PCS,838,9.73,D,C04,5.388146,8153.74,43933.54
43164,L16,12027,A18,B21,C35,PCS,111,9.73,D,C04,5.388146,1080.03,5819.36
43164,L16,12027,A18,B21,C35,PCS,538,9.73,D,C04,5.388146,5234.74,28205.54
43164,L16,12027,A18,B21,C35,PCS,228,9.73,D,C04,5.388146,2218.44,11953.28
43164,L16,12027,A18,B21,C35,PCS,861,9.73,D,C04,5.388146,8377.53,45139.35
43183,L16,12037,A12,B24,C36,PCS,733,1.73,C,C07,1.358577,1268.09,1722.8
43183,L16,12037,A12,B24,C36,PCS,451,1.73,C,C07,1.358577,780.23,1060
43183,L16,12037,A12,B24,C36,PCS,367,1.73,C,C07,1.358577,634.91,862.57
43183,L16,12037,A12,B24,C36,PCS,741,1.73,C,C07,1.358577,1281.93,1741.6
43183,L16,12037,A12,B24,C36,PCS,592,1.73,C,C07,1.358577,1024.16,1391.4
43183,L16,12037,A12,B24,C36,PCS,541,1.73,C,C07,1.358577,935.93,1271.53
43183,L16,12037,A12,B24,C36,PCS,671,1.73,C,C07,1.358577,1160.83,1577.08
43183,L16,12037,A12,B24,C36,PCS,209,1.73,C,C07,1.358577,361.57,491.22
43183,L16,12037,A12,B24,C36,PCS,966,1.73,C,C07,1.358577,1671.18,2270.43
43183,L16,12037,A12,B24,C36,PCS,67,1.73,C,C07,1.358577,115.91,157.47
43161,L16,12125,A18,B20,C31,PCS,650,1.07,C,C01,6.825646,695.5,4747.24
43161,L16,12125,A18,B20,C31,PCS,579,1.07,C,C01,6.825646,619.53,4228.69
43161,L16,12125,A18,B20,C31,PCS,178,1.07,C,C01,6.825646,190.46,1300.01
43161,L16,12125,A18,B20,C31,PCS,935,1.07,C,C01,6.825646,1000.45,6828.72
43161,L16,12125,A18,B20,C31,PCS,456,1.07,C,C01,6.825646,487.92,3330.37
43161,L16,12125,A18,B20,C31,PCS,593,1.07,C,C01,6.825646,634.51,4330.94
43161,L16,12125,A18,B20,C31,PCS,895,1.07,C,C01,6.825646,957.65,6536.58
43161,L16,12125,A18,B20,C31,PCS,647,1.07,C,C01,6.825646,692.29,4725.33
43161,L16,12125,A18,B20,C31,PCS,829,1.07,C,C01,6.825646,887.03,6054.55
43161,L16,12125,A18,B20,C31,PCS,468,1.07,C,C01,6.825646,500.76,3418.01
43166,L16,12202,A15,B25,C40,PCS,142,3.99,C,C07,1.358577,566.58,769.74
43166,L16,12202,A15,B25,C40,PCS,268,3.99,C,C07,1.358577,1069.32,1452.75
43166,L16,12202,A15,B25,C40,PCS,191,3.99,C,C07,1.358577,762.09,1035.36
43166,L16,12202,A15,B25,C40,PCS,891,3.99,C,C07,1.358577,3555.09,4829.86
43166,L16,12202,A15,B25,C40,PCS,385,3.99,C,C07,1.358577,1536.15,2086.98
43166,L16,12202,A15,B25,C40,PCS,565,3.99,C,C07,1.358577,2254.35,3062.71
43166,L16,12202,A15,B25,C40,PCS,722,3.99,C,C07,1.358577,2880.78,3913.76
43166,L16,12202,A15,B25,C40,PCS,488,3.99,C,C07,1.358577,1947.12,2645.31
43166,L16,12202,A15,B25,C40,PCS,253,3.99,C,C07,1.358577,1009.47,1371.44
43166,L16,12202,A15,B25,C40,PCS,371,3.99,C,C07,1.358577,1480.29,2011.09
43182,L16,12354,A18,B26,C40,PCS,808,4.08,D,C07,1.358577,3296.64,4478.74
43182,L16,12354,A18,B26,C40,PCS,103,4.08,D,C07,1.358577,420.24,570.93
43182,L16,12354,A18,B26,C40,PCS,732,4.08,D,C07,1.358577,2986.56,4057.47
43182,L16,12354,A18,B26,C40,PCS,913,4.08,D,C07,1.358577,3725.04,5060.75
43182,L16,12354,A18,B26,C40,PCS,641,4.08,D,C07,1.358577,2615.28,3553.06
43182,L16,12354,A18,B26,C40,PCS,928,4.08,D,C07,1.358577,3786.24,5143.9
43182,L16,12354,A18,B26,C40,PCS,434,4.08,D,C07,1.358577,1770.72,2405.66
43182,L16,12354,A18,B26,C40,PCS,431,4.08,D,C07,1.358577,1758.48,2389.03
43182,L16,12354,A18,B26,C40,PCS,546,4.08,D,C07,1.358577,2227.68,3026.47
43182,L16,12354,A18,B26,C40,PCS,989,4.08,D,C07,1.358577,4035.12,5482.02
43162,L16,12471,A13,B21,C38,PCS,97,9.52,C,C08,1.496196,923.44,1381.65
43162,L16,12471,A13,B21,C38,PCS,415,9.52,C,C08,1.496196,3950.8,5911.17
43162,L16,12471,A13,B21,C38,PCS,399,9.52,C,C08,1.496196,3798.48,5683.27
43162,L16,12471,A13,B21,C38,PCS,969,9.52,C,C08,1.496196,9224.88,13802.23
43162,L16,12471,A13,B21,C38,PCS,528,9.52,C,C08,1.496196,5026.56,7520.72
43162,L16,12471,A13,B21,C38,PCS,905,9.52,C,C08,1.496196,8615.6,12890.63
43162,L16,12471,A13,B21,C38,PCS,403,9.52,C,C08,1.496196,3836.56,5740.25
43162,L16,12471,A13,B21,C38,PCS,180,9.52,C,C08,1.496196,1713.6,2563.88
43162,L16,12471,A13,B21,C38,PCS,830,9.52,C,C08,1.496196,7901.6,11822.34
43162,L16,12471,A13,B21,C38,PCS,778,9.52,C,C08,1.496196,7406.56,11081.67
43172,L16,12505,A17,B25,C34,PCS,919,4.22,C,C10,8.657656,3878.18,33575.95
43172,L16,12505,A17,B25,C34,PCS,974,4.22,C,C10,8.657656,4110.28,35585.39
43172,L16,12505,A17,B25,C34,PCS,853,4.22,C,C10,8.657656,3599.66,31164.62
43172,L16,12505,A17,B25,C34,PCS,510,4.22,C,C10,8.657656,2152.2,18633.01
43172,L16,12505,A17,B25,C34,PCS,572,4.22,C,C10,8.657656,2413.84,20898.2
43172,L16,12505,A17,B25,C34,PCS,340,4.22,C,C10,8.657656,1434.8,12422
43172,L16,12505,A17,B25,C34,PCS,77,4.22,C,C10,8.657656,324.94,2813.22
43172,L16,12505,A17,B25,C34,PCS,208,4.22,C,C10,8.657656,877.76,7599.34
43172,L16,12505,A17,B25,C34,PCS,162,4.22,C,C10,8.657656,683.64,5918.72
43172,L16,12505,A17,B25,C34,PCS,264,4.22,C,C10,8.657656,1114.08,9645.32
43160,L16,12561,A19,B26,C40,PCS,73,8.45,C,C09,1.199464,616.85,739.89
43160,L16,12561,A19,B26,C40,PCS,901,8.45,C,C09,1.199464,7613.45,9132.06
43160,L16,12561,A19,B26,C40,PCS,414,8.45,C,C09,1.199464,3498.3,4196.08
43160,L16,12561,A19,B26,C40,PCS,3,8.45,C,C09,1.199464,25.35,30.41
43160,L16,12561,A19,B26,C40,PCS,336,8.45,C,C09,1.199464,2839.2,3405.52
43160,L16,12561,A19,B26,C40,PCS,862,8.45,C,C09,1.199464,7283.9,8736.78
43160,L16,12561,A19,B26,C40,PCS,608,8.45,C,C09,1.199464,5137.6,6162.37
43160,L16,12561,A19,B26,C40,PCS,157,8.45,C,C09,1.199464,1326.65,1591.27
43160,L16,12561,A19,B26,C40,PCS,918,8.45,C,C09,1.199464,7757.1,9304.36
43160,L16,12561,A19,B26,C40,PCS,962,8.45,C,C09,1.199464,8128.9,9750.32
43175,L16,12670,A20,B27,C33,PCS,90,9.78,C,C03,7.133317,880.2,6278.75
43175,L16,12670,A20,B27,C33,PCS,401,9.78,C,C03,7.133317,3921.78,27975.3
43175,L16,12670,A20,B27,C33,PCS,621,9.78,C,C03,7.133317,6073.38,43323.34
43175,L16,12670,A20,B27,C33,PCS,802,9.78,C,C03,7.133317,7843.56,55950.6
43175,L16,12670,A20,B27,C33,PCS,662,9.78,C,C03,7.133317,6474.36,46183.66
43175,L16,12670,A20,B27,C33,PCS,839,9.78,C,C03,7.133317,8205.42,58531.86
43175,L16,12670,A20,B27,C33,PCS,321,9.78,C,C03,7.133317,3139.38,22394.19
43175,L16,12670,A20,B27,C33,PCS,294,9.78,C,C03,7.133317,2875.32,20510.57
43175,L16,12670,A20,B27,C33,PCS,146,9.78,C,C03,7.133317,1427.88,10185.52
43175,L16,12670,A20,B27,C33,PCS,698,9.78,C,C03,7.133317,6826.44,48695.16
43174,L16,12695,A19,B22,C36,PCS,709,2.51,C,C03,7.133317,1779.59,12694.38
43174,L16,12695,A19,B22,C36,PCS,130,2.51,C,C03,7.133317,326.3,2327.6
43174,L16,12695,A19,B22,C36,PCS,699,2.51,C,C03,7.133317,1754.49,12515.33
43174,L16,12695,A19,B22,C36,PCS,203,2.51,C,C03,7.133317,509.53,3634.64
43174,L16,12695,A19,B22,C36,PCS,874,2.51,C,C03,7.133317,2193.74,15648.64
43174,L16,12695,A19,B22,C36,PCS,541,2.51,C,C03,7.133317,1357.91,9686.4
43174,L16,12695,A19,B22,C36,PCS,193,2.51,C,C03,7.133317,484.43,3455.59
43174,L16,12695,A19,B22,C36,PCS,607,2.51,C,C03,7.133317,1523.57,10868.11
43174,L16,12695,A19,B22,C36,PCS,179,2.51,C,C03,7.133317,449.29,3204.93
43174,L16,12695,A19,B22,C36,PCS,668,2.51,C,C03,7.133317,1676.68,11960.29
43190,L16,12771,A19,B23,C34,PCS,236,7.29,D,C10,8.657656,1720.44,14894.98
43190,L16,12771,A19,B23,C34,PCS,96,7.29,D,C10,8.657656,699.84,6058.97
43190,L16,12771,A19,B23,C34,PCS,153,7.29,D,C10,8.657656,1115.37,9656.49
43190,L16,12771,A19,B23,C34,PCS,545,7.29,D,C10,8.657656,3973.05,34397.3
43190,L16,12771,A19,B23,C34,PCS,626,7.29,D,C10,8.657656,4563.54,39509.56
43190,L16,12771,A19,B23,C34,PCS,458,7.29,D,C10,8.657656,3338.82,28906.36
43190,L16,12771,A19,B23,C34,PCS,81,7.29,D,C10,8.657656,590.49,5112.26
43190,L16,12771,A19,B23,C34,PCS,503,7.29,D,C10,8.657656,3666.87,31746.5
43190,L16,12771,A19,B23,C34,PCS,374,7.29,D,C10,8.657656,2726.46,23604.75
43190,L16,12771,A19,B23,C34,PCS,69,7.29,D,C10,8.657656,503.01,4354.89
43170,L16,12821,A14,B22,C31,PCS,816,8.98,D,C05,3.40242,7327.68,24931.84
43170,L16,12821,A14,B22,C31,PCS,510,8.98,D,C05,3.40242,4579.8,15582.4
43170,L16,12821,A14,B22,C31,PCS,701,8.98,D,C05,3.40242,6294.98,21418.17
43170,L16,12821,A14,B22,C31,PCS,492,8.98,D,C05,3.40242,4418.16,15032.44
43170,L16,12821,A14,B22,C31,PCS,324,8.98,D,C05,3.40242,2909.52,9899.41
43170,L16,12821,A14,B22,C31,PCS,637,8.98,D,C05,3.40242,5720.26,19462.73
43170,L16,12821,A14,B22,C31,PCS,800,8.98,D,C05,3.40242,7184,24442.99
43170,L16,12821,A14,B22,C31,PCS,589,8.98,D,C05,3.40242,5289.22,17996.15
43170,L16,12821,A14,B22,C31,PCS,876,8.98,D,C05,3.40242,7866.48,26765.07
43170,L16,12821,A14,B22,C31,PCS,222,8.98,D,C05,3.40242,1993.56,6782.93
43172,L16,12834,A11,B28,C34,PCS,48,4.22,D,C10,8.657656,202.56,1753.69
43172,L16,12834,A11,B28,C34,PCS,954,4.22,D,C10,8.657656,4025.88,34854.68
43172,L16,12834,A11,B28,C34,PCS,283,4.22,D,C10,8.657656,1194.26,10339.49
43172,L16,12834,A11,B28,C34,PCS,903,4.22,D,C10,8.657656,3810.66,32991.38
43172,L16,12834,A11,B28,C34,PCS,371,4.22,D,C10,8.657656,1565.62,13554.6
43172,L16,12834,A11,B28,C34,PCS,630,4.22,D,C10,8.657656,2658.6,23017.24
43172,L16,12834,A11,B28,C34,PCS,777,4.22,D,C10,8.657656,3278.94,28387.93
43172,L16,12834,A11,B28,C34,PCS,3,4.22,D,C10,8.657656,12.66,109.61
43172,L16,12834,A11,B28,C34,PCS,386,4.22,D,C10,8.657656,1628.92,14102.63
43172,L16,12834,A11,B28,C34,PCS,216,4.22,D,C10,8.657656,911.52,7891.63
43173,L16,13023,A17,B28,C32,PCS,168,1.89,D,C06,3.547054,317.52,1126.26
43173,L16,13023,A17,B28,C32,PCS,602,1.89,D,C06,3.547054,1137.78,4035.77
43173,L16,13023,A17,B28,C32,PCS,370,1.89,D,C06,3.547054,699.3,2480.45
43173,L16,13023,A17,B28,C32,PCS,51,1.89,D,C06,3.547054,96.39,341.9
43173,L16,13023,A17,B28,C32,PCS,105,1.89,D,C06,3.547054,198.45,703.91
43173,L16,13023,A17,B28,C32,PCS,912,1.89,D,C06,3.547054,1723.68,6113.99
43173,L16,13023,A17,B28,C32,PCS,545,1.89,D,C06,3.547054,1030.05,3653.64
43173,L16,13023,A17,B28,C32,PCS,523,1.89,D,C06,3.547054,988.47,3506.16
43173,L16,13023,A17,B28,C32,PCS,580,1.89,D,C06,3.547054,1096.2,3888.28
43173,L16,13023,A17,B28,C32,PCS,638,1.89,D,C06,3.547054,1205.82,4277.11
43170,L16,13060,A20,B23,C35,PCS,262,4.34,C,C04,5.388146,1137.08,6126.75
43170,L16,13060,A20,B23,C35,PCS,973,4.34,C,C04,5.388146,4222.82,22753.17
43170,L16,13060,A20,B23,C35,PCS,939,4.34,C,C04,5.388146,4075.26,21958.1
43170,L16,13060,A20,B23,C35,PCS,198,4.34,C,C04,5.388146,859.32,4630.14
43170,L16,13060,A20,B23,C35,PCS,537,4.34,C,C04,5.388146,2330.58,12557.51
43170,L16,13060,A20,B23,C35,PCS,4,4.34,C,C04,5.388146,17.36,93.54
43170,L16,13060,A20,B23,C35,PCS,492,4.34,C,C04,5.388146,2135.28,11505.2
43170,L16,13060,A20,B23,C35,PCS,562,4.34,C,C04,5.388146,2439.08,13142.12
43170,L16,13060,A20,B23,C35,PCS,111,4.34,C,C04,5.388146,481.74,2595.69
43170,L16,13060,A20,B23,C35,PCS,620,4.34,C,C04,5.388146,2690.8,14498.42
43177,L16,13101,A14,B22,C33,PCS,38,4.16,D,C09,1.199464,158.08,189.61
43177,L16,13101,A14,B22,C33,PCS,444,4.16,D,C09,1.199464,1847.04,2215.46
43177,L16,13101,A14,B22,C33,PCS,255,4.16,D,C09,1.199464,1060.8,1272.39
43177,L16,13101,A14,B22,C33,PCS,396,4.16,D,C09,1.199464,1647.36,1975.95
43177,L16,13101,A14,B22,C33,PCS,732,4.16,D,C09,1.199464,3045.12,3652.51
43177,L16,13101,A14,B22,C33,PCS,5,4.16,D,C09,1.199464,20.8,24.95
43177,L16,13101,A14,B22,C33,PCS,315,4.16,D,C09,1.199464,1310.4,1571.78
43177,L16,13101,A14,B22,C33,PCS,472,4.16,D,C09,1.199464,1963.52,2355.17
43177,L16,13101,A14,B22,C33,PCS,720,4.16,D,C09,1.199464,2995.2,3592.63
43177,L16,13101,A14,B22,C33,PCS,641,4.16,D,C09,1.199464,2666.56,3198.44
43182,L16,13209,A14,B29,C37,PCS,299,4.08,C,C07,1.358577,1219.92,1657.36
43182,L16,13209,A14,B29,C37,PCS,900,4.08,C,C07,1.358577,3672,4988.69
43182,L16,13209,A14,B29,C37,PCS,42,4.08,C,C07,1.358577,171.36,232.81
43182,L16,13209,A14,B29,C37,PCS,93,4.08,C,C07,1.358577,379.44,515.5
43182,L16,13209,A14,B29,C37,PCS,285,4.08,C,C07,1.358577,1162.8,1579.75
43182,L16,13209,A14,B29,C37,PCS,211,4.08,C,C07,1.358577,860.88,1169.57
43182,L16,13209,A14,B29,C37,PCS,670,4.08,C,C07,1.358577,2733.6,3713.81
43182,L16,13209,A14,B29,C37,PCS,272,4.08,C,C07,1.358577,1109.76,1507.69
43182,L16,13209,A14,B29,C37,PCS,948,4.08,C,C07,1.358577,3867.84,5254.76
43182,L16,13209,A14,B29,C37,PCS,246,4.08,C,C07,1.358577,1003.68,1363.58
43164,L16,13235,A11,B29,C39,PCS,988,9.69,C,C03,7.133317,9573.72,68292.38
43164,L16,13235,A11,B29,C39,PCS,418,9.69,C,C03,7.133317,4050.42,28892.93
43164,L16,13235,A11,B29,C39,PCS,44,9.69,C,C03,7.133317,426.36,3041.36
43164,L16,13235,A11,B29,C39,PCS,41,9.69,C,C03,7.133317,397.29,2834
43164,L16,13235,A11,B29,C39,PCS,398,9.69,C,C03,7.133317,3856.62,27510.49
43164,L16,13235,A11,B29,C39,PCS,769,9.69,C,C03,7.133317,7451.61,53154.7
43164,L16,13235,A11,B29,C39,PCS,33,9.69,C,C03,7.133317,319.77,2281.02
43164,L16,13235,A11,B29,C39,PCS,69,9.69,C,C03,7.133317,668.61,4769.41
43164,L16,13235,A11,B29,C39,PCS,454,9.69,C,C03,7.133317,4399.26,31381.32
43164,L16,13235,A11,B29,C39,PCS,114,9.69,C,C03,7.133317,1104.66,7879.89
43188,L16,13404,A20,B28,C34,PCS,611,9.8,D,C08,1.496196,5987.8,8958.92
43188,L16,13404,A20,B28,C34,PCS,116,9.8,D,C08,1.496196,1136.8,1700.88
43188,L16,13404,A20,B28,C34,PCS,320,9.8,D,C08,1.496196,3136,4692.07
43188,L16,13404,A20,B28,C34,PCS,490,9.8,D,C08,1.496196,4802,7184.73
43188,L16,13404,A20,B28,C34,PCS,683,9.8,D,C08,1.496196,6693.4,10014.64
43188,L16,13404,A20,B28,C34,PCS,70,9.8,D,C08,1.496196,686,1026.39
43188,L16,13404,A20,B28,C34,PCS,892,9.8,D,C08,1.496196,8741.6,13079.15
43188,L16,13404,A20,B28,C34,PCS,359,9.8,D,C08,1.496196,3518.2,5263.92
43188,L16,13404,A20,B28,C34,PCS,620,9.8,D,C08,1.496196,6076,9090.89
43188,L16,13404,A20,B28,C34,PCS,742,9.8,D,C08,1.496196,7271.6,10879.74
43167,L16,13495,A19,B21,C38,PCS,897,7.6,D,C06,3.547054,6817.2,24180.98
43167,L16,13495,A19,B21,C38,PCS,342,7.6,D,C06,3.547054,2599.2,9219.5
43167,L16,13495,A19,B21,C38,PCS,212,7.6,D,C06,3.547054,1611.2,5715.01
43167,L16,13495,A19,B21,C38,PCS,98,7.6,D,C06,3.547054,744.8,2641.85
43167,L16,13495,A19,B21,C38,PCS,672,7.6,D,C06,3.547054,5107.2,18115.51
43167,L16,13495,A19,B21,C38,PCS,705,7.6,D,C06,3.547054,5358,19005.12
43167,L16,13495,A19,B21,C38,PCS,904,7.6,D,C06,3.547054,6870.4,24369.68
43167,L16,13495,A19,B21,C38,PCS,12,7.6,D,C06,3.547054,91.2,323.49
43167,L16,13495,A19,B21,C38,PCS,765,7.6,D,C06,3.547054,5814,20622.57
43167,L16,13495,A19,B21,C38,PCS,141,7.6,D,C06,3.547054,1071.6,3801.02
43160,L16,13534,A18,B23,C40,PCS,265,3.29,C,C03,7.133317,871.85,6219.18
43160,L16,13534,A18,B23,C40,PCS,985,3.29,C,C03,7.133317,3240.65,23116.58
43160,L16,13534,A18,B23,C40,PCS,398,3.29,C,C03,7.133317,1309.42,9340.51
43160,L16,13534,A18,B23,C40,PCS,167,3.29,C,C03,7.133317,549.43,3919.26
43160,L16,13534,A18,B23,C40,PCS,755,3.29,C,C03,7.133317,2483.95,17718.8
43160,L16,13534,A18,B23,C40,PCS,642,3.29,C,C03,7.133317,2112.18,15066.85
43160,L16,13534,A18,B23,C40,PCS,270,3.29,C,C03,7.133317,888.3,6336.53
43160,L16,13534,A18,B23,C40,PCS,851,3.29,C,C03,7.133317,2799.79,19971.79
43160,L16,13534,A18,B23,C40,PCS,424,3.29,C,C03,7.133317,1394.96,9950.69
43160,L16,13534,A18,B23,C40,PCS,383,3.29,C,C03,7.133317,1260.07,8988.48
43173,L16,13551,A15,B30,C30,PCS,595,5.48,C,C05,3.40242,3260.6,11093.93
43173,L16,13551,A15,B30,C30,PCS,383,5.48,C,C05,3.40242,2098.84,7141.14
43173,L16,13551,A15,B30,C30,PCS,260,5.48,C,C05,3.40242,1424.8,4847.77
43173,L16,13551,A15,B30,C30,PCS,367,5.48,C,C05,3.40242,2011.16,6842.81
43173,L16,13551,A15,B30,C30,PCS,663,5.48,C,C05,3.40242,3633.24,12361.81
43173,L16,13551,A15,B30,C30,PCS,409,5.48,C,C05,3.40242,2241.32,7625.91
43173,L16,13551,A15,B30,C30,PCS,182,5.48,C,C05,3.40242,997.36,3393.44
43173,L16,13551,A15,B30,C30,PCS,916,5.48,C,C05,3.40242,5019.68,17079.06
43173,L16,13551,A15,B30,C30,PCS,765,5.48,C,C05,3.40242,4192.2,14263.63
43173,L16,13551,A15,B30,C30,PCS,921,5.48,C,C05,3.40242,5047.08,17172.29
43173,L16,13589,A11,B29,C33,PCS,763,7.86,D,C09,1.199464,5997.18,7193.4
43173,L16,13589,A11,B29,C33,PCS,997,7.86,D,C09,1.199464,7836.42,9399.5
43173,L16,13589,A11,B29,C33,PCS,720,7.86,D,C09,1.199464,5659.2,6788.01
43173,L16,13589,A11,B29,C33,PCS,435,7.86,D,C09,1.199464,3419.1,4101.09
43173,L16,13589,A11,B29,C33,PCS,539,7.86,D,C09,1.199464,4236.54,5081.58
43173,L16,13589,A11,B29,C33,PCS,539,7.86,D,C09,1.199464,4236.54,5081.58
43173,L16,13589,A11,B29,C33,PCS,876,7.86,D,C09,1.199464,6885.36,8258.74
43173,L16,13589,A11,B29,C33,PCS,396,7.86,D,C09,1.199464,3112.56,3733.4
43173,L16,13589,A11,B29,C33,PCS,94,7.86,D,C09,1.199464,738.84,886.21
43173,L16,13589,A11,B29,C33,PCS,799,7.86,D,C09,1.199464,6280.14,7532.8
43185,L16,13616,A12,B29,C39,PCS,6,9.61,D,C01,6.825646,57.66,393.57
43185,L16,13616,A12,B29,C39,PCS,486,9.61,D,C01,6.825646,4670.46,31878.91
43185,L16,13616,A12,B29,C39,PCS,275,9.61,D,C01,6.825646,2642.75,18038.48
43185,L16,13616,A12,B29,C39,PCS,699,9.61,D,C01,6.825646,6717.39,45850.53
43185,L16,13616,A12,B29,C39,PCS,741,9.61,D,C01,6.825646,7121.01,48605.49
43185,L16,13616,A12,B29,C39,PCS,787,9.61,D,C01,6.825646,7563.07,51622.84
43185,L16,13616,A12,B29,C39,PCS,789,9.61,D,C01,6.825646,7582.29,51754.03
43185,L16,13616,A12,B29,C39,PCS,220,9.61,D,C01,6.825646,2114.2,14430.78
43185,L16,13616,A12,B29,C39,PCS,199,9.61,D,C01,6.825646,1912.39,13053.3
43185,L16,13616,A12,B29,C39,PCS,683,9.61,D,C01,6.825646,6563.63,44801.01
43160,L16,13634,A18,B24,C31,PCS,800,4.95,C,C09,1.199464,3960,4749.88
43160,L16,13634,A18,B24,C31,PCS,362,4.95,C,C09,1.199464,1791.9,2149.32
43160,L16,13634,A18,B24,C31,PCS,23,4.95,C,C09,1.199464,113.85,136.56
43160,L16,13634,A18,B24,C31,PCS,256,4.95,C,C09,1.199464,1267.2,1519.96
43160,L16,13634,A18,B24,C31,PCS,305,4.95,C,C09,1.199464,1509.75,1810.89
43160,L16,13634,A18,B24,C31,PCS,589,4.95,C,C09,1.199464,2915.55,3497.1
43160,L16,13634,A18,B24,C31,PCS,117,4.95,C,C09,1.199464,579.15,694.67
43160,L16,13634,A18,B24,C31,PCS,144,4.95,C,C09,1.199464,712.8,854.98
43160,L16,13634,A18,B24,C31,PCS,844,4.95,C,C09,1.199464,4177.8,5011.12
43160,L16,13634,A18,B24,C31,PCS,106,4.95,C,C09,1.199464,524.7,629.36
43170,L16,13670,A20,B24,C32,PCS,572,8.98,D,C05,3.40242,5136.56,17476.73
43170,L16,13670,A20,B24,C32,PCS,776,8.98,D,C05,3.40242,6968.48,23709.7
43170,L16,13670,A20,B24,C32,PCS,780,8.98,D,C05,3.40242,7004.4,23831.91
43170,L16,13670,A20,B24,C32,PCS,897,8.98,D,C05,3.40242,8055.06,27406.7
43170,L16,13670,A20,B24,C32,PCS,223,8.98,D,C05,3.40242,2002.54,6813.48
43170,L16,13670,A20,B24,C32,PCS,3,8.98,D,C05,3.40242,26.94,91.66
43170,L16,13670,A20,B24,C32,PCS,303,8.98,D,C05,3.40242,2720.94,9257.78
43170,L16,13670,A20,B24,C32,PCS,740,8.98,D,C05,3.40242,6645.2,22609.76
43170,L16,13670,A20,B24,C32,PCS,724,8.98,D,C05,3.40242,6501.52,22120.9
43170,L16,13670,A20,B24,C32,PCS,471,8.98,D,C05,3.40242,4229.58,14390.81
43160,L16,13762,A17,B26,C36,PCS,655,9.12,D,C02,9.912483,5973.6,59213.21
43160,L16,13762,A17,B26,C36,PCS,244,9.12,D,C02,9.912483,2225.28,22058.05
43160,L16,13762,A17,B26,C36,PCS,792,9.12,D,C02,9.912483,7223.04,71598.26
43160,L16,13762,A17,B26,C36,PCS,420,9.12,D,C02,9.912483,3830.4,37968.77
43160,L16,13762,A17,B26,C36,PCS,25,9.12,D,C02,9.912483,228,2260.05
43160,L16,13762,A17,B26,C36,PCS,580,9.12,D,C02,9.912483,5289.6,52433.07
43160,L16,13762,A17,B26,C36,PCS,303,9.12,D,C02,9.912483,2763.36,27391.76
43160,L16,13762,A17,B26,C36,PCS,856,9.12,D,C02,9.912483,7806.72,77383.98
43160,L16,13762,A17,B26,C36,PCS,49,9.12,D,C02,9.912483,446.88,4429.69
43160,L16,13762,A17,B26,C36,PCS,733,9.12,D,C02,9.912483,6684.96,66264.55
43170,L16,13783,A18,B25,C31,PCS,228,6.79,D,C06,3.547054,1548.12,5491.27
43170,L16,13783,A18,B25,C31,PCS,324,6.79,D,C06,3.547054,2199.96,7803.38
43170,L16,13783,A18,B25,C31,PCS,12,6.79,D,C06,3.547054,81.48,289.01
43170,L16,13783,A18,B25,C31,PCS,589,6.79,D,C06,3.547054,3999.31,14185.77
43170,L16,13783,A18,B25,C31,PCS,153,6.79,D,C06,3.547054,1038.87,3684.93
43170,L16,13783,A18,B25,C31,PCS,724,6.79,D,C06,3.547054,4915.96,17437.18
43170,L16,13783,A18,B25,C31,PCS,132,6.79,D,C06,3.547054,896.28,3179.15
43170,L16,13783,A18,B25,C31,PCS,590,6.79,D,C06,3.547054,4006.1,14209.85
43170,L16,13783,A18,B25,C31,PCS,147,6.79,D,C06,3.547054,998.13,3540.42
43170,L16,13783,A18,B25,C31,PCS,729,6.79,D,C06,3.547054,4949.91,17557.6
43178,L16,14065,A20,B29,C30,PCS,274,6.76,D,C03,7.133317,1852.24,13212.62
43178,L16,14065,A20,B29,C30,PCS,494,6.76,D,C03,7.133317,3339.44,23821.28
43178,L16,14065,A20,B29,C30,PCS,760,6.76,D,C03,7.133317,5137.6,36648.13
43178,L16,14065,A20,B29,C30,PCS,819,6.76,D,C03,7.133317,5536.44,39493.18
43178,L16,14065,A20,B29,C30,PCS,64,6.76,D,C03,7.133317,432.64,3086.16
43178,L16,14065,A20,B29,C30,PCS,183,6.76,D,C03,7.133317,1237.08,8824.48
43178,L16,14065,A20,B29,C30,PCS,871,6.76,D,C03,7.133317,5887.96,42000.69
43178,L16,14065,A20,B29,C30,PCS,611,6.76,D,C03,7.133317,4130.36,29463.17
43178,L16,14065,A20,B29,C30,PCS,45,6.76,D,C03,7.133317,304.2,2169.96
43178,L16,14065,A20,B29,C30,PCS,734,6.76,D,C03,7.133317,4961.84,35394.38
43181,L16,14144,A17,B20,C31,PCS,526,9.19,C,C05,3.40242,4833.94,16447.09
43181,L16,14144,A17,B20,C31,PCS,322,9.19,C,C05,3.40242,2959.18,10068.37
43181,L16,14144,A17,B20,C31,PCS,705,9.19,C,C05,3.40242,6478.95,22044.11
43181,L16,14144,A17,B20,C31,PCS,884,9.19,C,C05,3.40242,8123.96,27641.12
43181,L16,14144,A17,B20,C31,PCS,530,9.19,C,C05,3.40242,4870.7,16572.17
43181,L16,14144,A17,B20,C31,PCS,995,9.19,C,C05,3.40242,9144.05,31111.9
43181,L16,14144,A17,B20,C31,PCS,802,9.19,C,C05,3.40242,7370.38,25077.13
43181,L16,14144,A17,B20,C31,PCS,808,9.19,C,C05,3.40242,7425.52,25264.74
43181,L16,14144,A17,B20,C31,PCS,824,9.19,C,C05,3.40242,7572.56,25765.03
43181,L16,14144,A17,B20,C31,PCS,919,9.19,C,C05,3.40242,8445.61,28735.51
43181,L16,14225,A17,B29,C37,PCS,764,3.6,C,C06,3.547054,2750.4,9755.82
43181,L16,14225,A17,B29,C37,PCS,288,3.6,C,C06,3.547054,1036.8,3677.59
43181,L16,14225,A17,B29,C37,PCS,159,3.6,C,C06,3.547054,572.4,2030.33
43181,L16,14225,A17,B29,C37,PCS,226,3.6,C,C06,3.547054,813.6,2885.88
43181,L16,14225,A17,B29,C37,PCS,382,3.6,C,C06,3.547054,1375.2,4877.91
43181,L16,14225,A17,B29,C37,PCS,590,3.6,C,C06,3.547054,2124,7533.94
43181,L16,14225,A17,B29,C37,PCS,941,3.6,C,C06,3.547054,3387.6,12016
43181,L16,14225,A17,B29,C37,PCS,706,3.6,C,C06,3.547054,2541.6,9015.19
43181,L16,14225,A17,B29,C37,PCS,331,3.6,C,C06,3.547054,1191.6,4226.67
43181,L16,14225,A17,B29,C37,PCS,955,3.6,C,C06,3.547054,3438,12194.77
43169,L16,14239,A17,B23,C33,PCS,694,6.34,C,C08,1.496196,4399.96,6583.2
43169,L16,14239,A17,B23,C33,PCS,346,6.34,C,C08,1.496196,2193.64,3282.12
43169,L16,14239,A17,B23,C33,PCS,344,6.34,C,C08,1.496196,2180.96,3263.14
43169,L16,14239,A17,B23,C33,PCS,840,6.34,C,C08,1.496196,5325.6,7968.14
43169,L16,14239,A17,B23,C33,PCS,566,6.34,C,C08,1.496196,3588.44,5369.01
43169,L16,14239,A17,B23,C33,PCS,432,6.34,C,C08,1.496196,2738.88,4097.9
43169,L16,14239,A17,B23,C33,PCS,979,6.34,C,C08,1.496196,6206.86,9286.68
43169,L16,14239,A17,B23,C33,PCS,289,6.34,C,C08,1.496196,1832.26,2741.42
43169,L16,14239,A17,B23,C33,PCS,32,6.34,C,C08,1.496196,202.88,303.55
43169,L16,14239,A17,B23,C33,PCS,705,6.34,C,C08,1.496196,4469.7,6687.55
43164,L16,14309,A19,B26,C32,PCS,794,3.39,C,C06,3.547054,2691.66,9547.46
43164,L16,14309,A19,B26,C32,PCS,608,3.39,C,C06,3.547054,2061.12,7310.9
43164,L16,14309,A19,B26,C32,PCS,976,3.39,C,C06,3.547054,3308.64,11735.92
43164,L16,14309,A19,B26,C32,PCS,910,3.39,C,C06,3.547054,3084.9,10942.31
43164,L16,14309,A19,B26,C32,PCS,53,3.39,C,C06,3.547054,179.67,637.3
43164,L16,14309,A19,B26,C32,PCS,759,3.39,C,C06,3.547054,2573.01,9126.61
43164,L16,14309,A19,B26,C32,PCS,175,3.39,C,C06,3.547054,593.25,2104.29
43164,L16,14309,A19,B26,C32,PCS,924,3.39,C,C06,3.547054,3132.36,11110.65
43164,L16,14309,A19,B26,C32,PCS,169,3.39,C,C06,3.547054,572.91,2032.14
43164,L16,14309,A19,B26,C32,PCS,412,3.39,C,C06,3.547054,1396.68,4954.1
43185,L16,14437,A18,B20,C39,PCS,856,3.92,D,C04,5.388146,3355.52,18080.03
43185,L16,14437,A18,B20,C39,PCS,417,3.92,D,C04,5.388146,1634.64,8807.68
43185,L16,14437,A18,B20,C39,PCS,307,3.92,D,C04,5.388146,1203.44,6484.31
43185,L16,14437,A18,B20,C39,PCS,176,3.92,D,C04,5.388146,689.92,3717.39
43185,L16,14437,A18,B20,C39,PCS,363,3.92,D,C04,5.388146,1422.96,7667.12
43185,L16,14437,A18,B20,C39,PCS,753,3.92,D,C04,5.388146,2951.76,15904.51
43185,L16,14437,A18,B20,C39,PCS,28,3.92,D,C04,5.388146,109.76,591.4
43185,L16,14437,A18,B20,C39,PCS,231,3.92,D,C04,5.388146,905.52,4879.07
43185,L16,14437,A18,B20,C39,PCS,374,3.92,D,C04,5.388146,1466.08,7899.45
43185,L16,14437,A18,B20,C39,PCS,217,3.92,D,C04,5.388146,850.64,4583.37
43181,L16,14567,A20,B30,C40,PCS,910,9.19,D,C05,3.40242,8362.9,28454.1
43181,L16,14567,A20,B30,C40,PCS,30,9.19,D,C05,3.40242,275.7,938.05
43181,L16,14567,A20,B30,C40,PCS,977,9.19,D,C05,3.40242,8978.63,30549.07
43181,L16,14567,A20,B30,C40,PCS,235,9.19,D,C05,3.40242,2159.65,7348.04
43181,L16,14567,A20,B30,C40,PCS,127,9.19,D,C05,3.40242,1167.13,3971.07
43181,L16,14567,A20,B30,C40,PCS,153,9.19,D,C05,3.40242,1406.07,4784.04
43181,L16,14567,A20,B30,C40,PCS,196,9.19,D,C05,3.40242,1801.24,6128.58
43181,L16,14567,A20,B30,C40,PCS,774,9.19,D,C05,3.40242,7113.06,24201.62
43181,L16,14567,A20,B30,C40,PCS,721,9.19,D,C05,3.40242,6625.99,22544.4
43181,L16,14567,A20,B30,C40,PCS,453,9.19,D,C05,3.40242,4163.07,14164.51
43178,L16,14633,A19,B27,C30,PCS,811,1.9,C,C03,7.133317,1540.9,10991.73
43178,L16,14633,A19,B27,C30,PCS,8,1.9,C,C03,7.133317,15.2,108.43
43178,L16,14633,A19,B27,C30,PCS,311,1.9,C,C03,7.133317,590.9,4215.08
43178,L16,14633,A19,B27,C30,PCS,371,1.9,C,C03,7.133317,704.9,5028.28
43178,L16,14633,A19,B27,C30,PCS,971,1.9,C,C03,7.133317,1844.9,13160.26
43178,L16,14633,A19,B27,C30,PCS,188,1.9,C,C03,7.133317,357.2,2548.02
43178,L16,14633,A19,B27,C30,PCS,791,1.9,C,C03,7.133317,1502.9,10720.66
43178,L16,14633,A19,B27,C30,PCS,822,1.9,C,C03,7.133317,1561.8,11140.81
43178,L16,14633,A19,B27,C30,PCS,791,1.9,C,C03,7.133317,1502.9,10720.66
43178,L16,14633,A19,B27,C30,PCS,205,1.9,C,C03,7.133317,389.5,2778.43
43160,L16,14846,A10,B23,C39,PCS,820,8.45,C,C09,1.199464,6929,8311.09
43160,L16,14846,A10,B23,C39,PCS,125,8.45,C,C09,1.199464,1056.25,1266.93
43160,L16,14846,A10,B23,C39,PCS,8,8.45,C,C09,1.199464,67.6,81.08
43160,L16,14846,A10,B23,C39,PCS,561,8.45,C,C09,1.199464,4740.45,5686
43160,L16,14846,A10,B23,C39,PCS,590,8.45,C,C09,1.199464,4985.5,5979.93
43160,L16,14846,A10,B23,C39,PCS,313,8.45,C,C09,1.199464,2644.85,3172.4
43160,L16,14846,A10,B23,C39,PCS,493,8.45,C,C09,1.199464,4165.85,4996.79
43160,L16,14846,A10,B23,C39,PCS,677,8.45,C,C09,1.199464,5720.65,6861.71
43160,L16,14846,A10,B23,C39,PCS,594,8.45,C,C09,1.199464,5019.3,6020.47
43160,L16,14846,A10,B23,C39,PCS,976,8.45,C,C09,1.199464,8247.2,9892.22
43180,L16,14893,A11,B24,C31,PCS,57,2.08,D,C03,7.133317,118.56,845.73
43180,L16,14893,A11,B24,C31,PCS,943,2.08,D,C03,7.133317,1961.44,13991.57
43180,L16,14893,A11,B24,C31,PCS,567,2.08,D,C03,7.133317,1179.36,8412.75
43180,L16,14893,A11,B24,C31,PCS,896,2.08,D,C03,7.133317,1863.68,13294.22
43180,L16,14893,A11,B24,C31,PCS,24,2.08,D,C03,7.133317,49.92,356.1
43180,L16,14893,A11,B24,C31,PCS,729,2.08,D,C03,7.133317,1516.32,10816.39
43180,L16,14893,A11,B24,C31,PCS,165,2.08,D,C03,7.133317,343.2,2448.15
43180,L16,14893,A11,B24,C31,PCS,481,2.08,D,C03,7.133317,1000.48,7136.74
43180,L16,14893,A11,B24,C31,PCS,132,2.08,D,C03,7.133317,274.56,1958.52
43180,L16,14893,A11,B24,C31,PCS,423,2.08,D,C03,7.133317,879.84,6276.18
43173,L16,14899,A13,B24,C39,PCS,277,1.89,C,C06,3.547054,523.53,1856.99
43173,L16,14899,A13,B24,C39,PCS,557,1.89,C,C06,3.547054,1052.73,3734.09
43173,L16,14899,A13,B24,C39,PCS,664,1.89,C,C06,3.547054,1254.96,4451.41
43173,L16,14899,A13,B24,C39,PCS,905,1.89,C,C06,3.547054,1710.45,6067.06
43173,L16,14899,A13,B24,C39,PCS,697,1.89,C,C06,3.547054,1317.33,4672.64
43173,L16,14899,A13,B24,C39,PCS,669,1.89,C,C06,3.547054,1264.41,4484.93
43173,L16,14899,A13,B24,C39,PCS,672,1.89,C,C06,3.547054,1270.08,4505.04
43173,L16,14899,A13,B24,C39,PCS,267,1.89,C,C06,3.547054,504.63,1789.95
43173,L16,14899,A13,B24,C39,PCS,280,1.89,C,C06,3.547054,529.2,1877.1
43173,L16,14899,A13,B24,C39,PCS,435,1.89,C,C06,3.547054,822.15,2916.21
43165,L16,14935,A11,B23,C32,PCS,549,3.57,D,C05,3.40242,1959.93,6668.51
43165,L16,14935,A11,B23,C32,PCS,415,3.57,D,C05,3.40242,1481.55,5040.86
43165,L16,14935,A11,B23,C32,PCS,49,3.57,D,C05,3.40242,174.93,595.19
43165,L16,14935,A11,B23,C32,PCS,777,3.57,D,C05,3.40242,2773.89,9437.94
43165,L16,14935,A11,B23,C32,PCS,771,3.57,D,C05,3.40242,2752.47,9365.06
43165,L16,14935,A11,B23,C32,PCS,642,3.57,D,C05,3.40242,2291.94,7798.14
43165,L16,14935,A11,B23,C32,PCS,987,3.57,D,C05,3.40242,3523.59,11988.73
43165,L16,14935,A11,B23,C32,PCS,729,3.57,D,C05,3.40242,2602.53,8854.9
43165,L16,14935,A11,B23,C32,PCS,340,3.57,D,C05,3.40242,1213.8,4129.86
43165,L16,14935,A11,B23,C32,PCS,639,3.57,D,C05,3.40242,2281.23,7761.7
43184,L16,14955,A11,B20,C30,PCS,498,3.36,D,C06,3.547054,1673.28,5935.21
43184,L16,14955,A11,B20,C30,PCS,300,3.36,D,C06,3.547054,1008,3575.43
43184,L16,14955,A11,B20,C30,PCS,42,3.36,D,C06,3.547054,141.12,500.56
43184,L16,14955,A11,B20,C30,PCS,467,3.36,D,C06,3.547054,1569.12,5565.75
43184,L16,14955,A11,B20,C30,PCS,960,3.36,D,C06,3.547054,3225.6,11441.38
43184,L16,14955,A11,B20,C30,PCS,5,3.36,D,C06,3.547054,16.8,59.59
43184,L16,14955,A11,B20,C30,PCS,690,3.36,D,C06,3.547054,2318.4,8223.49
43184,L16,14955,A11,B20,C30,PCS,3,3.36,D,C06,3.547054,10.08,35.75
43184,L16,14955,A11,B20,C30,PCS,124,3.36,D,C06,3.547054,416.64,1477.84
43184,L16,14955,A11,B20,C30,PCS,10,3.36,D,C06,3.547054,33.6,119.18
43165,L16,15085,A18,B24,C37,PCS,126,3.57,C,C05,3.40242,449.82,1530.48
43165,L16,15085,A18,B24,C37,PCS,805,3.57,C,C05,3.40242,2873.85,9778.04
43165,L16,15085,A18,B24,C37,PCS,832,3.57,C,C05,3.40242,2970.24,10106
43165,L16,15085,A18,B24,C37,PCS,603,3.57,C,C05,3.40242,2152.71,7324.42
43165,L16,15085,A18,B24,C37,PCS,970,3.57,C,C05,3.40242,3462.9,11782.24
43165,L16,15085,A18,B24,C37,PCS,559,3.57,C,C05,3.40242,1995.63,6789.97
43165,L16,15085,A18,B24,C37,PCS,832,3.57,C,C05,3.40242,2970.24,10106
43165,L16,15085,A18,B24,C37,PCS,19,3.57,C,C05,3.40242,67.83,230.79
43165,L16,15085,A18,B24,C37,PCS,985,3.57,C,C05,3.40242,3516.45,11964.44
43165,L16,15085,A18,B24,C37,PCS,790,3.57,C,C05,3.40242,2820.3,9595.85
43166,L16,15111,A17,B20,C35,PCS,448,8.54,D,C02,9.912483,3825.92,37924.37
43166,L16,15111,A17,B20,C35,PCS,222,8.54,D,C02,9.912483,1895.88,18792.88
43166,L16,15111,A17,B20,C35,PCS,274,8.54,D,C02,9.912483,2339.96,23194.81
43166,L16,15111,A17,B20,C35,PCS,909,8.54,D,C02,9.912483,7762.86,76949.22
43166,L16,15111,A17,B20,C35,PCS,849,8.54,D,C02,9.912483,7250.46,71870.06
43166,L16,15111,A17,B20,C35,PCS,490,8.54,D,C02,9.912483,4184.6,41479.78
43166,L16,15111,A17,B20,C35,PCS,419,8.54,D,C02,9.912483,3578.26,35469.44
43166,L16,15111,A17,B20,C35,PCS,826,8.54,D,C02,9.912483,7054.04,69923.05
43166,L16,15111,A17,B20,C35,PCS,923,8.54,D,C02,9.912483,7882.42,78134.35
43166,L16,15111,A17,B20,C35,PCS,218,8.54,D,C02,9.912483,1861.72,18454.27
43188,L16,15152,A11,B27,C40,PCS,814,5.55,C,C04,5.388146,4517.7,24342.03
43188,L16,15152,A11,B27,C40,PCS,732,5.55,C,C04,5.388146,4062.6,21889.88
43188,L16,15152,A11,B27,C40,PCS,394,5.55,C,C04,5.388146,2186.7,11782.26
43188,L16,15152,A11,B27,C40,PCS,286,5.55,C,C04,5.388146,1587.3,8552.6
43188,L16,15152,A11,B27,C40,PCS,370,5.55,C,C04,5.388146,2053.5,11064.56
43188,L16,15152,A11,B27,C40,PCS,844,5.55,C,C04,5.388146,4684.2,25239.15
43188,L16,15152,A11,B27,C40,PCS,456,5.55,C,C04,5.388146,2530.8,13636.32
43188,L16,15152,A11,B27,C40,PCS,578,5.55,C,C04,5.388146,3207.9,17284.63
43188,L16,15152,A11,B27,C40,PCS,490,5.55,C,C04,5.388146,2719.5,14653.06
43188,L16,15152,A11,B27,C40,PCS,255,5.55,C,C04,5.388146,1415.25,7625.57
43171,L16,15185,A13,B23,C30,PCS,272,9.72,C,C06,3.547054,2643.84,9377.84
43171,L16,15185,A13,B23,C30,PCS,877,9.72,C,C06,3.547054,8524.44,30236.65
43171,L16,15185,A13,B23,C30,PCS,82,9.72,C,C06,3.547054,797.04,2827.14
43171,L16,15185,A13,B23,C30,PCS,446,9.72,C,C06,3.547054,4335.12,15376.9
43171,L16,15185,A13,B23,C30,PCS,194,9.72,C,C06,3.547054,1885.68,6688.61
43171,L16,15185,A13,B23,C30,PCS,785,9.72,C,C06,3.547054,7630.2,27064.73
43171,L16,15185,A13,B23,C30,PCS,134,9.72,C,C06,3.547054,1302.48,4619.97
43171,L16,15185,A13,B23,C30,PCS,130,9.72,C,C06,3.547054,1263.6,4482.06
43171,L16,15185,A13,B23,C30,PCS,157,9.72,C,C06,3.547054,1526.04,5412.95
43171,L16,15185,A13,B23,C30,PCS,854,9.72,C,C06,3.547054,8300.88,29443.67
43171,L16,15337,A17,B29,C36,PCS,563,9.05,C,C09,1.199464,5095.15,6111.45
43171,L16,15337,A17,B29,C36,PCS,253,9.05,C,C09,1.199464,2289.65,2746.35
43171,L16,15337,A17,B29,C36,PCS,283,9.05,C,C09,1.199464,2561.15,3072.01
43171,L16,15337,A17,B29,C36,PCS,404,9.05,C,C09,1.199464,3656.2,4385.48
43171,L16,15337,A17,B29,C36,PCS,89,9.05,C,C09,1.199464,805.45,966.11
43171,L16,15337,A17,B29,C36,PCS,988,9.05,C,C09,1.199464,8941.4,10724.89
43171,L16,15337,A17,B29,C36,PCS,132,9.05,C,C09,1.199464,1194.6,1432.88
43171,L16,15337,A17,B29,C36,PCS,813,9.05,C,C09,1.199464,7357.65,8825.24
43171,L16,15337,A17,B29,C36,PCS,955,9.05,C,C09,1.199464,8642.75,10366.67
43171,L16,15337,A17,B29,C36,PCS,778,9.05,C,C09,1.199464,7040.9,8445.31
43164,L16,15341,A15,B24,C39,PCS,734,1.72,C,C05,3.40242,1262.48,4295.49
43164,L16,15341,A15,B24,C39,PCS,595,1.72,C,C05,3.40242,1023.4,3482.04
43164,L16,15341,A15,B24,C39,PCS,461,1.72,C,C05,3.40242,792.92,2697.85
43164,L16,15341,A15,B24,C39,PCS,45,1.72,C,C05,3.40242,77.4,263.35
43164,L16,15341,A15,B24,C39,PCS,486,1.72,C,C05,3.40242,835.92,2844.15
43164,L16,15341,A15,B24,C39,PCS,471,1.72,C,C05,3.40242,810.12,2756.37
43164,L16,15341,A15,B24,C39,PCS,334,1.72,C,C05,3.40242,574.48,1954.62
43164,L16,15341,A15,B24,C39,PCS,851,1.72,C,C05,3.40242,1463.72,4980.19
43164,L16,15341,A15,B24,C39,PCS,425,1.72,C,C05,3.40242,731,2487.17
43164,L16,15341,A15,B24,C39,PCS,97,1.72,C,C05,3.40242,166.84,567.66
43178,L16,15358,A20,B25,C39,PCS,32,6.37,D,C01,6.825646,203.84,1391.34
43178,L16,15358,A20,B25,C39,PCS,725,6.37,D,C01,6.825646,4618.25,31522.54
43178,L16,15358,A20,B25,C39,PCS,24,6.37,D,C01,6.825646,152.88,1043.5
43178,L16,15358,A20,B25,C39,PCS,296,6.37,D,C01,6.825646,1885.52,12869.89
43178,L16,15358,A20,B25,C39,PCS,739,6.37,D,C01,6.825646,4707.43,32131.25
43178,L16,15358,A20,B25,C39,PCS,144,6.37,D,C01,6.825646,917.28,6261.03
43178,L16,15358,A20,B25,C39,PCS,461,6.37,D,C01,6.825646,2936.57,20043.99
43178,L16,15358,A20,B25,C39,PCS,824,6.37,D,C01,6.825646,5248.88,35827
43178,L16,15358,A20,B25,C39,PCS,197,6.37,D,C01,6.825646,1254.89,8565.43
43178,L16,15358,A20,B25,C39,PCS,172,6.37,D,C01,6.825646,1095.64,7478.45
43184,L16,15428,A20,B27,C34,PCS,290,4.14,D,C03,7.133317,1200.6,8564.26
43184,L16,15428,A20,B27,C34,PCS,834,4.14,D,C03,7.133317,3452.76,24629.63
43184,L16,15428,A20,B27,C34,PCS,920,4.14,D,C03,7.133317,3808.8,27169.38
43184,L16,15428,A20,B27,C34,PCS,711,4.14,D,C03,7.133317,2943.54,20997.2
43184,L16,15428,A20,B27,C34,PCS,83,4.14,D,C03,7.133317,343.62,2451.15
43184,L16,15428,A20,B27,C34,PCS,288,4.14,D,C03,7.133317,1192.32,8505.2
43184,L16,15428,A20,B27,C34,PCS,868,4.14,D,C03,7.133317,3593.52,25633.72
43184,L16,15428,A20,B27,C34,PCS,873,4.14,D,C03,7.133317,3614.22,25781.38
43184,L16,15428,A20,B27,C34,PCS,114,4.14,D,C03,7.133317,471.96,3366.64
43184,L16,15428,A20,B27,C34,PCS,62,4.14,D,C03,7.133317,256.68,1830.98
43182,L16,15878,A10,B24,C35,PCS,897,3.44,C,C06,3.547054,3085.68,10945.07
43182,L16,15878,A10,B24,C35,PCS,971,3.44,C,C06,3.547054,3340.24,11848.01
43182,L16,15878,A10,B24,C35,PCS,474,3.44,C,C06,3.547054,1630.56,5783.68
43182,L16,15878,A10,B24,C35,PCS,694,3.44,C,C06,3.547054,2387.36,8468.09
43182,L16,15878,A10,B24,C35,PCS,984,3.44,C,C06,3.547054,3384.96,12006.64
43182,L16,15878,A10,B24,C35,PCS,757,3.44,C,C06,3.547054,2604.08,9236.81
43182,L16,15878,A10,B24,C35,PCS,633,3.44,C,C06,3.547054,2177.52,7723.78
43182,L16,15878,A10,B24,C35,PCS,225,3.44,C,C06,3.547054,774,2745.42
43182,L16,15878,A10,B24,C35,PCS,211,3.44,C,C06,3.547054,725.84,2574.59
43182,L16,15878,A10,B24,C35,PCS,240,3.44,C,C06,3.547054,825.6,2928.45
43187,L16,15916,A13,B21,C31,PCS,466,1.87,C,C07,1.358577,871.42,1183.89
43187,L16,15916,A13,B21,C31,PCS,684,1.87,C,C07,1.358577,1279.08,1737.73
43187,L16,15916,A13,B21,C31,PCS,92,1.87,C,C07,1.358577,172.04,233.73
43187,L16,15916,A13,B21,C31,PCS,650,1.87,C,C07,1.358577,1215.5,1651.35
43187,L16,15916,A13,B21,C31,PCS,99,1.87,C,C07,1.358577,185.13,251.51
43187,L16,15916,A13,B21,C31,PCS,287,1.87,C,C07,1.358577,536.69,729.13
43187,L16,15916,A13,B21,C31,PCS,167,1.87,C,C07,1.358577,312.29,424.27
43187,L16,15916,A13,B21,C31,PCS,243,1.87,C,C07,1.358577,454.41,617.35
43187,L16,15916,A13,B21,C31,PCS,606,1.87,C,C07,1.358577,1133.22,1539.57
43187,L16,15916,A13,B21,C31,PCS,880,1.87,C,C07,1.358577,1645.6,2235.67
43164,L16,16115,A19,B24,C35,PCS,563,9.73,C,C04,5.388146,5477.99,29516.21
43164,L16,16115,A19,B24,C35,PCS,511,9.73,C,C04,5.388146,4972.03,26790.02
43164,L16,16115,A19,B24,C35,PCS,202,9.73,C,C04,5.388146,1965.46,10590.19
43164,L16,16115,A19,B24,C35,PCS,768,9.73,C,C04,5.388146,7472.64,40263.68
43164,L16,16115,A19,B24,C35,PCS,728,9.73,C,C04,5.388146,7083.44,38166.61
43164,L16,16115,A19,B24,C35,PCS,180,9.73,C,C04,5.388146,1751.4,9436.8
43164,L16,16115,A19,B24,C35,PCS,301,9.73,C,C04,5.388146,2928.73,15780.42
43164,L16,16115,A19,B24,C35,PCS,788,9.73,C,C04,5.388146,7667.24,41312.21
43164,L16,16115,A19,B24,C35,PCS,691,9.73,C,C04,5.388146,6723.43,36226.82
43164,L16,16115,A19,B24,C35,PCS,62,9.73,C,C04,5.388146,603.26,3250.45
43188,L16,16131,A17,B28,C35,PCS,720,5.55,D,C04,5.388146,3996,21531.03
43188,L16,16131,A17,B28,C35,PCS,153,5.55,D,C04,5.388146,849.15,4575.34
43188,L16,16131,A17,B28,C35,PCS,457,5.55,D,C04,5.388146,2536.35,13666.22
43188,L16,16131,A17,B28,C35,PCS,739,5.55,D,C04,5.388146,4101.45,22099.21
43188,L16,16131,A17,B28,C35,PCS,194,5.55,D,C04,5.388146,1076.7,5801.42
43188,L16,16131,A17,B28,C35,PCS,664,5.55,D,C04,5.388146,3685.2,19856.4
43188,L16,16131,A17,B28,C35,PCS,599,5.55,D,C04,5.388146,3324.45,17912.62
43188,L16,16131,A17,B28,C35,PCS,950,5.55,D,C04,5.388146,5272.5,28409
43188,L16,16131,A17,B28,C35,PCS,67,5.55,D,C04,5.388146,371.85,2003.58
43188,L16,16131,A17,B28,C35,PCS,748,5.55,D,C04,5.388146,4151.4,22368.35
43161,L16,16149,A13,B26,C33,PCS,661,1.07,D,C01,6.825646,707.27,4827.57
43161,L16,16149,A13,B26,C33,PCS,462,1.07,D,C01,6.825646,494.34,3374.19
43161,L16,16149,A13,B26,C33,PCS,367,1.07,D,C01,6.825646,392.69,2680.36
43161,L16,16149,A13,B26,C33,PCS,597,1.07,D,C01,6.825646,638.79,4360.15
43161,L16,16149,A13,B26,C33,PCS,347,1.07,D,C01,6.825646,371.29,2534.29
43161,L16,16149,A13,B26,C33,PCS,470,1.07,D,C01,6.825646,502.9,3432.62
43161,L16,16149,A13,B26,C33,PCS,969,1.07,D,C01,6.825646,1036.83,7077.03
43161,L16,16149,A13,B26,C33,PCS,676,1.07,D,C01,6.825646,723.32,4937.13
43161,L16,16149,A13,B26,C33,PCS,606,1.07,D,C01,6.825646,648.42,4425.89
43161,L16,16149,A13,B26,C33,PCS,457,1.07,D,C01,6.825646,488.99,3337.67
43179,L16,16157,A15,B24,C39,PCS,380,6.95,D,C01,6.825646,2641,18026.53
43179,L16,16157,A15,B24,C39,PCS,642,6.95,D,C01,6.825646,4461.9,30455.35
43179,L16,16157,A15,B24,C39,PCS,672,6.95,D,C01,6.825646,4670.4,31878.5
43179,L16,16157,A15,B24,C39,PCS,812,6.95,D,C01,6.825646,5643.4,38519.85
43179,L16,16157,A15,B24,C39,PCS,601,6.95,D,C01,6.825646,4176.95,28510.38
43179,L16,16157,A15,B24,C39,PCS,782,6.95,D,C01,6.825646,5434.9,37096.7
43179,L16,16157,A15,B24,C39,PCS,68,6.95,D,C01,6.825646,472.6,3225.8
43179,L16,16157,A15,B24,C39,PCS,863,6.95,D,C01,6.825646,5997.85,40939.2
43179,L16,16157,A15,B24,C39,PCS,767,6.95,D,C01,6.825646,5330.65,36385.13
43179,L16,16157,A15,B24,C39,PCS,746,6.95,D,C01,6.825646,5184.7,35388.93
43185,L16,16224,A14,B26,C40,PCS,17,8.56,D,C05,3.40242,145.52,495.12
43185,L16,16224,A14,B26,C40,PCS,255,8.56,D,C05,3.40242,2182.8,7426.8
43185,L16,16224,A14,B26,C40,PCS,593,8.56,D,C05,3.40242,5076.08,17270.96
43185,L16,16224,A14,B26,C40,PCS,744,8.56,D,C05,3.40242,6368.64,21668.79
43185,L16,16224,A14,B26,C40,PCS,251,8.56,D,C05,3.40242,2148.56,7310.3
43185,L16,16224,A14,B26,C40,PCS,882,8.56,D,C05,3.40242,7549.92,25688
43185,L16,16224,A14,B26,C40,PCS,323,8.56,D,C05,3.40242,2764.88,9407.28
43185,L16,16224,A14,B26,C40,PCS,136,8.56,D,C05,3.40242,1164.16,3960.96
43185,L16,16224,A14,B26,C40,PCS,397,8.56,D,C05,3.40242,3398.32,11562.51
43185,L16,16224,A14,B26,C40,PCS,150,8.56,D,C05,3.40242,1284,4368.71
43185,L16,16227,A15,B27,C40,PCS,302,9.31,D,C01,6.825646,2811.62,19191.12
43185,L16,16227,A15,B27,C40,PCS,678,9.31,D,C01,6.825646,6312.18,43084.71
43185,L16,16227,A15,B27,C40,PCS,780,9.31,D,C01,6.825646,7261.8,49566.48
43185,L16,16227,A15,B27,C40,PCS,223,9.31,D,C01,6.825646,2076.13,14170.93
43185,L16,16227,A15,B27,C40,PCS,637,9.31,D,C01,6.825646,5930.47,40479.29
43185,L16,16227,A15,B27,C40,PCS,244,9.31,D,C01,6.825646,2271.64,15505.41
43185,L16,16227,A15,B27,C40,PCS,847,9.31,D,C01,6.825646,7885.57,53824.11
43185,L16,16227,A15,B27,C40,PCS,841,9.31,D,C01,6.825646,7829.71,53442.83
43185,L16,16227,A15,B27,C40,PCS,41,9.31,D,C01,6.825646,381.71,2605.42
43185,L16,16227,A15,B27,C40,PCS,375,9.31,D,C01,6.825646,3491.25,23830.04
43185,L16,16283,A19,B30,C35,PCS,138,3.51,C,C04,5.388146,484.38,2609.91
43185,L16,16283,A19,B30,C35,PCS,794,3.51,C,C04,5.388146,2786.94,15016.44
43185,L16,16283,A19,B30,C35,PCS,415,3.51,C,C04,5.388146,1456.65,7848.64
43185,L16,16283,A19,B30,C35,PCS,497,3.51,C,C04,5.388146,1744.47,9399.46
43185,L16,16283,A19,B30,C35,PCS,923,3.51,C,C04,5.388146,3239.73,17456.14
43185,L16,16283,A19,B30,C35,PCS,443,3.51,C,C04,5.388146,1554.93,8378.19
43185,L16,16283,A19,B30,C35,PCS,262,3.51,C,C04,5.388146,919.62,4955.05
43185,L16,16283,A19,B30,C35,PCS,135,3.51,C,C04,5.388146,473.85,2553.17
43185,L16,16283,A19,B30,C35,PCS,618,3.51,C,C04,5.388146,2169.18,11687.86
43185,L16,16283,A19,B30,C35,PCS,398,3.51,C,C04,5.388146,1396.98,7527.13
43173,L16,16380,A17,B30,C30,PCS,858,1.89,D,C06,3.547054,1621.62,5751.97
43173,L16,16380,A17,B30,C30,PCS,438,1.89,D,C06,3.547054,827.82,2936.32
43173,L16,16380,A17,B30,C30,PCS,308,1.89,D,C06,3.547054,582.12,2064.81
43173,L16,16380,A17,B30,C30,PCS,791,1.89,D,C06,3.547054,1494.99,5302.81
43173,L16,16380,A17,B30,C30,PCS,394,1.89,D,C06,3.547054,744.66,2641.35
