Date,Ledger,Account,PartNo,Project,Contact,Unit Code,Quantity,Unit Price,D/C,Currency,Exchange Rate,Original Amount,Base Amount
43156,L27,14823,A16,B28,C38,PCS,561,9.91,D,C07,1.358577,5559.51,7553.02
43156,L27,14823,A16,B28,C38,PCS,765,9.91,D,C07,1.358577,7581.15,10299.58
43156,L27,14823,A16,B28,C38,PCS,551,9.91,D,C07,1.358577,5460.41,7418.39
43156,L27,14823,A16,B28,C38,PCS,193,9.91,D,C07,1.358577,1912.63,2598.46
43156,L27,14823,A16,B28,C38,PCS,811,9.91,D,C07,1.358577,8037.01,10918.9
43156,L27,14823,A16,B28,C38,PCS,123,9.91,D,C07,1.358577,1218.93,1656.01
43140,L27,14841,A14,B28,C38,PCS,188,4.17,D,C04,5.388146,783.96,4224.09
43140,L27,14841,A14,B28,C38,PCS,256,4.17,D,C04,5.388146,1067.52,5751.95
43140,L27,14841,A14,B28,C38,PCS,895,4.17,D,C04,5.388146,3732.15,20109.37
43140,L27,14841,A14,B28,C38,PCS,311,4.17,D,C04,5.388146,1296.87,6987.72
43140,L27,14841,A14,B28,C38,PCS,646,4.17,D,C04,5.388146,2693.82,14514.7
43140,L27,14841,A14,B28,C38,PCS,505,4.17,D,C04,5.388146,2105.85,11346.63
43140,L27,14841,A14,B28,C38,PCS,542,4.17,D,C04,5.388146,2260.14,12177.96
43140,L27,14841,A14,B28,C38,PCS,467,4.17,D,C04,5.388146,1947.39,10492.82
43140,L27,14841,A14,B28,C38,PCS,232,4.17,D,C04,5.388146,967.44,5212.71
43140,L27,14841,A14,B28,C38,PCS,151,4.17,D,C04,5.388146,629.67,3392.75
43151,L27,14935,A17,B23,C36,PCS,821,6.58,D,C03,7.133317,5402.18,38535.46
43151,L27,14935,A17,B23,C36,PCS,257,6.58,D,C03,7.133317,1691.06,12062.87
43151,L27,14935,A17,B23,C36,PCS,257,6.58,D,C03,7.133317,1691.06,12062.87
43151,L27,14935,A17,B23,C36,PCS,238,6.58,D,C03,7.133317,1566.04,11171.06
43151,L27,14935,A17,B23,C36,PCS,491,6.58,D,C03,7.133317,3230.78,23046.18
43151,L27,14935,A17,B23,C36,PCS,724,6.58,D,C03,7.133317,4763.92,33982.55
43151,L27,14935,A17,B23,C36,PCS,356,6.58,D,C03,7.133317,2342.48,16709.65
43151,L27,14935,A17,B23,C36,PCS,883,6.58,D,C03,7.133317,5810.14,41445.57
43151,L27,14935,A17,B23,C36,PCS,122,6.58,D,C03,7.133317,802.76,5726.34
43151,L27,14935,A17,B23,C36,PCS,380,6.58,D,C03,7.133317,2500.4,17836.15
43154,L27,15007,A17,B25,C38,PCS,387,5.09,C,C07,1.358577,1969.83,2676.17
43154,L27,15007,A17,B25,C38,PCS,269,5.09,C,C07,1.358577,1369.21,1860.18
43154,L27,15007,A17,B25,C38,PCS,348,5.09,C,C07,1.358577,1771.32,2406.47
43154,L27,15007,A17,B25,C38,PCS,521,5.09,C,C07,1.358577,2651.89,3602.8
43154,L27,15007,A17,B25,C38,PCS,914,5.09,C,C07,1.358577,4652.26,6320.45
43154,L27,15007,A17,B25,C38,PCS,276,5.09,C,C07,1.358577,1404.84,1908.58
43154,L27,15007,A17,B25,C38,PCS,922,5.09,C,C07,1.358577,4692.98,6375.77
43154,L27,15007,A17,B25,C38,PCS,959,5.09,C,C07,1.358577,4881.31,6631.64
43154,L27,15007,A17,B25,C38,PCS,814,5.09,C,C07,1.358577,4143.26,5628.94
43154,L27,15007,A17,B25,C38,PCS,627,5.09,C,C07,1.358577,3191.43,4335.8
43146,L27,15069,A16,B26,C35,PCS,569,6.28,C,C09,1.199464,3573.32,4286.07
43146,L27,15069,A16,B26,C35,PCS,135,6.28,C,C09,1.199464,847.8,1016.91
43146,L27,15069,A16,B26,C35,PCS,670,6.28,C,C09,1.199464,4207.6,5046.86
43146,L27,15069,A16,B26,C35,PCS,725,6.28,C,C09,1.199464,4553,5461.16
43146,L27,15069,A16,B26,C35,PCS,827,6.28,C,C09,1.199464,5193.56,6229.49
43146,L27,15069,A16,B26,C35,PCS,824,6.28,C,C09,1.199464,5174.72,6206.89
43146,L27,15069,A16,B26,C35,PCS,603,6.28,C,C09,1.199464,3786.84,4542.18
43146,L27,15069,A16,B26,C35,PCS,367,6.28,C,C09,1.199464,2304.76,2764.48
43146,L27,15069,A16,B26,C35,PCS,152,6.28,C,C09,1.199464,954.56,1144.96
43146,L27,15069,A16,B26,C35,PCS,990,6.28,C,C09,1.199464,6217.2,7457.31
43152,L27,15071,A17,B29,C39,PCS,64,8.46,C,C01,6.825646,541.44,3695.68
43152,L27,15071,A17,B29,C39,PCS,640,8.46,C,C01,6.825646,5414.4,36956.78
43152,L27,15071,A17,B29,C39,PCS,958,8.46,C,C01,6.825646,8104.68,55319.68
43152,L27,15071,A17,B29,C39,PCS,990,8.46,C,C01,6.825646,8375.4,57167.52
43152,L27,15071,A17,B29,C39,PCS,577,8.46,C,C01,6.825646,4881.42,33318.84
43152,L27,15071,A17,B29,C39,PCS,629,8.46,C,C01,6.825646,5321.34,36321.58
43152,L27,15071,A17,B29,C39,PCS,79,8.46,C,C01,6.825646,668.34,4561.85
43152,L27,15071,A17,B29,C39,PCS,714,8.46,C,C01,6.825646,6040.44,41229.91
43152,L27,15071,A17,B29,C39,PCS,194,8.46,C,C01,6.825646,1641.24,11202.52
43152,L27,15071,A17,B29,C39,PCS,541,8.46,C,C01,6.825646,4576.86,31240.03
43154,L27,15152,A20,B22,C37,PCS,265,6.44,D,C05,3.40242,1706.6,5806.57
43154,L27,15152,A20,B22,C37,PCS,759,6.44,D,C05,3.40242,4887.96,16630.89
43154,L27,15152,A20,B22,C37,PCS,160,6.44,D,C05,3.40242,1030.4,3505.85
43154,L27,15152,A20,B22,C37,PCS,426,6.44,D,C05,3.40242,2743.44,9334.34
43154,L27,15152,A20,B22,C37,PCS,243,6.44,D,C05,3.40242,1564.92,5324.52
43154,L27,15152,A20,B22,C37,PCS,389,6.44,D,C05,3.40242,2505.16,8523.61
43154,L27,15152,A20,B22,C37,PCS,311,6.44,D,C05,3.40242,2002.84,6814.5
43154,L27,15152,A20,B22,C37,PCS,427,6.44,D,C05,3.40242,2749.88,9356.25
43154,L27,15152,A20,B22,C37,PCS,710,6.44,D,C05,3.40242,4572.4,15557.23
43154,L27,15152,A20,B22,C37,PCS,963,6.44,D,C05,3.40242,6201.72,21100.86
43146,L27,15356,A13,B22,C33,PCS,433,6.28,C,C09,1.199464,2719.24,3261.63
43146,L27,15356,A13,B22,C33,PCS,196,6.28,C,C09,1.199464,1230.88,1476.4
43146,L27,15356,A13,B22,C33,PCS,838,6.28,C,C09,1.199464,5262.64,6312.35
43146,L27,15356,A13,B22,C33,PCS,364,6.28,C,C09,1.199464,2285.92,2741.88
43146,L27,15356,A13,B22,C33,PCS,944,6.28,C,C09,1.199464,5928.32,7110.81
43146,L27,15356,A13,B22,C33,PCS,204,6.28,C,C09,1.199464,1281.12,1536.66
43146,L27,15356,A13,B22,C33,PCS,701,6.28,C,C09,1.199464,4402.28,5280.38
43146,L27,15356,A13,B22,C33,PCS,534,6.28,C,C09,1.199464,3353.52,4022.43
43146,L27,15356,A13,B22,C33,PCS,843,6.28,C,C09,1.199464,5294.04,6350.01
43146,L27,15356,A13,B22,C33,PCS,342,6.28,C,C09,1.199464,2147.76,2576.16
43150,L27,15385,A20,B26,C40,PCS,981,5.33,C,C01,6.825646,5228.73,35689.46
43150,L27,15385,A20,B26,C40,PCS,494,5.33,C,C01,6.825646,2633.02,17972.06
43150,L27,15385,A20,B26,C40,PCS,855,5.33,C,C01,6.825646,4557.15,31105.49
43150,L27,15385,A20,B26,C40,PCS,172,5.33,C,C01,6.825646,916.76,6257.48
43150,L27,15385,A20,B26,C40,PCS,851,5.33,C,C01,6.825646,4535.83,30959.97
43150,L27,15385,A20,B26,C40,PCS,418,5.33,C,C01,6.825646,2227.94,15207.13
43150,L27,15385,A20,B26,C40,PCS,511,5.33,C,C01,6.825646,2723.63,18590.53
43150,L27,15385,A20,B26,C40,PCS,706,5.33,C,C01,6.825646,3762.98,25684.77
43150,L27,15385,A20,B26,C40,PCS,371,5.33,C,C01,6.825646,1977.43,13497.24
43150,L27,15385,A20,B26,C40,PCS,518,5.33,C,C01,6.825646,2760.94,18845.2
43158,L27,15388,A13,B24,C38,PCS,141,4,C,C06,3.547054,564,2000.54
43158,L27,15388,A13,B24,C38,PCS,701,4,C,C06,3.547054,2804,9945.94
43158,L27,15388,A13,B24,C38,PCS,169,4,C,C06,3.547054,676,2397.81
43158,L27,15388,A13,B24,C38,PCS,252,4,C,C06,3.547054,1008,3575.43
43158,L27,15388,A13,B24,C38,PCS,717,4,C,C06,3.547054,2868,10172.95
43158,L27,15388,A13,B24,C38,PCS,189,4,C,C06,3.547054,756,2681.57
43158,L27,15388,A13,B24,C38,PCS,477,4,C,C06,3.547054,1908,6767.78
43158,L27,15388,A13,B24,C38,PCS,705,4,C,C06,3.547054,2820,10002.69
43158,L27,15388,A13,B24,C38,PCS,779,4,C,C06,3.547054,3116,11052.62
43158,L27,15388,A13,B24,C38,PCS,508,4,C,C06,3.547054,2032,7207.61
43139,L27,15577,A19,B24,C30,PCS,26,2.04,C,C05,3.40242,53.04,180.46
43139,L27,15577,A19,B24,C30,PCS,922,2.04,C,C05,3.40242,1880.88,6399.54
43139,L27,15577,A19,B24,C30,PCS,322,2.04,C,C05,3.40242,656.88,2234.98
43139,L27,15577,A19,B24,C30,PCS,922,2.04,C,C05,3.40242,1880.88,6399.54
43139,L27,15577,A19,B24,C30,PCS,287,2.04,C,C05,3.40242,585.48,1992.05
43139,L27,15577,A19,B24,C30,PCS,993,2.04,C,C05,3.40242,2025.72,6892.35
43139,L27,15577,A19,B24,C30,PCS,522,2.04,C,C05,3.40242,1064.88,3623.17
43139,L27,15577,A19,B24,C30,PCS,463,2.04,C,C05,3.40242,944.52,3213.65
43139,L27,15577,A19,B24,C30,PCS,640,2.04,C,C05,3.40242,1305.6,4442.2
43139,L27,15577,A19,B24,C30,PCS,980,2.04,C,C05,3.40242,1999.2,6802.12
43132,L27,15599,A11,B28,C36,PCS,268,8.11,C,C05,3.40242,2173.48,7395.09
43132,L27,15599,A11,B28,C36,PCS,360,8.11,C,C05,3.40242,2919.6,9933.71
43132,L27,15599,A11,B28,C36,PCS,987,8.11,C,C05,3.40242,8004.57,27234.91
43132,L27,15599,A11,B28,C36,PCS,480,8.11,C,C05,3.40242,3892.8,13244.94
43132,L27,15599,A11,B28,C36,PCS,210,8.11,C,C05,3.40242,1703.1,5794.66
43132,L27,15599,A11,B28,C36,PCS,892,8.11,C,C05,3.40242,7234.12,24613.51
43132,L27,15599,A11,B28,C36,PCS,69,8.11,C,C05,3.40242,559.59,1903.96
43132,L27,15599,A11,B28,C36,PCS,91,8.11,C,C05,3.40242,738.01,2511.02
43132,L27,15599,A11,B28,C36,PCS,366,8.11,C,C05,3.40242,2968.26,10099.27
43132,L27,15599,A11,B28,C36,PCS,489,8.11,C,C05,3.40242,3965.79,13493.28
43133,L27,15620,A19,B22,C34,PCS,918,4.89,C,C03,7.133317,4489.02,32021.6
43133,L27,15620,A19,B22,C34,PCS,325,4.89,C,C03,7.133317,1589.25,11336.62
43133,L27,15620,A19,B22,C34,PCS,227,4.89,C,C03,7.133317,1110.03,7918.2
43133,L27,15620,A19,B22,C34,PCS,209,4.89,C,C03,7.133317,1022.01,7290.32
43133,L27,15620,A19,B22,C34,PCS,85,4.89,C,C03,7.133317,415.65,2964.96
43133,L27,15620,A19,B22,C34,PCS,267,4.89,C,C03,7.133317,1305.63,9313.47
43133,L27,15620,A19,B22,C34,PCS,206,4.89,C,C03,7.133317,1007.34,7185.68
43133,L27,15620,A19,B22,C34,PCS,722,4.89,C,C03,7.133317,3530.58,25184.75
43133,L27,15620,A19,B22,C34,PCS,958,4.89,C,C03,7.133317,4684.62,33416.88
43133,L27,15620,A19,B22,C34,PCS,434,4.89,C,C03,7.133317,2122.26,15138.75
43156,L27,15654,A16,B24,C38,PCS,962,9.91,C,C07,1.358577,9533.42,12951.89
43156,L27,15654,A16,B24,C38,PCS,486,9.91,C,C07,1.358577,4816.26,6543.26
43156,L27,15654,A16,B24,C38,PCS,424,9.91,C,C07,1.358577,4201.84,5708.52
43156,L27,15654,A16,B24,C38,PCS,496,9.91,C,C07,1.358577,4915.36,6677.9
43156,L27,15654,A16,B24,C38,PCS,106,9.91,C,C07,1.358577,1050.46,1427.13
43156,L27,15654,A16,B24,C38,PCS,934,9.91,C,C07,1.358577,9255.94,12574.91
43156,L27,15654,A16,B24,C38,PCS,372,9.91,C,C07,1.358577,3686.52,5008.42
43156,L27,15654,A16,B24,C38,PCS,770,9.91,C,C07,1.358577,7630.7,10366.89
43156,L27,15654,A16,B24,C38,PCS,191,9.91,C,C07,1.358577,1892.81,2571.53
43156,L27,15654,A16,B24,C38,PCS,710,9.91,C,C07,1.358577,7036.1,9559.08
43147,L27,15657,A14,B21,C38,PCS,96,2.51,D,C06,3.547054,240.96,854.7
43147,L27,15657,A14,B21,C38,PCS,383,2.51,D,C06,3.547054,961.33,3409.89
43147,L27,15657,A14,B21,C38,PCS,687,2.51,D,C06,3.547054,1724.37,6116.43
43147,L27,15657,A14,B21,C38,PCS,546,2.51,D,C06,3.547054,1370.46,4861.1
43147,L27,15657,A14,B21,C38,PCS,153,2.51,D,C06,3.547054,384.03,1362.18
43147,L27,15657,A14,B21,C38,PCS,401,2.51,D,C06,3.547054,1006.51,3570.15
43147,L27,15657,A14,B21,C38,PCS,665,2.51,D,C06,3.547054,1669.15,5920.57
43147,L27,15657,A14,B21,C38,PCS,413,2.51,D,C06,3.547054,1036.63,3676.98
43147,L27,15657,A14,B21,C38,PCS,863,2.51,D,C06,3.547054,2166.13,7683.38
43147,L27,15657,A14,B21,C38,PCS,801,2.51,D,C06,3.547054,2010.51,7131.39
43149,L27,15710,A20,B22,C39,PCS,251,7.55,C,C10,8.657656,1895.05,16406.69
43149,L27,15710,A20,B22,C39,PCS,178,7.55,C,C10,8.657656,1343.9,11635.02
43149,L27,15710,A20,B22,C39,PCS,658,7.55,C,C10,8.657656,4967.9,43010.37
43149,L27,15710,A20,B22,C39,PCS,540,7.55,C,C10,8.657656,4077,35297.26
43149,L27,15710,A20,B22,C39,PCS,527,7.55,C,C10,8.657656,3978.85,34447.51
43149,L27,15710,A20,B22,C39,PCS,681,7.55,C,C10,8.657656,5141.55,44513.77
43149,L27,15710,A20,B22,C39,PCS,798,7.55,C,C10,8.657656,6024.9,52161.51
43149,L27,15710,A20,B22,C39,PCS,856,7.55,C,C10,8.657656,6462.8,55952.7
43149,L27,15710,A20,B22,C39,PCS,984,7.55,C,C10,8.657656,7429.2,64319.46
43149,L27,15710,A20,B22,C39,PCS,103,7.55,C,C10,8.657656,777.65,6732.63
43151,L27,15856,A10,B20,C32,PCS,974,5.35,D,C02,9.912483,5210.9,51652.96
43151,L27,15856,A10,B20,C32,PCS,632,5.35,D,C02,9.912483,3381.2,33516.09
43151,L27,15856,A10,B20,C32,PCS,27,5.35,D,C02,9.912483,144.45,1431.86
43151,L27,15856,A10,B20,C32,PCS,683,5.35,D,C02,9.912483,3654.05,36220.71
43151,L27,15856,A10,B20,C32,PCS,848,5.35,D,C02,9.912483,4536.8,44970.95
43151,L27,15856,A10,B20,C32,PCS,72,5.35,D,C02,9.912483,385.2,3818.29
43151,L27,15856,A10,B20,C32,PCS,979,5.35,D,C02,9.912483,5237.65,51918.12
43151,L27,15856,A10,B20,C32,PCS,68,5.35,D,C02,9.912483,363.8,3606.16
43151,L27,15856,A10,B20,C32,PCS,677,5.35,D,C02,9.912483,3621.95,35902.52
43151,L27,15856,A10,B20,C32,PCS,129,5.35,D,C02,9.912483,690.15,6841.1
43138,L27,15889,A20,B22,C37,PCS,91,7.91,C,C08,1.496196,719.81,1076.98
43138,L27,15889,A20,B22,C37,PCS,545,7.91,C,C08,1.496196,4310.95,6450.03
43138,L27,15889,A20,B22,C37,PCS,438,7.91,C,C08,1.496196,3464.58,5183.69
43138,L27,15889,A20,B22,C37,PCS,613,7.91,C,C08,1.496196,4848.83,7254.8
43138,L27,15889,A20,B22,C37,PCS,362,7.91,C,C08,1.496196,2863.42,4284.24
43138,L27,15889,A20,B22,C37,PCS,539,7.91,C,C08,1.496196,4263.49,6379.02
43138,L27,15889,A20,B22,C37,PCS,478,7.91,C,C08,1.496196,3780.98,5657.09
43138,L27,15889,A20,B22,C37,PCS,650,7.91,C,C08,1.496196,5141.5,7692.69
43138,L27,15889,A20,B22,C37,PCS,116,7.91,C,C08,1.496196,917.56,1372.85
43138,L27,15889,A20,B22,C37,PCS,759,7.91,C,C08,1.496196,6003.69,8982.7
43151,L27,16274,A16,B28,C30,PCS,111,6.58,C,C03,7.133317,730.38,5210.03
43151,L27,16274,A16,B28,C30,PCS,219,6.58,C,C03,7.133317,1441.02,10279.25
43151,L27,16274,A16,B28,C30,PCS,324,6.58,C,C03,7.133317,2131.92,15207.66
43151,L27,16274,A16,B28,C30,PCS,687,6.58,C,C03,7.133317,4520.46,32245.87
43151,L27,16274,A16,B28,C30,PCS,25,6.58,C,C03,7.133317,164.5,1173.43
43151,L27,16274,A16,B28,C30,PCS,543,6.58,C,C03,7.133317,3572.94,25486.91
43151,L27,16274,A16,B28,C30,PCS,299,6.58,C,C03,7.133317,1967.42,14034.23
43151,L27,16274,A16,B28,C30,PCS,871,6.58,C,C03,7.133317,5731.18,40882.32
43151,L27,16274,A16,B28,C30,PCS,302,6.58,C,C03,7.133317,1987.16,14175.04
43151,L27,16274,A16,B28,C30,PCS,929,6.58,C,C03,7.133317,6112.82,43604.68
43139,L27,16400,A11,B28,C31,PCS,374,2.04,D,C05,3.40242,762.96,2595.91
43139,L27,16400,A11,B28,C31,PCS,39,2.04,D,C05,3.40242,79.56,270.7
43139,L27,16400,A11,B28,C31,PCS,843,2.04,D,C05,3.40242,1719.72,5851.21
43139,L27,16400,A11,B28,C31,PCS,147,2.04,D,C05,3.40242,299.88,1020.32
43139,L27,16400,A11,B28,C31,PCS,109,2.04,D,C05,3.40242,222.36,756.56
43139,L27,16400,A11,B28,C31,PCS,523,2.04,D,C05,3.40242,1066.92,3630.11
43139,L27,16400,A11,B28,C31,PCS,639,2.04,D,C05,3.40242,1303.56,4435.26
43139,L27,16400,A11,B28,C31,PCS,975,2.04,D,C05,3.40242,1989,6767.41
43139,L27,16400,A11,B28,C31,PCS,244,2.04,D,C05,3.40242,497.76,1693.59
43139,L27,16400,A11,B28,C31,PCS,815,2.04,D,C05,3.40242,1662.6,5656.86
43133,L27,16676,A10,B29,C36,PCS,508,4.89,C,C03,7.133317,2484.12,17720.02
43133,L27,16676,A10,B29,C36,PCS,463,4.89,C,C03,7.133317,2264.07,16150.33
43133,L27,16676,A10,B29,C36,PCS,921,4.89,C,C03,7.133317,4503.69,32126.25
43133,L27,16676,A10,B29,C36,PCS,414,4.89,C,C03,7.133317,2024.46,14441.11
43133,L27,16676,A10,B29,C36,PCS,542,4.89,C,C03,7.133317,2650.38,18906
43133,L27,16676,A10,B29,C36,PCS,140,4.89,C,C03,7.133317,684.6,4883.47
43133,L27,16676,A10,B29,C36,PCS,206,4.89,C,C03,7.133317,1007.34,7185.68
43133,L27,16676,A10,B29,C36,PCS,871,4.89,C,C03,7.133317,4259.19,30382.15
43133,L27,16676,A10,B29,C36,PCS,651,4.89,C,C03,7.133317,3183.39,22708.13
43133,L27,16676,A10,B29,C36,PCS,274,4.89,C,C03,7.133317,1339.86,9557.65
43148,L27,16731,A10,B30,C37,PCS,140,6.81,D,C01,6.825646,953.4,6507.57
43148,L27,16731,A10,B30,C37,PCS,113,6.81,D,C01,6.825646,769.53,5252.54
43148,L27,16731,A10,B30,C37,PCS,543,6.81,D,C01,6.825646,3697.83,25240.08
43148,L27,16731,A10,B30,C37,PCS,636,6.81,D,C01,6.825646,4331.16,29562.96
43148,L27,16731,A10,B30,C37,PCS,929,6.81,D,C01,6.825646,6326.49,43182.38
43148,L27,16731,A10,B30,C37,PCS,475,6.81,D,C01,6.825646,3234.75,22079.26
43148,L27,16731,A10,B30,C37,PCS,332,6.81,D,C01,6.825646,2260.92,15432.24
43148,L27,16731,A10,B30,C37,PCS,36,6.81,D,C01,6.825646,245.16,1673.38
43148,L27,16731,A10,B30,C37,PCS,388,6.81,D,C01,6.825646,2642.28,18035.27
43148,L27,16731,A10,B30,C37,PCS,908,6.81,D,C01,6.825646,6183.48,42206.25
43152,L27,16933,A10,B25,C31,PCS,994,8.46,C,C01,6.825646,8409.24,57398.5
43152,L27,16933,A10,B25,C31,PCS,574,8.46,C,C01,6.825646,4856.04,33145.61
43152,L27,16933,A10,B25,C31,PCS,7,8.46,C,C01,6.825646,59.22,404.21
43152,L27,16933,A10,B25,C31,PCS,399,8.46,C,C01,6.825646,3375.54,23040.24
43152,L27,16933,A10,B25,C31,PCS,147,8.46,C,C01,6.825646,1243.62,8488.51
43152,L27,16933,A10,B25,C31,PCS,496,8.46,C,C01,6.825646,4196.16,28641.5
43152,L27,16933,A10,B25,C31,PCS,918,8.46,C,C01,6.825646,7766.28,53009.88
43152,L27,16933,A10,B25,C31,PCS,830,8.46,C,C01,6.825646,7021.8,47928.32
43152,L27,16933,A10,B25,C31,PCS,403,8.46,C,C01,6.825646,3409.38,23271.22
43152,L27,16933,A10,B25,C31,PCS,696,8.46,C,C01,6.825646,5888.16,40190.5
43132,L27,16999,A19,B29,C32,PCS,403,8.11,C,C05,3.40242,3268.33,11120.23
43132,L27,16999,A19,B29,C32,PCS,56,8.11,C,C05,3.40242,454.16,1545.24
43132,L27,16999,A19,B29,C32,PCS,471,8.11,C,C05,3.40242,3819.81,12996.6
43132,L27,16999,A19,B29,C32,PCS,286,8.11,C,C05,3.40242,2319.46,7891.78
43132,L27,16999,A19,B29,C32,PCS,66,8.11,C,C05,3.40242,535.26,1821.18
43132,L27,16999,A19,B29,C32,PCS,31,8.11,C,C05,3.40242,251.41,855.4
43132,L27,16999,A19,B29,C32,PCS,365,8.11,C,C05,3.40242,2960.15,10071.67
43132,L27,16999,A19,B29,C32,PCS,863,8.11,C,C05,3.40242,6998.93,23813.3
43132,L27,16999,A19,B29,C32,PCS,848,8.11,C,C05,3.40242,6877.28,23399.4
43132,L27,16999,A19,B29,C32,PCS,466,8.11,C,C05,3.40242,3779.26,12858.63
43145,L27,17017,A18,B23,C38,PCS,738,8.43,C,C01,6.825646,6221.34,42464.66
43145,L27,17017,A18,B23,C38,PCS,815,8.43,C,C01,6.825646,6870.45,46895.26
43145,L27,17017,A18,B23,C38,PCS,212,8.43,C,C01,6.825646,1787.16,12198.52
43145,L27,17017,A18,B23,C38,PCS,448,8.43,C,C01,6.825646,3776.64,25778.01
43145,L27,17017,A18,B23,C38,PCS,491,8.43,C,C01,6.825646,4139.13,28252.24
43145,L27,17017,A18,B23,C38,PCS,834,8.43,C,C01,6.825646,7030.62,47988.52
43145,L27,17017,A18,B23,C38,PCS,957,8.43,C,C01,6.825646,8067.51,55065.97
43145,L27,17017,A18,B23,C38,PCS,105,8.43,C,C01,6.825646,885.15,6041.72
43145,L27,17017,A18,B23,C38,PCS,416,8.43,C,C01,6.825646,3506.88,23936.72
43145,L27,17017,A18,B23,C38,PCS,374,8.43,C,C01,6.825646,3152.82,21520.03
43139,L27,17071,A16,B30,C30,PCS,746,2.88,D,C01,6.825646,2148.48,14664.76
43139,L27,17071,A16,B30,C30,PCS,744,2.88,D,C01,6.825646,2142.72,14625.45
43139,L27,17071,A16,B30,C30,PCS,360,2.88,D,C01,6.825646,1036.8,7076.83
43139,L27,17071,A16,B30,C30,PCS,254,2.88,D,C01,6.825646,731.52,4993.1
43139,L27,17071,A16,B30,C30,PCS,871,2.88,D,C01,6.825646,2508.48,17122
43139,L27,17071,A16,B30,C30,PCS,403,2.88,D,C01,6.825646,1160.64,7922.12
43139,L27,17071,A16,B30,C30,PCS,615,2.88,D,C01,6.825646,1771.2,12089.58
43139,L27,17071,A16,B30,C30,PCS,393,2.88,D,C01,6.825646,1131.84,7725.54
43139,L27,17071,A16,B30,C30,PCS,324,2.88,D,C01,6.825646,933.12,6369.15
43139,L27,17071,A16,B30,C30,PCS,422,2.88,D,C01,6.825646,1215.36,8295.62
43152,L27,17113,A19,B27,C36,PCS,963,8.22,C,C05,3.40242,7915.86,26933.08
43152,L27,17113,A19,B27,C36,PCS,430,8.22,C,C05,3.40242,3534.6,12026.19
43152,L27,17113,A19,B27,C36,PCS,738,8.22,C,C05,3.40242,6066.36,20640.3
43152,L27,17113,A19,B27,C36,PCS,570,8.22,C,C05,3.40242,4685.4,15941.7
43152,L27,17113,A19,B27,C36,PCS,772,8.22,C,C05,3.40242,6345.84,21591.21
43152,L27,17113,A19,B27,C36,PCS,682,8.22,C,C05,3.40242,5606.04,19074.1
43152,L27,17113,A19,B27,C36,PCS,914,8.22,C,C05,3.40242,7513.08,25562.65
43152,L27,17113,A19,B27,C36,PCS,158,8.22,C,C05,3.40242,1298.76,4418.93
43152,L27,17113,A19,B27,C36,PCS,516,8.22,C,C05,3.40242,4241.52,14431.43
43152,L27,17113,A19,B27,C36,PCS,150,8.22,C,C05,3.40242,1233,4195.18
43152,L27,17176,A20,B23,C40,PCS,122,8.22,C,C05,3.40242,1002.84,3412.08
43152,L27,17176,A20,B23,C40,PCS,254,8.22,C,C05,3.40242,2087.88,7103.84
43152,L27,17176,A20,B23,C40,PCS,313,8.22,C,C05,3.40242,2572.86,8753.95
43152,L27,17176,A20,B23,C40,PCS,72,8.22,C,C05,3.40242,591.84,2013.69
43152,L27,17176,A20,B23,C40,PCS,557,8.22,C,C05,3.40242,4578.54,15578.12
43152,L27,17176,A20,B23,C40,PCS,173,8.22,C,C05,3.40242,1422.06,4838.45
43152,L27,17176,A20,B23,C40,PCS,639,8.22,C,C05,3.40242,5252.58,17871.48
43152,L27,17176,A20,B23,C40,PCS,590,8.22,C,C05,3.40242,4849.8,16501.06
43152,L27,17176,A20,B23,C40,PCS,553,8.22,C,C05,3.40242,4545.66,15466.24
43152,L27,17176,A20,B23,C40,PCS,272,8.22,C,C05,3.40242,2235.84,7607.27
43146,L27,17185,A10,B28,C36,PCS,506,6.47,C,C07,1.358577,3273.82,4447.74
43146,L27,17185,A10,B28,C36,PCS,305,6.47,C,C07,1.358577,1973.35,2680.95
43146,L27,17185,A10,B28,C36,PCS,133,6.47,C,C07,1.358577,860.51,1169.07
43146,L27,17185,A10,B28,C36,PCS,995,6.47,C,C07,1.358577,6437.65,8746.04
43146,L27,17185,A10,B28,C36,PCS,648,6.47,C,C07,1.358577,4192.56,5695.92
43146,L27,17185,A10,B28,C36,PCS,97,6.47,C,C07,1.358577,627.59,852.63
43146,L27,17185,A10,B28,C36,PCS,957,6.47,C,C07,1.358577,6191.79,8412.02
43146,L27,17185,A10,B28,C36,PCS,923,6.47,C,C07,1.358577,5971.81,8113.16
43146,L27,17185,A10,B28,C36,PCS,696,6.47,C,C07,1.358577,4503.12,6117.84
43146,L27,17185,A10,B28,C36,PCS,191,6.47,C,C07,1.358577,1235.77,1678.89
43132,L27,17240,A19,B23,C34,PCS,319,7.36,C,C08,1.496196,2347.84,3512.83
43132,L27,17240,A19,B23,C34,PCS,405,7.36,C,C08,1.496196,2980.8,4459.86
43132,L27,17240,A19,B23,C34,PCS,629,7.36,C,C08,1.496196,4629.44,6926.55
43132,L27,17240,A19,B23,C34,PCS,451,7.36,C,C08,1.496196,3319.36,4966.41
43132,L27,17240,A19,B23,C34,PCS,219,7.36,C,C08,1.496196,1611.84,2411.63
43132,L27,17240,A19,B23,C34,PCS,335,7.36,C,C08,1.496196,2465.6,3689.02
43132,L27,17240,A19,B23,C34,PCS,574,7.36,C,C08,1.496196,4224.64,6320.89
43132,L27,17240,A19,B23,C34,PCS,252,7.36,C,C08,1.496196,1854.72,2775.02
43132,L27,17240,A19,B23,C34,PCS,11,7.36,C,C08,1.496196,80.96,121.13
43132,L27,17240,A19,B23,C34,PCS,560,7.36,C,C08,1.496196,4121.6,6166.72
43146,L27,17447,A20,B30,C34,PCS,701,9.18,C,C10,8.657656,6435.18,55713.57
43146,L27,17447,A20,B30,C34,PCS,24,9.18,C,C10,8.657656,220.32,1907.45
43146,L27,17447,A20,B30,C34,PCS,247,9.18,C,C10,8.657656,2267.46,19630.89
43146,L27,17447,A20,B30,C34,PCS,574,9.18,C,C10,8.657656,5269.32,45619.96
43146,L27,17447,A20,B30,C34,PCS,495,9.18,C,C10,8.657656,4544.1,39341.25
43146,L27,17447,A20,B30,C34,PCS,770,9.18,C,C10,8.657656,7068.6,61197.51
43146,L27,17447,A20,B30,C34,PCS,749,9.18,C,C10,8.657656,6875.82,59528.48
43146,L27,17447,A20,B30,C34,PCS,526,9.18,C,C10,8.657656,4828.68,41805.05
43146,L27,17447,A20,B30,C34,PCS,397,9.18,C,C10,8.657656,3644.46,31552.48
43146,L27,17447,A20,B30,C34,PCS,490,9.18,C,C10,8.657656,4498.2,38943.87
43132,L27,17564,A11,B21,C37,PCS,70,8.11,D,C05,3.40242,567.7,1931.55
43132,L27,17564,A11,B21,C37,PCS,451,8.11,D,C05,3.40242,3657.61,12444.73
43132,L27,17564,A11,B21,C37,PCS,408,8.11,D,C05,3.40242,3308.88,11258.2
43132,L27,17564,A11,B21,C37,PCS,643,8.11,D,C05,3.40242,5214.73,17742.7
43132,L27,17564,A11,B21,C37,PCS,307,8.11,D,C05,3.40242,2489.77,8471.24
43132,L27,17564,A11,B21,C37,PCS,497,8.11,D,C05,3.40242,4030.67,13714.03
43132,L27,17564,A11,B21,C37,PCS,948,8.11,D,C05,3.40242,7688.28,26158.76
43132,L27,17564,A11,B21,C37,PCS,306,8.11,D,C05,3.40242,2481.66,8443.65
43132,L27,17564,A11,B21,C37,PCS,401,8.11,D,C05,3.40242,3252.11,11065.04
43132,L27,17564,A11,B21,C37,PCS,384,8.11,D,C05,3.40242,3114.24,10595.95
43132,L27,17645,A15,B28,C40,PCS,156,9.88,C,C01,6.825646,1541.28,10520.23
43132,L27,17645,A15,B28,C40,PCS,375,9.88,C,C01,6.825646,3705,25289.02
43132,L27,17645,A15,B28,C40,PCS,941,9.88,C,C01,6.825646,9297.08,63458.58
43132,L27,17645,A15,B28,C40,PCS,55,9.88,C,C01,6.825646,543.4,3709.06
43132,L27,17645,A15,B28,C40,PCS,683,9.88,C,C01,6.825646,6748.04,46059.73
43132,L27,17645,A15,B28,C40,PCS,592,9.88,C,C01,6.825646,5848.96,39922.93
43132,L27,17645,A15,B28,C40,PCS,921,9.88,C,C01,6.825646,9099.48,62109.83
43132,L27,17645,A15,B28,C40,PCS,306,9.88,C,C01,6.825646,3023.28,20635.84
43132,L27,17645,A15,B28,C40,PCS,876,9.88,C,C01,6.825646,8654.88,59075.15
43132,L27,17645,A15,B28,C40,PCS,999,9.88,C,C01,6.825646,9870.12,67369.95
43135,L27,17740,A17,B22,C31,PCS,133,7.29,C,C10,8.657656,969.57,8394.2
43135,L27,17740,A17,B22,C31,PCS,126,7.29,C,C10,8.657656,918.54,7952.4
43135,L27,17740,A17,B22,C31,PCS,864,7.29,C,C10,8.657656,6298.56,54530.77
43135,L27,17740,A17,B22,C31,PCS,203,7.29,C,C10,8.657656,1479.87,12812.21
43135,L27,17740,A17,B22,C31,PCS,261,7.29,C,C10,8.657656,1902.69,16472.84
43135,L27,17740,A17,B22,C31,PCS,758,7.29,C,C10,8.657656,5525.82,47840.65
43135,L27,17740,A17,B22,C31,PCS,382,7.29,C,C10,8.657656,2784.78,24109.67
43135,L27,17740,A17,B22,C31,PCS,691,7.29,C,C10,8.657656,5037.39,43611.99
43135,L27,17740,A17,B22,C31,PCS,268,7.29,C,C10,8.657656,1953.72,16914.64
43135,L27,17740,A17,B22,C31,PCS,176,7.29,C,C10,8.657656,1283.04,11108.12
43138,L27,17870,A16,B29,C34,PCS,945,5.65,C,C09,1.199464,5339.25,6404.24
43138,L27,17870,A16,B29,C34,PCS,997,5.65,C,C09,1.199464,5633.05,6756.64
43138,L27,17870,A16,B29,C34,PCS,44,5.65,C,C09,1.199464,248.6,298.19
43138,L27,17870,A16,B29,C34,PCS,6,5.65,C,C09,1.199464,33.9,40.66
43138,L27,17870,A16,B29,C34,PCS,414,5.65,C,C09,1.199464,2339.1,2805.67
43138,L27,17870,A16,B29,C34,PCS,483,5.65,C,C09,1.199464,2728.95,3273.28
43138,L27,17870,A16,B29,C34,PCS,405,5.65,C,C09,1.199464,2288.25,2744.67
43138,L27,17870,A16,B29,C34,PCS,490,5.65,C,C09,1.199464,2768.5,3320.72
43138,L27,17870,A16,B29,C34,PCS,378,5.65,C,C09,1.199464,2135.7,2561.7
43138,L27,17870,A16,B29,C34,PCS,973,5.65,C,C09,1.199464,5497.45,6593.99
43146,L27,17897,A14,B20,C40,PCS,798,2.93,D,C07,1.358577,2338.14,3176.54
43146,L27,17897,A14,B20,C40,PCS,178,2.93,D,C07,1.358577,521.54,708.55
43146,L27,17897,A14,B20,C40,PCS,284,2.93,D,C07,1.358577,832.12,1130.5
43146,L27,17897,A14,B20,C40,PCS,183,2.93,D,C07,1.358577,536.19,728.46
43146,L27,17897,A14,B20,C40,PCS,57,2.93,D,C07,1.358577,167.01,226.9
43146,L27,17897,A14,B20,C40,PCS,695,2.93,D,C07,1.358577,2036.35,2766.54
43146,L27,17897,A14,B20,C40,PCS,576,2.93,D,C07,1.358577,1687.68,2292.84
43146,L27,17897,A14,B20,C40,PCS,214,2.93,D,C07,1.358577,627.02,851.85
43146,L27,17897,A14,B20,C40,PCS,391,2.93,D,C07,1.358577,1145.63,1556.43
43146,L27,17897,A14,B20,C40,PCS,409,2.93,D,C07,1.358577,1198.37,1628.08
43138,L27,17998,A13,B27,C33,PCS,656,5.44,C,C02,9.912483,3568.64,35374.08
43138,L27,17998,A13,B27,C33,PCS,661,5.44,C,C02,9.912483,3595.84,35643.7
43138,L27,17998,A13,B27,C33,PCS,60,5.44,C,C02,9.912483,326.4,3235.43
43138,L27,17998,A13,B27,C33,PCS,627,5.44,C,C02,9.912483,3410.88,33810.29
43138,L27,17998,A13,B27,C33,PCS,212,5.44,C,C02,9.912483,1153.28,11431.87
43138,L27,17998,A13,B27,C33,PCS,354,5.44,C,C02,9.912483,1925.76,19089.06
43138,L27,17998,A13,B27,C33,PCS,528,5.44,C,C02,9.912483,2872.32,28471.82
43138,L27,17998,A13,B27,C33,PCS,263,5.44,C,C02,9.912483,1430.72,14181.99
43138,L27,17998,A13,B27,C33,PCS,736,5.44,C,C02,9.912483,4003.84,39688
43138,L27,17998,A13,B27,C33,PCS,787,5.44,C,C02,9.912483,4281.28,42438.12
43157,L27,18013,A17,B22,C35,PCS,546,8.79,D,C05,3.40242,4799.34,16329.37
43157,L27,18013,A17,B22,C35,PCS,315,8.79,D,C05,3.40242,2768.85,9420.79
43157,L27,18013,A17,B22,C35,PCS,904,8.79,D,C05,3.40242,7946.16,27036.17
43157,L27,18013,A17,B22,C35,PCS,796,8.79,D,C05,3.40242,6996.84,23806.19
43157,L27,18013,A17,B22,C35,PCS,217,8.79,D,C05,3.40242,1907.43,6489.88
43157,L27,18013,A17,B22,C35,PCS,576,8.79,D,C05,3.40242,5063.04,17226.59
43157,L27,18013,A17,B22,C35,PCS,808,8.79,D,C05,3.40242,7102.32,24165.08
43157,L27,18013,A17,B22,C35,PCS,711,8.79,D,C05,3.40242,6249.69,21264.07
43157,L27,18013,A17,B22,C35,PCS,256,8.79,D,C05,3.40242,2250.24,7656.26
43157,L27,18013,A17,B22,C35,PCS,368,8.79,D,C05,3.40242,3234.72,11005.88
43136,L27,18118,A18,B29,C30,PCS,949,6.83,D,C10,8.657656,6481.67,56116.07
43136,L27,18118,A18,B29,C30,PCS,61,6.83,D,C10,8.657656,416.63,3607.04
43136,L27,18118,A18,B29,C30,PCS,466,6.83,D,C10,8.657656,3182.78,27555.41
43136,L27,18118,A18,B29,C30,PCS,256,6.83,D,C10,8.657656,1748.48,15137.74
43136,L27,18118,A18,B29,C30,PCS,342,6.83,D,C10,8.657656,2335.86,20223.07
43136,L27,18118,A18,B29,C30,PCS,815,6.83,D,C10,8.657656,5566.45,48192.41
43136,L27,18118,A18,B29,C30,PCS,230,6.83,D,C10,8.657656,1570.9,13600.31
43136,L27,18118,A18,B29,C30,PCS,105,6.83,D,C10,8.657656,717.15,6208.84
43136,L27,18118,A18,B29,C30,PCS,816,6.83,D,C10,8.657656,5573.28,48251.54
43136,L27,18118,A18,B29,C30,PCS,215,6.83,D,C10,8.657656,1468.45,12713.33
43143,L27,18182,A13,B21,C36,PCS,519,7.7,D,C05,3.40242,3996.3,13597.09
43143,L27,18182,A13,B21,C36,PCS,96,7.7,D,C05,3.40242,739.2,2515.07
43143,L27,18182,A13,B21,C36,PCS,145,7.7,D,C05,3.40242,1116.5,3798.8
43143,L27,18182,A13,B21,C36,PCS,353,7.7,D,C05,3.40242,2718.1,9248.12
43143,L27,18182,A13,B21,C36,PCS,209,7.7,D,C05,3.40242,1609.3,5475.51
43143,L27,18182,A13,B21,C36,PCS,613,7.7,D,C05,3.40242,4720.1,16059.76
43143,L27,18182,A13,B21,C36,PCS,727,7.7,D,C05,3.40242,5597.9,19046.41
43143,L27,18182,A13,B21,C36,PCS,621,7.7,D,C05,3.40242,4781.7,16269.35
43143,L27,18182,A13,B21,C36,PCS,873,7.7,D,C05,3.40242,6722.1,22871.41
43143,L27,18182,A13,B21,C36,PCS,936,7.7,D,C05,3.40242,7207.2,24521.92
43133,L27,18204,A16,B20,C39,PCS,469,3.26,C,C06,3.547054,1528.94,5423.23
43138,L27,18204,A11,B24,C37,PCS,669,2.13,C,C04,5.388146,1424.97,7677.95
43133,L27,18204,A16,B20,C39,PCS,468,3.26,C,C06,3.547054,1525.68,5411.67
43138,L27,18204,A11,B24,C37,PCS,285,2.13,C,C04,5.388146,607.05,3270.87
43133,L27,18204,A16,B20,C39,PCS,229,3.26,C,C06,3.547054,746.54,2648.02
43138,L27,18204,A11,B24,C37,PCS,906,2.13,C,C04,5.388146,1929.78,10397.94
43133,L27,18204,A16,B20,C39,PCS,95,3.26,C,C06,3.547054,309.7,1098.52
43138,L27,18204,A11,B24,C37,PCS,450,2.13,C,C04,5.388146,958.5,5164.54
43133,L27,18204,A16,B20,C39,PCS,111,3.26,C,C06,3.547054,361.86,1283.54
43138,L27,18204,A11,B24,C37,PCS,183,2.13,C,C04,5.388146,389.79,2100.25
43133,L27,18204,A16,B20,C39,PCS,360,3.26,C,C06,3.547054,1173.6,4162.82
43138,L27,18204,A11,B24,C37,PCS,136,2.13,C,C04,5.388146,289.68,1560.84
43133,L27,18204,A16,B20,C39,PCS,733,3.26,C,C06,3.547054,2389.58,8475.97
43138,L27,18204,A11,B24,C37,PCS,378,2.13,C,C04,5.388146,805.14,4338.21
43133,L27,18204,A16,B20,C39,PCS,509,3.26,C,C06,3.547054,1659.34,5885.77
43138,L27,18204,A11,B24,C37,PCS,882,2.13,C,C04,5.388146,1878.66,10122.49
43133,L27,18204,A16,B20,C39,PCS,339,3.26,C,C06,3.547054,1105.14,3919.99
43138,L27,18204,A11,B24,C37,PCS,866,2.13,C,C04,5.388146,1844.58,9938.87
43133,L27,18204,A16,B20,C39,PCS,251,3.26,C,C06,3.547054,818.26,2902.41
43138,L27,18204,A11,B24,C37,PCS,682,2.13,C,C04,5.388146,1452.66,7827.14
43132,L27,18237,A18,B22,C31,PCS,68,9.88,D,C01,6.825646,671.84,4585.74
43132,L27,18237,A18,B22,C31,PCS,564,9.88,D,C01,6.825646,5572.32,38034.68
43132,L27,18237,A18,B22,C31,PCS,18,9.88,D,C01,6.825646,177.84,1213.87
43132,L27,18237,A18,B22,C31,PCS,981,9.88,D,C01,6.825646,9692.28,66156.07
43132,L27,18237,A18,B22,C31,PCS,421,9.88,D,C01,6.825646,4159.48,28391.14
43132,L27,18237,A18,B22,C31,PCS,834,9.88,D,C01,6.825646,8239.92,56242.78
43132,L27,18237,A18,B22,C31,PCS,726,9.88,D,C01,6.825646,7172.88,48959.54
43132,L27,18237,A18,B22,C31,PCS,798,9.88,D,C01,6.825646,7884.24,53815.03
43132,L27,18237,A18,B22,C31,PCS,425,9.88,D,C01,6.825646,4199,28660.89
43132,L27,18237,A18,B22,C31,PCS,875,9.88,D,C01,6.825646,8645,59007.71
43152,L27,18245,A18,B28,C35,PCS,992,2.92,C,C03,7.133317,2896.64,20662.65
43152,L27,18245,A18,B28,C35,PCS,414,2.92,C,C03,7.133317,1208.88,8623.32
43152,L27,18245,A18,B28,C35,PCS,565,2.92,C,C03,7.133317,1649.8,11768.55
43152,L27,18245,A18,B28,C35,PCS,678,2.92,C,C03,7.133317,1979.76,14122.26
43152,L27,18245,A18,B28,C35,PCS,375,2.92,C,C03,7.133317,1095,7810.98
43152,L27,18245,A18,B28,C35,PCS,697,2.92,C,C03,7.133317,2035.24,14518.01
43152,L27,18245,A18,B28,C35,PCS,182,2.92,C,C03,7.133317,531.44,3790.93
43152,L27,18245,A18,B28,C35,PCS,319,2.92,C,C03,7.133317,931.48,6644.54
43152,L27,18245,A18,B28,C35,PCS,854,2.92,C,C03,7.133317,2493.68,17788.21
43152,L27,18245,A18,B28,C35,PCS,448,2.92,C,C03,7.133317,1308.16,9331.52
43138,L27,18275,A20,B28,C32,PCS,564,5.07,C,C07,1.358577,2859.48,3884.82
43138,L27,18275,A20,B28,C32,PCS,975,5.07,C,C07,1.358577,4943.25,6715.79
43138,L27,18275,A20,B28,C32,PCS,280,5.07,C,C07,1.358577,1419.6,1928.64
43138,L27,18275,A20,B28,C32,PCS,169,5.07,C,C07,1.358577,856.83,1164.07
43138,L27,18275,A20,B28,C32,PCS,100,5.07,C,C07,1.358577,507,688.8
43138,L27,18275,A20,B28,C32,PCS,841,5.07,C,C07,1.358577,4263.87,5792.8
43138,L27,18275,A20,B28,C32,PCS,236,5.07,C,C07,1.358577,1196.52,1625.56
43138,L27,18275,A20,B28,C32,PCS,545,5.07,C,C07,1.358577,2763.15,3753.95
43138,L27,18275,A20,B28,C32,PCS,292,5.07,C,C07,1.358577,1480.44,2011.29
43138,L27,18275,A20,B28,C32,PCS,144,5.07,C,C07,1.358577,730.08,991.87
43156,L27,18306,A10,B29,C30,PCS,732,2.19,D,C05,3.40242,1603.08,5454.35
43156,L27,18306,A10,B29,C30,PCS,980,2.19,D,C05,3.40242,2146.2,7302.27
43156,L27,18306,A10,B29,C30,PCS,916,2.19,D,C05,3.40242,2006.04,6825.39
43156,L27,18306,A10,B29,C30,PCS,437,2.19,D,C05,3.40242,957.03,3256.22
43156,L27,18306,A10,B29,C30,PCS,410,2.19,D,C05,3.40242,897.9,3055.03
43156,L27,18306,A10,B29,C30,PCS,685,2.19,D,C05,3.40242,1500.15,5104.14
43156,L27,18306,A10,B29,C30,PCS,108,2.19,D,C05,3.40242,236.52,804.74
43156,L27,18306,A10,B29,C30,PCS,638,2.19,D,C05,3.40242,1397.22,4753.93
43156,L27,18306,A10,B29,C30,PCS,461,2.19,D,C05,3.40242,1009.59,3435.05
43156,L27,18306,A10,B29,C30,PCS,171,2.19,D,C05,3.40242,374.49,1274.17
43154,L27,18442,A19,B26,C32,PCS,864,5.12,C,C08,1.496196,4423.68,6618.69
43154,L27,18442,A19,B26,C32,PCS,390,5.12,C,C08,1.496196,1996.8,2987.6
43154,L27,18442,A19,B26,C32,PCS,203,5.12,C,C08,1.496196,1039.36,1555.09
43154,L27,18442,A19,B26,C32,PCS,225,5.12,C,C08,1.496196,1152,1723.62
43154,L27,18442,A19,B26,C32,PCS,845,5.12,C,C08,1.496196,4326.4,6473.14
43154,L27,18442,A19,B26,C32,PCS,870,5.12,C,C08,1.496196,4454.4,6664.66
43154,L27,18442,A19,B26,C32,PCS,583,5.12,C,C08,1.496196,2984.96,4466.09
43154,L27,18442,A19,B26,C32,PCS,708,5.12,C,C08,1.496196,3624.96,5423.65
43154,L27,18442,A19,B26,C32,PCS,511,5.12,C,C08,1.496196,2616.32,3914.53
43154,L27,18442,A19,B26,C32,PCS,169,5.12,C,C08,1.496196,865.28,1294.63
43157,L27,18492,A18,B30,C40,PCS,48,8.79,D,C05,3.40242,421.92,1435.55
43157,L27,18492,A18,B30,C40,PCS,579,8.79,D,C05,3.40242,5089.41,17316.31
43157,L27,18492,A18,B30,C40,PCS,338,8.79,D,C05,3.40242,2971.02,10108.66
43157,L27,18492,A18,B30,C40,PCS,745,8.79,D,C05,3.40242,6548.55,22280.92
43157,L27,18492,A18,B30,C40,PCS,286,8.79,D,C05,3.40242,2513.94,8553.48
43157,L27,18492,A18,B30,C40,PCS,327,8.79,D,C05,3.40242,2874.33,9779.68
43157,L27,18492,A18,B30,C40,PCS,830,8.79,D,C05,3.40242,7295.7,24823.04
43157,L27,18492,A18,B30,C40,PCS,236,8.79,D,C05,3.40242,2074.44,7058.12
43157,L27,18492,A18,B30,C40,PCS,492,8.79,D,C05,3.40242,4324.68,14714.38
43157,L27,18492,A18,B30,C40,PCS,889,8.79,D,C05,3.40242,7814.31,26587.56
43139,L27,18508,A18,B23,C30,PCS,60,7.12,C,C03,7.133317,427.2,3047.35
43139,L27,18508,A18,B23,C30,PCS,377,7.12,C,C03,7.133317,2684.24,19147.53
43139,L27,18508,A18,B23,C30,PCS,362,7.12,C,C03,7.133317,2577.44,18385.7
43139,L27,18508,A18,B23,C30,PCS,493,7.12,C,C03,7.133317,3510.16,25039.08
43139,L27,18508,A18,B23,C30,PCS,193,7.12,C,C03,7.133317,1374.16,9802.32
43139,L27,18508,A18,B23,C30,PCS,601,7.12,C,C03,7.133317,4279.12,30524.32
43139,L27,18508,A18,B23,C30,PCS,56,7.12,C,C03,7.133317,398.72,2844.2
43139,L27,18508,A18,B23,C30,PCS,154,7.12,C,C03,7.133317,1096.48,7821.54
43139,L27,18508,A18,B23,C30,PCS,91,7.12,C,C03,7.133317,647.92,4621.82
43139,L27,18508,A18,B23,C30,PCS,883,7.12,C,C03,7.133317,6286.96,44846.88
43141,L27,18672,A12,B27,C33,PCS,886,1.55,C,C08,1.496196,1373.3,2054.73
43141,L27,18672,A12,B27,C33,PCS,133,1.55,C,C08,1.496196,206.15,308.44
43141,L27,18672,A12,B27,C33,PCS,579,1.55,C,C08,1.496196,897.45,1342.76
43141,L27,18672,A12,B27,C33,PCS,834,1.55,C,C08,1.496196,1292.7,1934.13
43141,L27,18672,A12,B27,C33,PCS,753,1.55,C,C08,1.496196,1167.15,1746.29
43141,L27,18672,A12,B27,C33,PCS,206,1.55,C,C08,1.496196,319.3,477.74
43141,L27,18672,A12,B27,C33,PCS,654,1.55,C,C08,1.496196,1013.7,1516.69
43141,L27,18672,A12,B27,C33,PCS,276,1.55,C,C08,1.496196,427.8,640.07
43141,L27,18672,A12,B27,C33,PCS,566,1.55,C,C08,1.496196,877.3,1312.61
43141,L27,18672,A12,B27,C33,PCS,693,1.55,C,C08,1.496196,1074.15,1607.14
43153,L27,18818,A19,B27,C30,PCS,527,2.8,D,C07,1.358577,1475.6,2004.72
43153,L27,18818,A19,B27,C30,PCS,769,2.8,D,C07,1.358577,2153.2,2925.29
43153,L27,18818,A19,B27,C30,PCS,204,2.8,D,C07,1.358577,571.2,776.02
43153,L27,18818,A19,B27,C30,PCS,2,2.8,D,C07,1.358577,5.6,7.61
43153,L27,18818,A19,B27,C30,PCS,733,2.8,D,C07,1.358577,2052.4,2788.34
43153,L27,18818,A19,B27,C30,PCS,310,2.8,D,C07,1.358577,868,1179.24
43153,L27,18818,A19,B27,C30,PCS,762,2.8,D,C07,1.358577,2133.6,2898.66
43153,L27,18818,A19,B27,C30,PCS,44,2.8,D,C07,1.358577,123.2,167.38
43153,L27,18818,A19,B27,C30,PCS,624,2.8,D,C07,1.358577,1747.2,2373.71
43153,L27,18818,A19,B27,C30,PCS,719,2.8,D,C07,1.358577,2013.2,2735.09
43132,L27,19006,A11,B29,C37,PCS,981,7.57,D,C09,1.199464,7426.17,8907.42
43132,L27,19006,A11,B29,C37,PCS,2,7.57,D,C09,1.199464,15.14,18.16
43132,L27,19006,A11,B29,C37,PCS,956,7.57,D,C09,1.199464,7236.92,8680.43
43132,L27,19006,A11,B29,C37,PCS,184,7.57,D,C09,1.199464,1392.88,1670.71
43132,L27,19006,A11,B29,C37,PCS,317,7.57,D,C09,1.199464,2399.69,2878.34
43132,L27,19006,A11,B29,C37,PCS,166,7.57,D,C09,1.199464,1256.62,1507.27
43132,L27,19006,A11,B29,C37,PCS,184,7.57,D,C09,1.199464,1392.88,1670.71
43132,L27,19006,A11,B29,C37,PCS,648,7.57,D,C09,1.199464,4905.36,5883.8
43132,L27,19006,A11,B29,C37,PCS,81,7.57,D,C09,1.199464,613.17,735.48
43132,L27,19006,A11,B29,C37,PCS,424,7.57,D,C09,1.199464,3209.68,3849.9
43132,L27,19011,A10,B23,C40,PCS,823,8.11,D,C05,3.40242,6674.53,22709.55
43132,L27,19011,A10,B23,C40,PCS,867,8.11,D,C05,3.40242,7031.37,23923.67
43132,L27,19011,A10,B23,C40,PCS,176,8.11,D,C05,3.40242,1427.36,4856.48
43132,L27,19011,A10,B23,C40,PCS,48,8.11,D,C05,3.40242,389.28,1324.49
43132,L27,19011,A10,B23,C40,PCS,572,8.11,D,C05,3.40242,4638.92,15783.55
43132,L27,19011,A10,B23,C40,PCS,684,8.11,D,C05,3.40242,5547.24,18874.04
43132,L27,19011,A10,B23,C40,PCS,893,8.11,D,C05,3.40242,7242.23,24641.11
43132,L27,19011,A10,B23,C40,PCS,360,8.11,D,C05,3.40242,2919.6,9933.71
43132,L27,19011,A10,B23,C40,PCS,744,8.11,D,C05,3.40242,6033.84,20529.66
43132,L27,19011,A10,B23,C40,PCS,318,8.11,D,C05,3.40242,2578.98,8774.77
43144,L27,19104,A20,B25,C31,PCS,194,2.71,D,C10,8.657656,525.74,4551.68
43144,L27,19104,A20,B25,C31,PCS,439,2.71,D,C10,8.657656,1189.69,10299.93
43144,L27,19104,A20,B25,C31,PCS,422,2.71,D,C10,8.657656,1143.62,9901.07
43144,L27,19104,A20,B25,C31,PCS,291,2.71,D,C10,8.657656,788.61,6827.51
43144,L27,19104,A20,B25,C31,PCS,321,2.71,D,C10,8.657656,869.91,7531.38
43144,L27,19104,A20,B25,C31,PCS,931,2.71,D,C10,8.657656,2523.01,21843.35
43144,L27,19104,A20,B25,C31,PCS,65,2.71,D,C10,8.657656,176.15,1525.05
43144,L27,19104,A20,B25,C31,PCS,425,2.71,D,C10,8.657656,1151.75,9971.46
43144,L27,19104,A20,B25,C31,PCS,855,2.71,D,C10,8.657656,2317.05,20060.22
43144,L27,19104,A20,B25,C31,PCS,300,2.71,D,C10,8.657656,813,7038.67
43150,L27,19111,A16,B23,C31,PCS,746,5.33,D,C01,6.825646,3976.18,27140
43150,L27,19111,A16,B23,C31,PCS,630,5.33,D,C01,6.825646,3357.9,22919.84
43150,L27,19111,A16,B23,C31,PCS,111,5.33,D,C01,6.825646,591.63,4038.26
43150,L27,19111,A16,B23,C31,PCS,679,5.33,D,C01,6.825646,3619.07,24702.49
43150,L27,19111,A16,B23,C31,PCS,823,5.33,D,C01,6.825646,4386.59,29941.31
43150,L27,19111,A16,B23,C31,PCS,455,5.33,D,C01,6.825646,2425.15,16553.22
43150,L27,19111,A16,B23,C31,PCS,972,5.33,D,C01,6.825646,5180.76,35362.03
43150,L27,19111,A16,B23,C31,PCS,61,5.33,D,C01,6.825646,325.13,2219.22
43150,L27,19111,A16,B23,C31,PCS,29,5.33,D,C01,6.825646,154.57,1055.04
43150,L27,19111,A16,B23,C31,PCS,476,5.33,D,C01,6.825646,2537.08,17317.21
43151,L27,19285,A15,B20,C31,PCS,339,5.79,D,C02,9.912483,1962.81,19456.32
43151,L27,19285,A15,B20,C31,PCS,649,5.79,D,C02,9.912483,3757.71,37248.24
43151,L27,19285,A15,B20,C31,PCS,483,5.79,D,C02,9.912483,2796.57,27720.95
43151,L27,19285,A15,B20,C31,PCS,446,5.79,D,C02,9.912483,2582.34,25597.4
43151,L27,19285,A15,B20,C31,PCS,522,5.79,D,C02,9.912483,3022.38,29959.29
43151,L27,19285,A15,B20,C31,PCS,529,5.79,D,C02,9.912483,3062.91,30361.04
43151,L27,19285,A15,B20,C31,PCS,415,5.79,D,C02,9.912483,2402.85,23818.21
43151,L27,19285,A15,B20,C31,PCS,923,5.79,D,C02,9.912483,5344.17,52973.99
43151,L27,19285,A15,B20,C31,PCS,388,5.79,D,C02,9.912483,2246.52,22268.59
43151,L27,19285,A15,B20,C31,PCS,226,5.79,D,C02,9.912483,1308.54,12970.88
43159,L27,19300,A11,B24,C31,PCS,132,3.3,D,C09,1.199464,435.6,522.49
43159,L27,19300,A11,B24,C31,PCS,451,3.3,D,C09,1.199464,1488.3,1785.16
43159,L27,19300,A11,B24,C31,PCS,901,3.3,D,C09,1.199464,2973.3,3566.37
43159,L27,19300,A11,B24,C31,PCS,330,3.3,D,C09,1.199464,1089,1306.22
43159,L27,19300,A11,B24,C31,PCS,771,3.3,D,C09,1.199464,2544.3,3051.8
43159,L27,19300,A11,B24,C31,PCS,540,3.3,D,C09,1.199464,1782,2137.44
43159,L27,19300,A11,B24,C31,PCS,318,3.3,D,C09,1.199464,1049.4,1258.72
43159,L27,19300,A11,B24,C31,PCS,416,3.3,D,C09,1.199464,1372.8,1646.62
43159,L27,19300,A11,B24,C31,PCS,758,3.3,D,C09,1.199464,2501.4,3000.34
43159,L27,19300,A11,B24,C31,PCS,346,3.3,D,C09,1.199464,1141.8,1369.55
43135,L27,19444,A11,B25,C39,PCS,399,7.29,C,C10,8.657656,2908.71,25182.61
43135,L27,19444,A11,B25,C39,PCS,107,7.29,C,C10,8.657656,780.03,6753.23
43135,L27,19444,A11,B25,C39,PCS,82,7.29,C,C10,8.657656,597.78,5175.37
43135,L27,19444,A11,B25,C39,PCS,795,7.29,C,C10,8.657656,5795.55,50175.88
43135,L27,19444,A11,B25,C39,PCS,638,7.29,C,C10,8.657656,4651.02,40266.93
43135,L27,19444,A11,B25,C39,PCS,856,7.29,C,C10,8.657656,6240.24,54025.85
43135,L27,19444,A11,B25,C39,PCS,220,7.29,C,C10,8.657656,1603.8,13885.15
43135,L27,19444,A11,B25,C39,PCS,5,7.29,C,C10,8.657656,36.45,315.57
43135,L27,19444,A11,B25,C39,PCS,453,7.29,C,C10,8.657656,3302.37,28590.78
43135,L27,19444,A11,B25,C39,PCS,114,7.29,C,C10,8.657656,831.06,7195.03
43148,L27,19738,A10,B26,C36,PCS,303,6.81,D,C01,6.825646,2063.43,14084.24
43148,L27,19738,A10,B26,C36,PCS,812,6.81,D,C01,6.825646,5529.72,37743.91
43148,L27,19738,A10,B26,C36,PCS,884,6.81,D,C01,6.825646,6020.04,41090.66
43148,L27,19738,A10,B26,C36,PCS,941,6.81,D,C01,6.825646,6408.21,43740.17
43148,L27,19738,A10,B26,C36,PCS,923,6.81,D,C01,6.825646,6285.63,42903.49
43148,L27,19738,A10,B26,C36,PCS,149,6.81,D,C01,6.825646,1014.69,6925.91
43148,L27,19738,A10,B26,C36,PCS,24,6.81,D,C01,6.825646,163.44,1115.58
43148,L27,19738,A10,B26,C36,PCS,88,6.81,D,C01,6.825646,599.28,4090.47
43148,L27,19738,A10,B26,C36,PCS,714,6.81,D,C01,6.825646,4862.34,33188.61
43148,L27,19738,A10,B26,C36,PCS,921,6.81,D,C01,6.825646,6272.01,42810.52
43133,L27,19744,A16,B30,C34,PCS,865,1.21,C,C03,7.133317,1046.65,7466.09
43133,L27,19744,A16,B30,C34,PCS,828,1.21,C,C03,7.133317,1001.88,7146.73
43133,L27,19744,A16,B30,C34,PCS,372,1.21,C,C03,7.133317,450.12,3210.85
43133,L27,19744,A16,B30,C34,PCS,665,1.21,C,C03,7.133317,804.65,5739.82
43133,L27,19744,A16,B30,C34,PCS,834,1.21,C,C03,7.133317,1009.14,7198.52
43133,L27,19744,A16,B30,C34,PCS,791,1.21,C,C03,7.133317,957.11,6827.37
43133,L27,19744,A16,B30,C34,PCS,779,1.21,C,C03,7.133317,942.59,6723.79
43133,L27,19744,A16,B30,C34,PCS,165,1.21,C,C03,7.133317,199.65,1424.17
43133,L27,19744,A16,B30,C34,PCS,433,1.21,C,C03,7.133317,523.93,3737.36
43133,L27,19744,A16,B30,C34,PCS,523,1.21,C,C03,7.133317,632.83,4514.18
43170,L27,10129,A18,B27,C35,PCS,428,9.46,C,C04,5.388146,4048.88,21815.96
43170,L27,10129,A18,B27,C35,PCS,291,9.46,C,C04,5.388146,2752.86,14832.81
43170,L27,10129,A18,B27,C35,PCS,972,9.46,C,C04,5.388146,9195.12,49544.65
43170,L27,10129,A18,B27,C35,PCS,706,9.46,C,C04,5.388146,6678.76,35986.13
43170,L27,10129,A18,B27,C35,PCS,791,9.46,C,C04,5.388146,7482.86,40318.74
43170,L27,10129,A18,B27,C35,PCS,674,9.46,C,C04,5.388146,6376.04,34355.03
43170,L27,10129,A18,B27,C35,PCS,716,9.46,C,C04,5.388146,6773.36,36495.85
43170,L27,10129,A18,B27,C35,PCS,875,9.46,C,C04,5.388146,8277.5,44600.38
43170,L27,10129,A18,B27,C35,PCS,594,9.46,C,C04,5.388146,5619.24,30277.29
43170,L27,10129,A18,B27,C35,PCS,51,9.46,C,C04,5.388146,482.46,2599.56
43171,L27,10176,A15,B30,C36,PCS,383,4.94,C,C09,1.199464,1892.02,2269.41
43171,L27,10176,A15,B30,C36,PCS,663,4.94,C,C09,1.199464,3275.22,3928.51
43171,L27,10176,A15,B30,C36,PCS,761,4.94,C,C09,1.199464,3759.34,4509.19
43171,L27,10176,A15,B30,C36,PCS,561,4.94,C,C09,1.199464,2771.34,3324.12
43171,L27,10176,A15,B30,C36,PCS,991,4.94,C,C09,1.199464,4895.54,5872.02
43171,L27,10176,A15,B30,C36,PCS,34,4.94,C,C09,1.199464,167.96,201.46
43171,L27,10176,A15,B30,C36,PCS,810,4.94,C,C09,1.199464,4001.4,4799.54
43171,L27,10176,A15,B30,C36,PCS,84,4.94,C,C09,1.199464,414.96,497.73
43171,L27,10176,A15,B30,C36,PCS,345,4.94,C,C09,1.199464,1704.3,2044.25
43171,L27,10176,A15,B30,C36,PCS,513,4.94,C,C09,1.199464,2534.22,3039.71
43190,L27,10217,A15,B20,C32,PCS,235,3.7,D,C05,3.40242,869.5,2958.4
43190,L27,10217,A15,B20,C32,PCS,612,3.7,D,C05,3.40242,2264.4,7704.44
43190,L27,10217,A15,B20,C32,PCS,661,3.7,D,C05,3.40242,2445.7,8321.3
43190,L27,10217,A15,B20,C32,PCS,776,3.7,D,C05,3.40242,2871.2,9769.03
43190,L27,10217,A15,B20,C32,PCS,876,3.7,D,C05,3.40242,3241.2,11027.92
43190,L27,10217,A15,B20,C32,PCS,19,3.7,D,C05,3.40242,70.3,239.19
43190,L27,10217,A15,B20,C32,PCS,924,3.7,D,C05,3.40242,3418.8,11632.19
43190,L27,10217,A15,B20,C32,PCS,757,3.7,D,C05,3.40242,2800.9,9529.84
43190,L27,10217,A15,B20,C32,PCS,841,3.7,D,C05,3.40242,3111.7,10587.31
43190,L27,10217,A15,B20,C32,PCS,983,3.7,D,C05,3.40242,3637.1,12374.94
43160,L27,10482,A20,B23,C34,PCS,422,8.45,D,C09,1.199464,3565.9,4277.17
43160,L27,10482,A20,B23,C34,PCS,342,8.45,D,C09,1.199464,2889.9,3466.33
43160,L27,10482,A20,B23,C34,PCS,465,8.45,D,C09,1.199464,3929.25,4712.99
43160,L27,10482,A20,B23,C34,PCS,776,8.45,D,C09,1.199464,6557.2,7865.13
43160,L27,10482,A20,B23,C34,PCS,163,8.45,D,C09,1.199464,1377.35,1652.08
43160,L27,10482,A20,B23,C34,PCS,185,8.45,D,C09,1.199464,1563.25,1875.06
43160,L27,10482,A20,B23,C34,PCS,505,8.45,D,C09,1.199464,4267.25,5118.41
43160,L27,10482,A20,B23,C34,PCS,428,8.45,D,C09,1.199464,3616.6,4337.98
43160,L27,10482,A20,B23,C34,PCS,781,8.45,D,C09,1.199464,6599.45,7915.8
43160,L27,10482,A20,B23,C34,PCS,881,8.45,D,C09,1.199464,7444.45,8929.35
43171,L27,10507,A15,B23,C39,PCS,137,9.72,D,C06,3.547054,1331.64,4723.4
43171,L27,10507,A15,B23,C39,PCS,705,9.72,D,C06,3.547054,6852.6,24306.54
43171,L27,10507,A15,B23,C39,PCS,288,9.72,D,C06,3.547054,2799.36,9929.48
43171,L27,10507,A15,B23,C39,PCS,825,9.72,D,C06,3.547054,8019,28443.83
43171,L27,10507,A15,B23,C39,PCS,206,9.72,D,C06,3.547054,2002.32,7102.34
43171,L27,10507,A15,B23,C39,PCS,538,9.72,D,C06,3.547054,5229.36,18548.82
43171,L27,10507,A15,B23,C39,PCS,107,9.72,D,C06,3.547054,1040.04,3689.08
43171,L27,10507,A15,B23,C39,PCS,394,9.72,D,C06,3.547054,3829.68,13584.08
43171,L27,10507,A15,B23,C39,PCS,318,9.72,D,C06,3.547054,3090.96,10963.8
43171,L27,10507,A15,B23,C39,PCS,959,9.72,D,C06,3.547054,9321.48,33063.79
43170,L27,10522,A12,B22,C31,PCS,631,1.9,C,C05,3.40242,1198.9,4079.16
43170,L27,10522,A12,B22,C31,PCS,704,1.9,C,C05,3.40242,1337.6,4551.08
43170,L27,10522,A12,B22,C31,PCS,110,1.9,C,C05,3.40242,209,711.11
43170,L27,10522,A12,B22,C31,PCS,16,1.9,C,C05,3.40242,30.4,103.43
43170,L27,10522,A12,B22,C31,PCS,181,1.9,C,C05,3.40242,343.9,1170.09
43170,L27,10522,A12,B22,C31,PCS,907,1.9,C,C05,3.40242,1723.3,5863.39
43170,L27,10522,A12,B22,C31,PCS,440,1.9,C,C05,3.40242,836,2844.42
43170,L27,10522,A12,B22,C31,PCS,566,1.9,C,C05,3.40242,1075.4,3658.96
43170,L27,10522,A12,B22,C31,PCS,60,1.9,C,C05,3.40242,114,387.88
43170,L27,10522,A12,B22,C31,PCS,784,1.9,C,C05,3.40242,1489.6,5068.24
43173,L27,10548,A18,B24,C34,PCS,585,5.48,C,C05,3.40242,3205.8,10907.48
43173,L27,10548,A18,B24,C34,PCS,179,5.48,C,C05,3.40242,980.92,3337.5
43173,L27,10548,A18,B24,C34,PCS,583,5.48,C,C05,3.40242,3194.84,10870.19
43173,L27,10548,A18,B24,C34,PCS,778,5.48,C,C05,3.40242,4263.44,14506.01
43173,L27,10548,A18,B24,C34,PCS,966,5.48,C,C05,3.40242,5293.68,18011.32
43173,L27,10548,A18,B24,C34,PCS,534,5.48,C,C05,3.40242,2926.32,9956.57
43173,L27,10548,A18,B24,C34,PCS,344,5.48,C,C05,3.40242,1885.12,6413.97
43173,L27,10548,A18,B24,C34,PCS,939,5.48,C,C05,3.40242,5145.72,17507.9
43173,L27,10548,A18,B24,C34,PCS,551,5.48,C,C05,3.40242,3019.48,10273.54
43173,L27,10548,A18,B24,C34,PCS,789,5.48,C,C05,3.40242,4323.72,14711.11
43176,L27,10586,A11,B28,C33,PCS,658,6.68,D,C03,7.133317,4395.44,31354.07
43176,L27,10586,A11,B28,C33,PCS,351,6.68,D,C03,7.133317,2344.68,16725.35
43176,L27,10586,A11,B28,C33,PCS,408,6.68,D,C03,7.133317,2725.44,19441.43
43176,L27,10586,A11,B28,C33,PCS,775,6.68,D,C03,7.133317,5177,36929.18
43176,L27,10586,A11,B28,C33,PCS,144,6.68,D,C03,7.133317,961.92,6861.68
43176,L27,10586,A11,B28,C33,PCS,612,6.68,D,C03,7.133317,4088.16,29162.14
43176,L27,10586,A11,B28,C33,PCS,111,6.68,D,C03,7.133317,741.48,5289.21
43176,L27,10586,A11,B28,C33,PCS,752,6.68,D,C03,7.133317,5023.36,35833.22
43176,L27,10586,A11,B28,C33,PCS,647,6.68,D,C03,7.133317,4321.96,30829.91
43176,L27,10586,A11,B28,C33,PCS,761,6.68,D,C03,7.133317,5083.48,36262.07
43170,L27,10663,A19,B26,C35,PCS,617,6.79,C,C06,3.547054,4189.43,14860.13
43170,L27,10663,A19,B26,C35,PCS,464,6.79,C,C06,3.547054,3150.56,11175.21
43170,L27,10663,A19,B26,C35,PCS,853,6.79,C,C06,3.547054,5791.87,20544.08
43170,L27,10663,A19,B26,C35,PCS,587,6.79,C,C06,3.547054,3985.73,14137.6
43170,L27,10663,A19,B26,C35,PCS,149,6.79,C,C06,3.547054,1011.71,3588.59
43170,L27,10663,A19,B26,C35,PCS,670,6.79,C,C06,3.547054,4549.3,16136.61
43170,L27,10663,A19,B26,C35,PCS,494,6.79,C,C06,3.547054,3354.26,11897.74
43170,L27,10663,A19,B26,C35,PCS,843,6.79,C,C06,3.547054,5723.97,20303.23
43170,L27,10663,A19,B26,C35,PCS,636,6.79,C,C06,3.547054,4318.44,15317.74
43170,L27,10663,A19,B26,C35,PCS,473,6.79,C,C06,3.547054,3211.67,11391.97
43160,L27,10726,A18,B21,C37,PCS,857,3.29,D,C03,7.133317,2819.53,20112.6
43181,L27,10726,A10,B30,C38,PCS,770,2.24,D,C05,3.40242,1724.8,5868.49
43160,L27,10726,A18,B21,C37,PCS,406,3.29,D,C03,7.133317,1335.74,9528.26
43181,L27,10726,A10,B30,C38,PCS,418,2.24,D,C05,3.40242,936.32,3185.75
43160,L27,10726,A18,B21,C37,PCS,774,3.29,D,C03,7.133317,2546.46,18164.71
43181,L27,10726,A10,B30,C38,PCS,234,2.24,D,C05,3.40242,524.16,1783.41
43160,L27,10726,A18,B21,C37,PCS,322,3.29,D,C03,7.133317,1059.38,7556.89
43181,L27,10726,A10,B30,C38,PCS,207,2.24,D,C05,3.40242,463.68,1577.63
43160,L27,10726,A18,B21,C37,PCS,109,3.29,D,C03,7.133317,358.61,2558.08
43181,L27,10726,A10,B30,C38,PCS,473,2.24,D,C05,3.40242,1059.52,3604.93
43160,L27,10726,A18,B21,C37,PCS,640,3.29,D,C03,7.133317,2105.6,15019.91
43181,L27,10726,A10,B30,C38,PCS,922,2.24,D,C05,3.40242,2065.28,7026.95
43160,L27,10726,A18,B21,C37,PCS,87,3.29,D,C03,7.133317,286.23,2041.77
43181,L27,10726,A10,B30,C38,PCS,446,2.24,D,C05,3.40242,999.04,3399.15
43160,L27,10726,A18,B21,C37,PCS,248,3.29,D,C03,7.133317,815.92,5820.22
43181,L27,10726,A10,B30,C38,PCS,630,2.24,D,C05,3.40242,1411.2,4801.5
43160,L27,10726,A18,B21,C37,PCS,62,3.29,D,C03,7.133317,203.98,1455.05
43181,L27,10726,A10,B30,C38,PCS,76,2.24,D,C05,3.40242,170.24,579.23
43160,L27,10726,A18,B21,C37,PCS,259,3.29,D,C03,7.133317,852.11,6078.37
43181,L27,10726,A10,B30,C38,PCS,278,2.24,D,C05,3.40242,622.72,2118.75
43160,L27,10763,A10,B27,C33,PCS,594,4.56,C,C03,7.133317,2708.64,19321.59
43160,L27,10763,A10,B27,C33,PCS,694,4.56,C,C03,7.133317,3164.64,22574.38
43160,L27,10763,A10,B27,C33,PCS,680,4.56,C,C03,7.133317,3100.8,22118.99
43160,L27,10763,A10,B27,C33,PCS,693,4.56,C,C03,7.133317,3160.08,22541.85
43160,L27,10763,A10,B27,C33,PCS,752,4.56,C,C03,7.133317,3429.12,24461
43160,L27,10763,A10,B27,C33,PCS,39,4.56,C,C03,7.133317,177.84,1268.59
43160,L27,10763,A10,B27,C33,PCS,390,4.56,C,C03,7.133317,1778.4,12685.89
43160,L27,10763,A10,B27,C33,PCS,229,4.56,C,C03,7.133317,1044.24,7448.89
43160,L27,10763,A10,B27,C33,PCS,485,4.56,C,C03,7.133317,2211.6,15776.04
43160,L27,10763,A10,B27,C33,PCS,964,4.56,C,C03,7.133317,4395.84,31356.92
43184,L27,10822,A19,B30,C36,PCS,577,4.14,C,C03,7.133317,2388.78,17039.92
43184,L27,10822,A19,B30,C36,PCS,288,4.14,C,C03,7.133317,1192.32,8505.2
43184,L27,10822,A19,B30,C36,PCS,22,4.14,C,C03,7.133317,91.08,649.7
43184,L27,10822,A19,B30,C36,PCS,223,4.14,C,C03,7.133317,923.22,6585.62
43184,L27,10822,A19,B30,C36,PCS,558,4.14,C,C03,7.133317,2310.12,16478.82
43184,L27,10822,A19,B30,C36,PCS,252,4.14,C,C03,7.133317,1043.28,7442.05
43184,L27,10822,A19,B30,C36,PCS,339,4.14,C,C03,7.133317,1403.46,10011.33
43184,L27,10822,A19,B30,C36,PCS,521,4.14,C,C03,7.133317,2156.94,15386.14
43184,L27,10822,A19,B30,C36,PCS,853,4.14,C,C03,7.133317,3531.42,25190.74
43184,L27,10822,A19,B30,C36,PCS,132,4.14,C,C03,7.133317,546.48,3898.22
43180,L27,10837,A16,B26,C39,PCS,226,2.08,C,C03,7.133317,470.08,3353.23
43180,L27,10837,A16,B26,C39,PCS,342,2.08,C,C03,7.133317,711.36,5074.36
43180,L27,10837,A16,B26,C39,PCS,142,2.08,C,C03,7.133317,295.36,2106.9
43180,L27,10837,A16,B26,C39,PCS,19,2.08,C,C03,7.133317,39.52,281.91
43180,L27,10837,A16,B26,C39,PCS,627,2.08,C,C03,7.133317,1304.16,9302.99
43180,L27,10837,A16,B26,C39,PCS,332,2.08,C,C03,7.133317,690.56,4925.98
43180,L27,10837,A16,B26,C39,PCS,578,2.08,C,C03,7.133317,1202.24,8575.96
43180,L27,10837,A16,B26,C39,PCS,164,2.08,C,C03,7.133317,341.12,2433.32
43180,L27,10837,A16,B26,C39,PCS,257,2.08,C,C03,7.133317,534.56,3813.19
43180,L27,10837,A16,B26,C39,PCS,975,2.08,C,C03,7.133317,2028,14466.37
43169,L27,10912,A12,B20,C37,PCS,834,3.18,D,C07,1.358577,2652.12,3603.11
43169,L27,10912,A12,B20,C37,PCS,359,3.18,D,C07,1.358577,1141.62,1550.98
43169,L27,10912,A12,B20,C37,PCS,347,3.18,D,C07,1.358577,1103.46,1499.14
43169,L27,10912,A12,B20,C37,PCS,572,3.18,D,C07,1.358577,1818.96,2471.2
43169,L27,10912,A12,B20,C37,PCS,705,3.18,D,C07,1.358577,2241.9,3045.79
43169,L27,10912,A12,B20,C37,PCS,568,3.18,D,C07,1.358577,1806.24,2453.92
43169,L27,10912,A12,B20,C37,PCS,434,3.18,D,C07,1.358577,1380.12,1875
43169,L27,10912,A12,B20,C37,PCS,440,3.18,D,C07,1.358577,1399.2,1900.92
43169,L27,10912,A12,B20,C37,PCS,707,3.18,D,C07,1.358577,2248.26,3054.43
43169,L27,10912,A12,B20,C37,PCS,171,3.18,D,C07,1.358577,543.78,738.77
43169,L27,10932,A12,B29,C33,PCS,61,1.82,D,C01,6.825646,111.02,757.78
43169,L27,10932,A12,B29,C33,PCS,844,1.82,D,C01,6.825646,1536.08,10484.74
43169,L27,10932,A12,B29,C33,PCS,50,1.82,D,C01,6.825646,91,621.13
43169,L27,10932,A12,B29,C33,PCS,258,1.82,D,C01,6.825646,469.56,3205.05
43169,L27,10932,A12,B29,C33,PCS,766,1.82,D,C01,6.825646,1394.12,9515.77
43169,L27,10932,A12,B29,C33,PCS,707,1.82,D,C01,6.825646,1286.74,8782.83
43169,L27,10932,A12,B29,C33,PCS,232,1.82,D,C01,6.825646,422.24,2882.06
43169,L27,10932,A12,B29,C33,PCS,943,1.82,D,C01,6.825646,1716.26,11714.58
43169,L27,10932,A12,B29,C33,PCS,860,1.82,D,C01,6.825646,1565.2,10683.5
43169,L27,10932,A12,B29,C33,PCS,735,1.82,D,C01,6.825646,1337.7,9130.67
43173,L27,10936,A13,B26,C32,PCS,554,5.48,C,C05,3.40242,3035.92,10329.47
43173,L27,10936,A13,B26,C32,PCS,731,5.48,C,C05,3.40242,4005.88,13629.69
43173,L27,10936,A13,B26,C32,PCS,835,5.48,C,C05,3.40242,4575.8,15568.79
43173,L27,10936,A13,B26,C32,PCS,769,5.48,C,C05,3.40242,4214.12,14338.21
43173,L27,10936,A13,B26,C32,PCS,838,5.48,C,C05,3.40242,4592.24,15624.73
43173,L27,10936,A13,B26,C32,PCS,556,5.48,C,C05,3.40242,3046.88,10366.77
43173,L27,10936,A13,B26,C32,PCS,995,5.48,C,C05,3.40242,5452.6,18552.04
43173,L27,10936,A13,B26,C32,PCS,776,5.48,C,C05,3.40242,4252.48,14468.72
43173,L27,10936,A13,B26,C32,PCS,252,5.48,C,C05,3.40242,1380.96,4698.61
43173,L27,10936,A13,B26,C32,PCS,171,5.48,C,C05,3.40242,937.08,3188.34
43165,L27,10961,A20,B26,C33,PCS,569,3.57,D,C05,3.40242,2031.33,6911.44
43165,L27,10961,A20,B26,C33,PCS,155,3.57,D,C05,3.40242,553.35,1882.73
43165,L27,10961,A20,B26,C33,PCS,219,3.57,D,C05,3.40242,781.83,2660.11
43165,L27,10961,A20,B26,C33,PCS,976,3.57,D,C05,3.40242,3484.32,11855.12
43165,L27,10961,A20,B26,C33,PCS,830,3.57,D,C05,3.40242,2963.1,10081.71
43165,L27,10961,A20,B26,C33,PCS,739,3.57,D,C05,3.40242,2638.23,8976.37
43165,L27,10961,A20,B26,C33,PCS,967,3.57,D,C05,3.40242,3452.19,11745.8
43165,L27,10961,A20,B26,C33,PCS,863,3.57,D,C05,3.40242,3080.91,10482.55
43165,L27,10961,A20,B26,C33,PCS,322,3.57,D,C05,3.40242,1149.54,3911.22
43165,L27,10961,A20,B26,C33,PCS,579,3.57,D,C05,3.40242,2067.03,7032.9
43169,L27,11014,A10,B20,C31,PCS,543,3.18,C,C07,1.358577,1726.74,2345.91
43169,L27,11014,A10,B20,C31,PCS,419,3.18,C,C07,1.358577,1332.42,1810.2
43169,L27,11014,A10,B20,C31,PCS,390,3.18,C,C07,1.358577,1240.2,1684.91
43169,L27,11014,A10,B20,C31,PCS,545,3.18,C,C07,1.358577,1733.1,2354.55
43169,L27,11014,A10,B20,C31,PCS,971,3.18,C,C07,1.358577,3087.78,4194.99
43169,L27,11014,A10,B20,C31,PCS,672,3.18,C,C07,1.358577,2136.96,2903.22
43169,L27,11014,A10,B20,C31,PCS,909,3.18,C,C07,1.358577,2890.62,3927.13
43169,L27,11014,A10,B20,C31,PCS,842,3.18,C,C07,1.358577,2677.56,3637.67
43169,L27,11014,A10,B20,C31,PCS,34,3.18,C,C07,1.358577,108.12,146.89
43169,L27,11014,A10,B20,C31,PCS,164,3.18,C,C07,1.358577,521.52,708.53
43175,L27,11123,A19,B22,C35,PCS,228,9.78,C,C03,7.133317,2229.84,15906.16
43175,L27,11123,A19,B22,C35,PCS,358,9.78,C,C03,7.133317,3501.24,24975.45
43175,L27,11123,A19,B22,C35,PCS,758,9.78,C,C03,7.133317,7413.24,52880.99
43175,L27,11123,A19,B22,C35,PCS,825,9.78,C,C03,7.133317,8068.5,57555.17
43175,L27,11123,A19,B22,C35,PCS,533,9.78,C,C03,7.133317,5212.74,37184.13
43175,L27,11123,A19,B22,C35,PCS,818,9.78,C,C03,7.133317,8000.04,57066.82
43175,L27,11123,A19,B22,C35,PCS,870,9.78,C,C03,7.133317,8508.6,60694.54
43175,L27,11123,A19,B22,C35,PCS,882,9.78,C,C03,7.133317,8625.96,61531.71
43175,L27,11123,A19,B22,C35,PCS,273,9.78,C,C03,7.133317,2669.94,19045.53
43175,L27,11123,A19,B22,C35,PCS,699,9.78,C,C03,7.133317,6836.22,48764.92
43164,L27,11208,A20,B27,C36,PCS,68,9.69,D,C03,7.133317,658.92,4700.29
43164,L27,11208,A20,B27,C36,PCS,370,9.69,D,C03,7.133317,3585.3,25575.08
43164,L27,11208,A20,B27,C36,PCS,553,9.69,D,C03,7.133317,5358.57,38224.38
43164,L27,11208,A20,B27,C36,PCS,806,9.69,D,C03,7.133317,7810.14,55712.2
43164,L27,11208,A20,B27,C36,PCS,231,9.69,D,C03,7.133317,2238.39,15967.15
43164,L27,11208,A20,B27,C36,PCS,667,9.69,D,C03,7.133317,6463.23,46104.27
43164,L27,11208,A20,B27,C36,PCS,894,9.69,D,C03,7.133317,8662.86,61794.93
43164,L27,11208,A20,B27,C36,PCS,726,9.69,D,C03,7.133317,7034.94,50182.46
43164,L27,11208,A20,B27,C36,PCS,31,9.69,D,C03,7.133317,300.39,2142.78
43164,L27,11208,A20,B27,C36,PCS,890,9.69,D,C03,7.133317,8624.1,61518.44
43182,L27,11376,A20,B21,C38,PCS,385,4.08,C,C07,1.358577,1570.8,2134.05
43182,L27,11376,A20,B21,C38,PCS,393,4.08,C,C07,1.358577,1603.44,2178.4
43182,L27,11376,A20,B21,C38,PCS,657,4.08,C,C07,1.358577,2680.56,3641.75
43182,L27,11376,A20,B21,C38,PCS,577,4.08,C,C07,1.358577,2354.16,3198.31
43182,L27,11376,A20,B21,C38,PCS,991,4.08,C,C07,1.358577,4043.28,5493.11
43182,L27,11376,A20,B21,C38,PCS,214,4.08,C,C07,1.358577,873.12,1186.2
43182,L27,11376,A20,B21,C38,PCS,122,4.08,C,C07,1.358577,497.76,676.25
43182,L27,11376,A20,B21,C38,PCS,869,4.08,C,C07,1.358577,3545.52,4816.86
43182,L27,11376,A20,B21,C38,PCS,585,4.08,C,C07,1.358577,2386.8,3242.65
43182,L27,11376,A20,B21,C38,PCS,411,4.08,C,C07,1.358577,1676.88,2278.17
43182,L27,11431,A13,B22,C31,PCS,202,6.53,C,C06,3.547054,1319.06,4678.78
43182,L27,11431,A13,B22,C31,PCS,493,6.53,C,C06,3.547054,3219.29,11419
43182,L27,11431,A13,B22,C31,PCS,432,6.53,C,C06,3.547054,2820.96,10006.1
43182,L27,11431,A13,B22,C31,PCS,859,6.53,C,C06,3.547054,5609.27,19896.38
43182,L27,11431,A13,B22,C31,PCS,533,6.53,C,C06,3.547054,3480.49,12345.49
43182,L27,11431,A13,B22,C31,PCS,736,6.53,C,C06,3.547054,4806.08,17047.43
43182,L27,11431,A13,B22,C31,PCS,582,6.53,C,C06,3.547054,3800.46,13480.44
43182,L27,11431,A13,B22,C31,PCS,396,6.53,C,C06,3.547054,2585.88,9172.26
43182,L27,11431,A13,B22,C31,PCS,595,6.53,C,C06,3.547054,3885.35,13781.55
43182,L27,11431,A13,B22,C31,PCS,885,6.53,C,C06,3.547054,5779.05,20498.6
43164,L27,11591,A11,B21,C33,PCS,384,9.73,C,C04,5.388146,3736.32,20131.84
43164,L27,11591,A11,B21,C33,PCS,693,9.73,C,C04,5.388146,6742.89,36331.68
43164,L27,11591,A11,B21,C33,PCS,297,9.73,C,C04,5.388146,2889.81,15570.72
43164,L27,11591,A11,B21,C33,PCS,825,9.73,C,C04,5.388146,8027.25,43251.99
43164,L27,11591,A11,B21,C33,PCS,819,9.73,C,C04,5.388146,7968.87,42937.44
43164,L27,11591,A11,B21,C33,PCS,427,9.73,C,C04,5.388146,4154.71,22386.18
43164,L27,11591,A11,B21,C33,PCS,242,9.73,C,C04,5.388146,2354.66,12687.25
43164,L27,11591,A11,B21,C33,PCS,491,9.73,C,C04,5.388146,4777.43,25741.49
43164,L27,11591,A11,B21,C33,PCS,362,9.73,C,C04,5.388146,3522.26,18978.45
43164,L27,11591,A11,B21,C33,PCS,321,9.73,C,C04,5.388146,3123.33,16828.96
43166,L27,11598,A19,B21,C33,PCS,950,2.76,D,C05,3.40242,2622,8921.15
43166,L27,11598,A19,B21,C33,PCS,535,2.76,D,C05,3.40242,1476.6,5024.01
43166,L27,11598,A19,B21,C33,PCS,714,2.76,D,C05,3.40242,1970.64,6704.94
43166,L27,11598,A19,B21,C33,PCS,931,2.76,D,C05,3.40242,2569.56,8742.72
43166,L27,11598,A19,B21,C33,PCS,111,2.76,D,C05,3.40242,306.36,1042.37
43166,L27,11598,A19,B21,C33,PCS,259,2.76,D,C05,3.40242,714.84,2432.19
43166,L27,11598,A19,B21,C33,PCS,11,2.76,D,C05,3.40242,30.36,103.3
43166,L27,11598,A19,B21,C33,PCS,445,2.76,D,C05,3.40242,1228.2,4178.85
43166,L27,11598,A19,B21,C33,PCS,212,2.76,D,C05,3.40242,585.12,1990.82
43166,L27,11598,A19,B21,C33,PCS,761,2.76,D,C05,3.40242,2100.36,7146.31
43160,L27,11739,A12,B28,C35,PCS,91,4.56,C,C03,7.133317,414.96,2960.04
43160,L27,11739,A12,B28,C35,PCS,712,4.56,C,C03,7.133317,3246.72,23159.88
43160,L27,11739,A12,B28,C35,PCS,71,4.56,C,C03,7.133317,323.76,2309.48
43160,L27,11739,A12,B28,C35,PCS,239,4.56,C,C03,7.133317,1089.84,7774.17
43160,L27,11739,A12,B28,C35,PCS,60,4.56,C,C03,7.133317,273.6,1951.68
43160,L27,11739,A12,B28,C35,PCS,624,4.56,C,C03,7.133317,2845.44,20297.43
43160,L27,11739,A12,B28,C35,PCS,373,4.56,C,C03,7.133317,1700.88,12132.92
43160,L27,11739,A12,B28,C35,PCS,293,4.56,C,C03,7.133317,1336.08,9530.68
43160,L27,11739,A12,B28,C35,PCS,715,4.56,C,C03,7.133317,3260.4,23257.47
43160,L27,11739,A12,B28,C35,PCS,958,4.56,C,C03,7.133317,4368.48,31161.75
43161,L27,11872,A17,B23,C36,PCS,342,7.94,C,C08,1.496196,2715.48,4062.89
43161,L27,11872,A17,B23,C36,PCS,30,7.94,C,C08,1.496196,238.2,356.39
43161,L27,11872,A17,B23,C36,PCS,336,7.94,C,C08,1.496196,2667.84,3991.61
43161,L27,11872,A17,B23,C36,PCS,577,7.94,C,C08,1.496196,4581.38,6854.64
43161,L27,11872,A17,B23,C36,PCS,561,7.94,C,C08,1.496196,4454.34,6664.57
43161,L27,11872,A17,B23,C36,PCS,666,7.94,C,C08,1.496196,5288.04,7911.94
43161,L27,11872,A17,B23,C36,PCS,184,7.94,C,C08,1.496196,1460.96,2185.88
43161,L27,11872,A17,B23,C36,PCS,972,7.94,C,C08,1.496196,7717.68,11547.16
43161,L27,11872,A17,B23,C36,PCS,124,7.94,C,C08,1.496196,984.56,1473.09
43161,L27,11872,A17,B23,C36,PCS,476,7.94,C,C08,1.496196,3779.44,5654.78
43162,L27,11961,A11,B24,C35,PCS,710,3.1,D,C09,1.199464,2201,2640.02
43162,L27,11961,A11,B24,C35,PCS,250,3.1,D,C09,1.199464,775,929.58
43162,L27,11961,A11,B24,C35,PCS,998,3.1,D,C09,1.199464,3093.8,3710.9
43162,L27,11961,A11,B24,C35,PCS,970,3.1,D,C09,1.199464,3007,3606.79
43162,L27,11961,A11,B24,C35,PCS,647,3.1,D,C09,1.199464,2005.7,2405.76
43162,L27,11961,A11,B24,C35,PCS,350,3.1,D,C09,1.199464,1085,1301.42
43162,L27,11961,A11,B24,C35,PCS,374,3.1,D,C09,1.199464,1159.4,1390.66
43162,L27,11961,A11,B24,C35,PCS,923,3.1,D,C09,1.199464,2861.3,3432.03
43162,L27,11961,A11,B24,C35,PCS,365,3.1,D,C09,1.199464,1131.5,1357.19
43162,L27,11961,A11,B24,C35,PCS,910,3.1,D,C09,1.199464,2821,3383.69
43185,L27,11995,A11,B21,C37,PCS,601,3.92,C,C04,5.388146,2355.92,12694.04
43185,L27,11995,A11,B21,C37,PCS,653,3.92,C,C04,5.388146,2559.76,13792.36
43185,L27,11995,A11,B21,C37,PCS,247,3.92,C,C04,5.388146,968.24,5217.02
43185,L27,11995,A11,B21,C37,PCS,963,3.92,C,C04,5.388146,3774.96,20340.04
43185,L27,11995,A11,B21,C37,PCS,108,3.92,C,C04,5.388146,423.36,2281.13
43185,L27,11995,A11,B21,C37,PCS,606,3.92,C,C04,5.388146,2375.52,12799.65
43185,L27,11995,A11,B21,C37,PCS,231,3.92,C,C04,5.388146,905.52,4879.07
43185,L27,11995,A11,B21,C37,PCS,939,3.92,C,C04,5.388146,3680.88,19833.12
43185,L27,11995,A11,B21,C37,PCS,684,3.92,C,C04,5.388146,2681.28,14447.13
43185,L27,11995,A11,B21,C37,PCS,651,3.92,C,C04,5.388146,2551.92,13750.12
43169,L27,12015,A11,B22,C34,PCS,31,6.34,C,C08,1.496196,196.54,294.06
43169,L27,12015,A11,B22,C34,PCS,398,6.34,C,C08,1.496196,2523.32,3775.38
43169,L27,12015,A11,B22,C34,PCS,289,6.34,C,C08,1.496196,1832.26,2741.42
43169,L27,12015,A11,B22,C34,PCS,976,6.34,C,C08,1.496196,6187.84,9258.22
43169,L27,12015,A11,B22,C34,PCS,564,6.34,C,C08,1.496196,3575.76,5350.04
43169,L27,12015,A11,B22,C34,PCS,81,6.34,C,C08,1.496196,513.54,768.36
43169,L27,12015,A11,B22,C34,PCS,874,6.34,C,C08,1.496196,5541.16,8290.66
43169,L27,12015,A11,B22,C34,PCS,746,6.34,C,C08,1.496196,4729.64,7076.47
43169,L27,12015,A11,B22,C34,PCS,221,6.34,C,C08,1.496196,1401.14,2096.38
43169,L27,12015,A11,B22,C34,PCS,451,6.34,C,C08,1.496196,2859.34,4278.13
43171,L27,12018,A14,B24,C37,PCS,124,7.36,D,C10,8.657656,912.64,7901.32
43171,L27,12018,A14,B24,C37,PCS,371,7.36,D,C10,8.657656,2730.56,23640.25
43171,L27,12018,A14,B24,C37,PCS,59,7.36,D,C10,8.657656,434.24,3759.5
43171,L27,12018,A14,B24,C37,PCS,74,7.36,D,C10,8.657656,544.64,4715.31
43171,L27,12018,A14,B24,C37,PCS,979,7.36,D,C10,8.657656,7205.44,62382.22
43171,L27,12018,A14,B24,C37,PCS,875,7.36,D,C10,8.657656,6440,55755.3
43171,L27,12018,A14,B24,C37,PCS,498,7.36,D,C10,8.657656,3665.28,31732.73
43171,L27,12018,A14,B24,C37,PCS,190,7.36,D,C10,8.657656,1398.4,12106.87
43171,L27,12018,A14,B24,C37,PCS,836,7.36,D,C10,8.657656,6152.96,53270.21
43171,L27,12018,A14,B24,C37,PCS,735,7.36,D,C10,8.657656,5409.6,46834.46
43171,L27,12095,A15,B20,C39,PCS,437,4.94,D,C09,1.199464,2158.78,2589.38
43171,L27,12095,A15,B20,C39,PCS,708,4.94,D,C09,1.199464,3497.52,4195.15
43171,L27,12095,A15,B20,C39,PCS,88,4.94,D,C09,1.199464,434.72,521.43
43171,L27,12095,A15,B20,C39,PCS,599,4.94,D,C09,1.199464,2959.06,3549.29
43171,L27,12095,A15,B20,C39,PCS,367,4.94,D,C09,1.199464,1812.98,2174.6
43171,L27,12095,A15,B20,C39,PCS,847,4.94,D,C09,1.199464,4184.18,5018.77
43171,L27,12095,A15,B20,C39,PCS,283,4.94,D,C09,1.199464,1398.02,1676.87
43171,L27,12095,A15,B20,C39,PCS,825,4.94,D,C09,1.199464,4075.5,4888.42
43171,L27,12095,A15,B20,C39,PCS,485,4.94,D,C09,1.199464,2395.9,2873.8
43171,L27,12095,A15,B20,C39,PCS,209,4.94,D,C09,1.199464,1032.46,1238.4
43190,L27,12105,A10,B21,C35,PCS,408,7.29,D,C10,8.657656,2974.32,25750.64
43190,L27,12105,A10,B21,C35,PCS,337,7.29,D,C10,8.657656,2456.73,21269.52
43190,L27,12105,A10,B21,C35,PCS,159,7.29,D,C10,8.657656,1159.11,10035.18
43190,L27,12105,A10,B21,C35,PCS,989,7.29,D,C10,8.657656,7209.81,62420.05
43190,L27,12105,A10,B21,C35,PCS,380,7.29,D,C10,8.657656,2770.2,23983.44
43190,L27,12105,A10,B21,C35,PCS,29,7.29,D,C10,8.657656,211.41,1830.32
43190,L27,12105,A10,B21,C35,PCS,589,7.29,D,C10,8.657656,4293.81,37174.33
43190,L27,12105,A10,B21,C35,PCS,404,7.29,D,C10,8.657656,2945.16,25498.18
43190,L27,12105,A10,B21,C35,PCS,423,7.29,D,C10,8.657656,3083.67,26697.35
43190,L27,12105,A10,B21,C35,PCS,547,7.29,D,C10,8.657656,3987.63,34523.53
43178,L27,12177,A20,B25,C33,PCS,795,6.37,C,C01,6.825646,5064.15,34566.1
43178,L27,12177,A20,B25,C33,PCS,243,6.37,C,C01,6.825646,1547.91,10565.49
43178,L27,12177,A20,B25,C33,PCS,257,6.37,C,C01,6.825646,1637.09,11174.2
43178,L27,12177,A20,B25,C33,PCS,593,6.37,C,C01,6.825646,3777.41,25783.26
43178,L27,12177,A20,B25,C33,PCS,108,6.37,C,C01,6.825646,687.96,4695.77
43178,L27,12177,A20,B25,C33,PCS,26,6.37,C,C01,6.825646,165.62,1130.46
43178,L27,12177,A20,B25,C33,PCS,895,6.37,C,C01,6.825646,5701.15,38914.03
43178,L27,12177,A20,B25,C33,PCS,985,6.37,C,C01,6.825646,6274.45,42827.17
43178,L27,12177,A20,B25,C33,PCS,896,6.37,C,C01,6.825646,5707.52,38957.51
43178,L27,12177,A20,B25,C33,PCS,556,6.37,C,C01,6.825646,3541.72,24174.53
43170,L27,12248,A10,B21,C30,PCS,507,3.48,C,C08,1.496196,1764.36,2639.83
43170,L27,12248,A10,B21,C30,PCS,161,3.48,C,C08,1.496196,560.28,838.29
43170,L27,12248,A10,B21,C30,PCS,105,3.48,C,C08,1.496196,365.4,546.71
43170,L27,12248,A10,B21,C30,PCS,596,3.48,C,C08,1.496196,2074.08,3103.23
43170,L27,12248,A10,B21,C30,PCS,239,3.48,C,C08,1.496196,831.72,1244.42
43170,L27,12248,A10,B21,C30,PCS,886,3.48,C,C08,1.496196,3083.28,4613.19
43170,L27,12248,A10,B21,C30,PCS,570,3.48,C,C08,1.496196,1983.6,2967.85
43170,L27,12248,A10,B21,C30,PCS,276,3.48,C,C08,1.496196,960.48,1437.07
43170,L27,12248,A10,B21,C30,PCS,729,3.48,C,C08,1.496196,2536.92,3795.73
43170,L27,12248,A10,B21,C30,PCS,168,3.48,C,C08,1.496196,584.64,874.74
43180,L27,12401,A11,B23,C33,PCS,12,2.08,D,C03,7.133317,24.96,178.05
43180,L27,12401,A11,B23,C33,PCS,298,2.08,D,C03,7.133317,619.84,4421.52
43180,L27,12401,A11,B23,C33,PCS,171,2.08,D,C03,7.133317,355.68,2537.18
43180,L27,12401,A11,B23,C33,PCS,169,2.08,D,C03,7.133317,351.52,2507.5
43180,L27,12401,A11,B23,C33,PCS,303,2.08,D,C03,7.133317,630.24,4495.7
43180,L27,12401,A11,B23,C33,PCS,519,2.08,D,C03,7.133317,1079.52,7700.56
43180,L27,12401,A11,B23,C33,PCS,980,2.08,D,C03,7.133317,2038.4,14540.55
43180,L27,12401,A11,B23,C33,PCS,766,2.08,D,C03,7.133317,1593.28,11365.37
43180,L27,12401,A11,B23,C33,PCS,395,2.08,D,C03,7.133317,821.6,5860.73
43180,L27,12401,A11,B23,C33,PCS,376,2.08,D,C03,7.133317,782.08,5578.82
43163,L27,12468,A15,B24,C39,PCS,658,7.25,C,C04,5.388146,4770.5,25704.15
43163,L27,12468,A15,B24,C39,PCS,359,7.25,C,C04,5.388146,2602.75,14024
43163,L27,12468,A15,B24,C39,PCS,690,7.25,C,C04,5.388146,5002.5,26954.2
43163,L27,12468,A15,B24,C39,PCS,737,7.25,C,C04,5.388146,5343.25,28790.21
43163,L27,12468,A15,B24,C39,PCS,597,7.25,C,C04,5.388146,4328.25,23321.24
43163,L27,12468,A15,B24,C39,PCS,266,7.25,C,C04,5.388146,1928.5,10391.04
43163,L27,12468,A15,B24,C39,PCS,77,7.25,C,C04,5.388146,558.25,3007.93
43163,L27,12468,A15,B24,C39,PCS,388,7.25,C,C04,5.388146,2813,15156.85
43163,L27,12468,A15,B24,C39,PCS,799,7.25,C,C04,5.388146,5792.75,31212.18
43163,L27,12468,A15,B24,C39,PCS,118,7.25,C,C04,5.388146,855.5,4609.56
43170,L27,12488,A10,B27,C38,PCS,95,5.11,C,C03,7.133317,485.45,3462.87
43170,L27,12488,A10,B27,C38,PCS,25,5.11,C,C03,7.133317,127.75,911.28
43170,L27,12488,A10,B27,C38,PCS,686,5.11,C,C03,7.133317,3505.46,25005.56
43170,L27,12488,A10,B27,C38,PCS,951,5.11,C,C03,7.133317,4859.61,34665.14
43170,L27,12488,A10,B27,C38,PCS,846,5.11,C,C03,7.133317,4323.06,30837.76
43170,L27,12488,A10,B27,C38,PCS,640,5.11,C,C03,7.133317,3270.4,23328.8
43170,L27,12488,A10,B27,C38,PCS,551,5.11,C,C03,7.133317,2815.61,20084.64
43170,L27,12488,A10,B27,C38,PCS,968,5.11,C,C03,7.133317,4946.48,35284.81
43170,L27,12488,A10,B27,C38,PCS,802,5.11,C,C03,7.133317,4098.22,29233.9
43170,L27,12488,A10,B27,C38,PCS,259,5.11,C,C03,7.133317,1323.49,9440.87
43185,L27,12655,A13,B22,C33,PCS,762,3.92,D,C04,5.388146,2987.04,16094.61
43185,L27,12655,A13,B22,C33,PCS,836,3.92,D,C04,5.388146,3277.12,17657.6
43185,L27,12655,A13,B22,C33,PCS,879,3.92,D,C04,5.388146,3445.68,18565.83
43185,L27,12655,A13,B22,C33,PCS,309,3.92,D,C04,5.388146,1211.28,6526.55
43185,L27,12655,A13,B22,C33,PCS,200,3.92,D,C04,5.388146,784,4224.31
43185,L27,12655,A13,B22,C33,PCS,578,3.92,D,C04,5.388146,2265.76,12208.25
43185,L27,12655,A13,B22,C33,PCS,750,3.92,D,C04,5.388146,2940,15841.15
43185,L27,12655,A13,B22,C33,PCS,715,3.92,D,C04,5.388146,2802.8,15101.9
43185,L27,12655,A13,B22,C33,PCS,382,3.92,D,C04,5.388146,1497.44,8068.43
43185,L27,12655,A13,B22,C33,PCS,338,3.92,D,C04,5.388146,1324.96,7139.08
43183,L27,12970,A19,B28,C36,PCS,729,1.73,D,C07,1.358577,1261.17,1713.4
43183,L27,12970,A19,B28,C36,PCS,200,1.73,D,C07,1.358577,346,470.07
43183,L27,12970,A19,B28,C36,PCS,111,1.73,D,C07,1.358577,192.03,260.89
43183,L27,12970,A19,B28,C36,PCS,417,1.73,D,C07,1.358577,721.41,980.09
43183,L27,12970,A19,B28,C36,PCS,569,1.73,D,C07,1.358577,984.37,1337.34
43183,L27,12970,A19,B28,C36,PCS,464,1.73,D,C07,1.358577,802.72,1090.56
43183,L27,12970,A19,B28,C36,PCS,841,1.73,D,C07,1.358577,1454.93,1976.63
43183,L27,12970,A19,B28,C36,PCS,862,1.73,D,C07,1.358577,1491.26,2025.99
43183,L27,12970,A19,B28,C36,PCS,54,1.73,D,C07,1.358577,93.42,126.92
43183,L27,12970,A19,B28,C36,PCS,473,1.73,D,C07,1.358577,818.29,1111.71
43174,L27,13069,A20,B27,C36,PCS,408,6.23,C,C07,1.358577,2541.84,3453.29
43174,L27,13069,A20,B27,C36,PCS,423,6.23,C,C07,1.358577,2635.29,3580.24
43174,L27,13069,A20,B27,C36,PCS,743,6.23,C,C07,1.358577,4628.89,6288.7
43174,L27,13069,A20,B27,C36,PCS,826,6.23,C,C07,1.358577,5145.98,6991.21
43174,L27,13069,A20,B27,C36,PCS,750,6.23,C,C07,1.358577,4672.5,6347.95
43174,L27,13069,A20,B27,C36,PCS,59,6.23,C,C07,1.358577,367.57,499.37
43174,L27,13069,A20,B27,C36,PCS,98,6.23,C,C07,1.358577,610.54,829.47
43174,L27,13069,A20,B27,C36,PCS,988,6.23,C,C07,1.358577,6155.24,8362.37
43174,L27,13069,A20,B27,C36,PCS,203,6.23,C,C07,1.358577,1264.69,1718.18
43174,L27,13069,A20,B27,C36,PCS,334,6.23,C,C07,1.358577,2080.82,2826.95
43170,L27,13250,A14,B27,C33,PCS,830,8.98,C,C05,3.40242,7453.4,25359.6
43170,L27,13250,A14,B27,C33,PCS,717,8.98,C,C05,3.40242,6438.66,21907.03
43170,L27,13250,A14,B27,C33,PCS,250,8.98,C,C05,3.40242,2245,7638.43
43170,L27,13250,A14,B27,C33,PCS,20,8.98,C,C05,3.40242,179.6,611.07
43170,L27,13250,A14,B27,C33,PCS,108,8.98,C,C05,3.40242,969.84,3299.8
43170,L27,13250,A14,B27,C33,PCS,479,8.98,C,C05,3.40242,4301.42,14635.24
43170,L27,13250,A14,B27,C33,PCS,463,8.98,C,C05,3.40242,4157.74,14146.38
43170,L27,13250,A14,B27,C33,PCS,609,8.98,C,C05,3.40242,5468.82,18607.22
43170,L27,13250,A14,B27,C33,PCS,462,8.98,C,C05,3.40242,4148.76,14115.82
43170,L27,13250,A14,B27,C33,PCS,930,8.98,C,C05,3.40242,8351.4,28414.97
43189,L27,13311,A14,B25,C36,PCS,633,8.05,D,C02,9.912483,5095.65,50510.54
43189,L27,13311,A14,B25,C36,PCS,59,8.05,D,C02,9.912483,474.95,4707.93
43189,L27,13311,A14,B25,C36,PCS,281,8.05,D,C02,9.912483,2262.05,22422.53
43189,L27,13311,A14,B25,C36,PCS,267,8.05,D,C02,9.912483,2149.35,21305.4
43189,L27,13311,A14,B25,C36,PCS,669,8.05,D,C02,9.912483,5385.45,53383.18
43189,L27,13311,A14,B25,C36,PCS,37,8.05,D,C02,9.912483,297.85,2952.43
43189,L27,13311,A14,B25,C36,PCS,553,8.05,D,C02,9.912483,4451.65,44126.9
43189,L27,13311,A14,B25,C36,PCS,827,8.05,D,C02,9.912483,6657.35,65990.87
43189,L27,13311,A14,B25,C36,PCS,685,8.05,D,C02,9.912483,5514.25,54659.91
43189,L27,13311,A14,B25,C36,PCS,750,8.05,D,C02,9.912483,6037.5,59846.62
43161,L27,13403,A11,B21,C40,PCS,656,1.07,C,C01,6.825646,701.92,4791.06
43161,L27,13403,A11,B21,C40,PCS,458,1.07,C,C01,6.825646,490.06,3344.98
43161,L27,13403,A11,B21,C40,PCS,390,1.07,C,C01,6.825646,417.3,2848.34
43161,L27,13403,A11,B21,C40,PCS,132,1.07,C,C01,6.825646,141.24,964.05
43161,L27,13403,A11,B21,C40,PCS,161,1.07,C,C01,6.825646,172.27,1175.85
43161,L27,13403,A11,B21,C40,PCS,133,1.07,C,C01,6.825646,142.31,971.36
43161,L27,13403,A11,B21,C40,PCS,151,1.07,C,C01,6.825646,161.57,1102.82
43161,L27,13403,A11,B21,C40,PCS,476,1.07,C,C01,6.825646,509.32,3476.44
43161,L27,13403,A11,B21,C40,PCS,685,1.07,C,C01,6.825646,732.95,5002.86
43161,L27,13403,A11,B21,C40,PCS,574,1.07,C,C01,6.825646,614.18,4192.18
43170,L27,13586,A19,B27,C34,PCS,217,8.98,C,C05,3.40242,1948.66,6630.16
43170,L27,13586,A19,B27,C34,PCS,76,8.98,C,C05,3.40242,682.48,2322.08
43170,L27,13586,A19,B27,C34,PCS,579,8.98,C,C05,3.40242,5199.42,17690.61
43170,L27,13586,A19,B27,C34,PCS,454,8.98,C,C05,3.40242,4076.92,13871.39
43170,L27,13586,A19,B27,C34,PCS,379,8.98,C,C05,3.40242,3403.42,11579.86
43170,L27,13586,A19,B27,C34,PCS,7,8.98,C,C05,3.40242,62.86,213.88
43170,L27,13586,A19,B27,C34,PCS,179,8.98,C,C05,3.40242,1607.42,5469.12
43170,L27,13586,A19,B27,C34,PCS,975,8.98,C,C05,3.40242,8755.5,29789.89
43170,L27,13586,A19,B27,C34,PCS,176,8.98,C,C05,3.40242,1580.48,5377.46
43170,L27,13586,A19,B27,C34,PCS,458,8.98,C,C05,3.40242,4112.84,13993.61
43170,L27,13638,A15,B23,C38,PCS,321,9.46,D,C04,5.388146,3036.66,16361.97
43170,L27,13638,A15,B23,C38,PCS,562,9.46,D,C04,5.388146,5316.52,28646.19
43170,L27,13638,A15,B23,C38,PCS,358,9.46,D,C04,5.388146,3386.68,18247.93
43170,L27,13638,A15,B23,C38,PCS,936,9.46,D,C04,5.388146,8854.56,47709.66
43170,L27,13638,A15,B23,C38,PCS,128,9.46,D,C04,5.388146,1210.88,6524.4
43170,L27,13638,A15,B23,C38,PCS,963,9.46,D,C04,5.388146,9109.98,49085.9
43170,L27,13638,A15,B23,C38,PCS,746,9.46,D,C04,5.388146,7057.16,38025.01
43170,L27,13638,A15,B23,C38,PCS,278,9.46,D,C04,5.388146,2629.88,14170.18
43170,L27,13638,A15,B23,C38,PCS,308,9.46,D,C04,5.388146,2913.68,15699.33
43170,L27,13638,A15,B23,C38,PCS,597,9.46,D,C04,5.388146,5647.62,30430.2
43178,L27,13640,A16,B29,C39,PCS,40,8.78,D,C09,1.199464,351.2,421.25
43178,L27,13640,A16,B29,C39,PCS,416,8.78,D,C09,1.199464,3652.48,4381.02
43178,L27,13640,A16,B29,C39,PCS,785,8.78,D,C09,1.199464,6892.3,8267.07
43178,L27,13640,A16,B29,C39,PCS,311,8.78,D,C09,1.199464,2730.58,3275.23
43178,L27,13640,A16,B29,C39,PCS,161,8.78,D,C09,1.199464,1413.58,1695.54
43178,L27,13640,A16,B29,C39,PCS,562,8.78,D,C09,1.199464,4934.36,5918.59
43178,L27,13640,A16,B29,C39,PCS,471,8.78,D,C09,1.199464,4135.38,4960.24
43178,L27,13640,A16,B29,C39,PCS,704,8.78,D,C09,1.199464,6181.12,7414.03
43178,L27,13640,A16,B29,C39,PCS,836,8.78,D,C09,1.199464,7340.08,8804.16
43178,L27,13640,A16,B29,C39,PCS,489,8.78,D,C09,1.199464,4293.42,5149.8
43174,L27,13806,A18,B22,C40,PCS,862,6.23,D,C07,1.358577,5370.26,7295.91
43174,L27,13806,A18,B22,C40,PCS,827,6.23,D,C07,1.358577,5152.21,6999.67
43174,L27,13806,A18,B22,C40,PCS,274,6.23,D,C07,1.358577,1707.02,2319.12
43174,L27,13806,A18,B22,C40,PCS,831,6.23,D,C07,1.358577,5177.13,7033.53
43174,L27,13806,A18,B22,C40,PCS,795,6.23,D,C07,1.358577,4952.85,6728.83
43174,L27,13806,A18,B22,C40,PCS,861,6.23,D,C07,1.358577,5364.03,7287.45
43174,L27,13806,A18,B22,C40,PCS,579,6.23,D,C07,1.358577,3607.17,4900.62
43174,L27,13806,A18,B22,C40,PCS,930,6.23,D,C07,1.358577,5793.9,7871.46
43174,L27,13806,A18,B22,C40,PCS,955,6.23,D,C07,1.358577,5949.65,8083.06
43174,L27,13806,A18,B22,C40,PCS,409,6.23,D,C07,1.358577,2548.07,3461.75
43178,L27,13812,A11,B21,C40,PCS,954,6.37,C,C01,6.825646,6076.98,41479.31
43178,L27,13812,A11,B21,C40,PCS,524,6.37,C,C01,6.825646,3337.88,22783.19
43178,L27,13812,A11,B21,C40,PCS,642,6.37,C,C01,6.825646,4089.54,27913.75
43178,L27,13812,A11,B21,C40,PCS,193,6.37,C,C01,6.825646,1229.41,8391.52
43178,L27,13812,A11,B21,C40,PCS,450,6.37,C,C01,6.825646,2866.5,19565.71
43178,L27,13812,A11,B21,C40,PCS,164,6.37,C,C01,6.825646,1044.68,7130.62
43178,L27,13812,A11,B21,C40,PCS,20,6.37,C,C01,6.825646,127.4,869.59
43178,L27,13812,A11,B21,C40,PCS,304,6.37,C,C01,6.825646,1936.48,13217.73
43178,L27,13812,A11,B21,C40,PCS,279,6.37,C,C01,6.825646,1777.23,12130.74
43178,L27,13812,A11,B21,C40,PCS,16,6.37,C,C01,6.825646,101.92,695.67
43160,L27,14068,A13,B21,C36,PCS,371,8.45,C,C09,1.199464,3134.95,3760.26
43160,L27,14068,A13,B21,C36,PCS,945,8.45,C,C09,1.199464,7985.25,9578.02
43160,L27,14068,A13,B21,C36,PCS,201,8.45,C,C09,1.199464,1698.45,2037.23
43160,L27,14068,A13,B21,C36,PCS,742,8.45,C,C09,1.199464,6269.9,7520.52
43160,L27,14068,A13,B21,C36,PCS,229,8.45,C,C09,1.199464,1935.05,2321.02
43160,L27,14068,A13,B21,C36,PCS,910,8.45,C,C09,1.199464,7689.5,9223.28
43160,L27,14068,A13,B21,C36,PCS,993,8.45,C,C09,1.199464,8390.85,10064.52
43160,L27,14068,A13,B21,C36,PCS,483,8.45,C,C09,1.199464,4081.35,4895.43
43160,L27,14068,A13,B21,C36,PCS,937,8.45,C,C09,1.199464,7917.65,9496.94
43160,L27,14068,A13,B21,C36,PCS,646,8.45,C,C09,1.199464,5458.7,6547.51
43166,L27,14122,A17,B26,C38,PCS,411,8.54,D,C02,9.912483,3509.94,34792.22
43166,L27,14122,A17,B26,C38,PCS,384,8.54,D,C02,9.912483,3279.36,32506.6
43166,L27,14122,A17,B26,C38,PCS,739,8.54,D,C02,9.912483,6311.06,62558.27
43166,L27,14122,A17,B26,C38,PCS,88,8.54,D,C02,9.912483,751.52,7449.43
43166,L27,14122,A17,B26,C38,PCS,579,8.54,D,C02,9.912483,4944.66,49013.86
43166,L27,14122,A17,B26,C38,PCS,662,8.54,D,C02,9.912483,5653.48,56040.02
43166,L27,14122,A17,B26,C38,PCS,537,8.54,D,C02,9.912483,4585.98,45458.45
43166,L27,14122,A17,B26,C38,PCS,783,8.54,D,C02,9.912483,6686.82,66282.99
43166,L27,14122,A17,B26,C38,PCS,257,8.54,D,C02,9.912483,2194.78,21755.72
43166,L27,14122,A17,B26,C38,PCS,705,8.54,D,C02,9.912483,6020.7,59680.09
43187,L27,14220,A13,B24,C34,PCS,828,1.87,C,C07,1.358577,1548.36,2103.57
43187,L27,14220,A13,B24,C34,PCS,645,1.87,C,C07,1.358577,1206.15,1638.65
43187,L27,14220,A13,B24,C34,PCS,778,1.87,C,C07,1.358577,1454.86,1976.54
43187,L27,14220,A13,B24,C34,PCS,438,1.87,C,C07,1.358577,819.06,1112.76
43187,L27,14220,A13,B24,C34,PCS,200,1.87,C,C07,1.358577,374,508.11
43187,L27,14220,A13,B24,C34,PCS,573,1.87,C,C07,1.358577,1071.51,1455.73
43187,L27,14220,A13,B24,C34,PCS,289,1.87,C,C07,1.358577,540.43,734.22
43187,L27,14220,A13,B24,C34,PCS,879,1.87,C,C07,1.358577,1643.73,2233.13
43187,L27,14220,A13,B24,C34,PCS,385,1.87,C,C07,1.358577,719.95,978.11
43187,L27,14220,A13,B24,C34,PCS,513,1.87,C,C07,1.358577,959.31,1303.3
43182,L27,14379,A16,B24,C33,PCS,995,4.08,D,C07,1.358577,4059.6,5515.28
43182,L27,14379,A16,B24,C33,PCS,173,4.08,D,C07,1.358577,705.84,958.94
43182,L27,14379,A16,B24,C33,PCS,969,4.08,D,C07,1.358577,3953.52,5371.16
43182,L27,14379,A16,B24,C33,PCS,195,4.08,D,C07,1.358577,795.6,1080.88
43182,L27,14379,A16,B24,C33,PCS,101,4.08,D,C07,1.358577,412.08,559.84
43182,L27,14379,A16,B24,C33,PCS,702,4.08,D,C07,1.358577,2864.16,3891.18
43182,L27,14379,A16,B24,C33,PCS,137,4.08,D,C07,1.358577,558.96,759.39
43182,L27,14379,A16,B24,C33,PCS,401,4.08,D,C07,1.358577,1636.08,2222.74
43182,L27,14379,A16,B24,C33,PCS,893,4.08,D,C07,1.358577,3643.44,4949.89
43182,L27,14379,A16,B24,C33,PCS,947,4.08,D,C07,1.358577,3863.76,5249.22
43190,L27,14513,A16,B23,C38,PCS,416,7.29,C,C10,8.657656,3032.64,26255.55
43190,L27,14513,A16,B23,C38,PCS,714,7.29,C,C10,8.657656,5205.06,45063.62
43190,L27,14513,A16,B23,C38,PCS,537,7.29,C,C10,8.657656,3914.73,33892.39
43190,L27,14513,A16,B23,C38,PCS,135,7.29,C,C10,8.657656,984.15,8520.43
43190,L27,14513,A16,B23,C38,PCS,792,7.29,C,C10,8.657656,5773.68,49986.54
43190,L27,14513,A16,B23,C38,PCS,580,7.29,C,C10,8.657656,4228.2,36606.3
43190,L27,14513,A16,B23,C38,PCS,189,7.29,C,C10,8.657656,1377.81,11928.61
43190,L27,14513,A16,B23,C38,PCS,104,7.29,C,C10,8.657656,758.16,6563.89
43190,L27,14513,A16,B23,C38,PCS,366,7.29,C,C10,8.657656,2668.14,23099.84
43190,L27,14513,A16,B23,C38,PCS,859,7.29,C,C10,8.657656,6262.11,54215.19
43181,L27,14544,A13,B28,C38,PCS,911,9.19,D,C05,3.40242,8372.09,28485.37
43181,L27,14544,A13,B28,C38,PCS,198,9.19,D,C05,3.40242,1819.62,6191.11
43181,L27,14544,A13,B28,C38,PCS,519,9.19,D,C05,3.40242,4769.61,16228.22
43181,L27,14544,A13,B28,C38,PCS,197,9.19,D,C05,3.40242,1810.43,6159.84
43181,L27,14544,A13,B28,C38,PCS,588,9.19,D,C05,3.40242,5403.72,18385.73
43181,L27,14544,A13,B28,C38,PCS,225,9.19,D,C05,3.40242,2067.75,7035.35
43181,L27,14544,A13,B28,C38,PCS,755,9.19,D,C05,3.40242,6938.45,23607.52
43181,L27,14544,A13,B28,C38,PCS,708,9.19,D,C05,3.40242,6506.52,22137.91
43181,L27,14544,A13,B28,C38,PCS,594,9.19,D,C05,3.40242,5458.86,18573.33
43181,L27,14544,A13,B28,C38,PCS,897,9.19,D,C05,3.40242,8243.43,28047.61
43177,L27,14677,A16,B24,C37,PCS,3,4.16,D,C09,1.199464,12.48,14.97
43177,L27,14677,A16,B24,C37,PCS,856,4.16,D,C09,1.199464,3560.96,4271.24
43177,L27,14677,A16,B24,C37,PCS,164,4.16,D,C09,1.199464,682.24,818.32
43177,L27,14677,A16,B24,C37,PCS,197,4.16,D,C09,1.199464,819.52,982.98
43177,L27,14677,A16,B24,C37,PCS,430,4.16,D,C09,1.199464,1788.8,2145.6
43177,L27,14677,A16,B24,C37,PCS,648,4.16,D,C09,1.199464,2695.68,3233.37
43177,L27,14677,A16,B24,C37,PCS,397,4.16,D,C09,1.199464,1651.52,1980.94
43177,L27,14677,A16,B24,C37,PCS,145,4.16,D,C09,1.199464,603.2,723.52
43177,L27,14677,A16,B24,C37,PCS,475,4.16,D,C09,1.199464,1976,2370.14
43177,L27,14677,A16,B24,C37,PCS,914,4.16,D,C09,1.199464,3802.24,4560.65
43179,L27,14757,A10,B22,C32,PCS,637,6.95,D,C01,6.825646,4427.15,30218.16
43179,L27,14757,A10,B22,C32,PCS,875,6.95,D,C01,6.825646,6081.25,41508.46
43179,L27,14757,A10,B22,C32,PCS,766,6.95,D,C01,6.825646,5323.7,36337.69
43179,L27,14757,A10,B22,C32,PCS,243,6.95,D,C01,6.825646,1688.85,11527.49
43179,L27,14757,A10,B22,C32,PCS,185,6.95,D,C01,6.825646,1285.75,8776.07
43179,L27,14757,A10,B22,C32,PCS,737,6.95,D,C01,6.825646,5122.15,34961.98
43179,L27,14757,A10,B22,C32,PCS,637,6.95,D,C01,6.825646,4427.15,30218.16
43179,L27,14757,A10,B22,C32,PCS,708,6.95,D,C01,6.825646,4920.6,33586.27
43179,L27,14757,A10,B22,C32,PCS,599,6.95,D,C01,6.825646,4163.05,28415.51
43179,L27,14757,A10,B22,C32,PCS,834,6.95,D,C01,6.825646,5796.3,39563.49
43185,L27,14776,A20,B25,C30,PCS,623,8.56,D,C05,3.40242,5332.88,18144.7
43185,L27,14776,A20,B25,C30,PCS,614,8.56,D,C05,3.40242,5255.84,17882.58
43185,L27,14776,A20,B25,C30,PCS,578,8.56,D,C05,3.40242,4947.68,16834.09
43185,L27,14776,A20,B25,C30,PCS,985,8.56,D,C05,3.40242,8431.6,28687.84
43185,L27,14776,A20,B25,C30,PCS,986,8.56,D,C05,3.40242,8440.16,28716.97
43185,L27,14776,A20,B25,C30,PCS,767,8.56,D,C05,3.40242,6565.52,22338.66
43185,L27,14776,A20,B25,C30,PCS,689,8.56,D,C05,3.40242,5897.84,20066.93
43185,L27,14776,A20,B25,C30,PCS,875,8.56,D,C05,3.40242,7490,25484.13
43185,L27,14776,A20,B25,C30,PCS,235,8.56,D,C05,3.40242,2011.6,6844.31
43185,L27,14776,A20,B25,C30,PCS,965,8.56,D,C05,3.40242,8260.4,28105.35
43170,L27,15110,A18,B23,C34,PCS,600,6.79,C,C06,3.547054,4074,14450.7
43170,L27,15110,A18,B23,C34,PCS,87,6.79,C,C06,3.547054,590.73,2095.35
43170,L27,15110,A18,B23,C34,PCS,391,6.79,C,C06,3.547054,2654.89,9417.04
43170,L27,15110,A18,B23,C34,PCS,749,6.79,C,C06,3.547054,5085.71,18039.29
43170,L27,15110,A18,B23,C34,PCS,373,6.79,C,C06,3.547054,2532.67,8983.52
43170,L27,15110,A18,B23,C34,PCS,563,6.79,C,C06,3.547054,3822.77,13559.57
43170,L27,15110,A18,B23,C34,PCS,14,6.79,C,C06,3.547054,95.06,337.18
43170,L27,15110,A18,B23,C34,PCS,21,6.79,C,C06,3.547054,142.59,505.77
43170,L27,15110,A18,B23,C34,PCS,449,6.79,C,C06,3.547054,3048.71,10813.94
43170,L27,15110,A18,B23,C34,PCS,851,6.79,C,C06,3.547054,5778.29,20495.91
43189,L27,15487,A12,B26,C30,PCS,461,8.05,C,C02,9.912483,3711.05,36785.72
43189,L27,15487,A12,B26,C30,PCS,411,8.05,C,C02,9.912483,3308.55,32795.95
43189,L27,15487,A12,B26,C30,PCS,213,8.05,C,C02,9.912483,1714.65,16996.44
43189,L27,15487,A12,B26,C30,PCS,581,8.05,C,C02,9.912483,4677.05,46361.18
43189,L27,15487,A12,B26,C30,PCS,493,8.05,C,C02,9.912483,3968.65,39339.18
43189,L27,15487,A12,B26,C30,PCS,516,8.05,C,C02,9.912483,4153.8,41174.47
43189,L27,15487,A12,B26,C30,PCS,45,8.05,C,C02,9.912483,362.25,3590.8
43189,L27,15487,A12,B26,C30,PCS,571,8.05,C,C02,9.912483,4596.55,45563.22
43189,L27,15487,A12,B26,C30,PCS,983,8.05,C,C02,9.912483,7913.15,78438.96
43189,L27,15487,A12,B26,C30,PCS,361,8.05,C,C02,9.912483,2906.05,28806.17
43164,L27,15601,A14,B22,C34,PCS,74,3.39,D,C06,3.547054,250.86,889.81
43164,L27,15601,A14,B22,C34,PCS,272,3.39,D,C06,3.547054,922.08,3270.67
43164,L27,15601,A14,B22,C34,PCS,491,3.39,D,C06,3.547054,1664.49,5904.04
43164,L27,15601,A14,B22,C34,PCS,745,3.39,D,C06,3.547054,2525.55,8958.26
43164,L27,15601,A14,B22,C34,PCS,763,3.39,D,C06,3.547054,2586.57,9174.7
43164,L27,15601,A14,B22,C34,PCS,96,3.39,D,C06,3.547054,325.44,1154.35
43164,L27,15601,A14,B22,C34,PCS,35,3.39,D,C06,3.547054,118.65,420.86
43164,L27,15601,A14,B22,C34,PCS,837,3.39,D,C06,3.547054,2837.43,10064.52
43164,L27,15601,A14,B22,C34,PCS,331,3.39,D,C06,3.547054,1122.09,3980.11
43164,L27,15601,A14,B22,C34,PCS,606,3.39,D,C06,3.547054,2054.34,7286.85
43185,L27,15638,A10,B24,C40,PCS,21,9.31,D,C01,6.825646,195.51,1334.48
43185,L27,15638,A10,B24,C40,PCS,509,9.31,D,C01,6.825646,4738.79,32345.3
43185,L27,15638,A10,B24,C40,PCS,8,9.31,D,C01,6.825646,74.48,508.37
43185,L27,15638,A10,B24,C40,PCS,247,9.31,D,C01,6.825646,2299.57,15696.05
43185,L27,15638,A10,B24,C40,PCS,239,9.31,D,C01,6.825646,2225.09,15187.68
43185,L27,15638,A10,B24,C40,PCS,380,9.31,D,C01,6.825646,3537.8,24147.77
43185,L27,15638,A10,B24,C40,PCS,446,9.31,D,C01,6.825646,4152.26,28341.86
43185,L27,15638,A10,B24,C40,PCS,35,9.31,D,C01,6.825646,325.85,2224.14
43185,L27,15638,A10,B24,C40,PCS,87,9.31,D,C01,6.825646,809.97,5528.57
43185,L27,15638,A10,B24,C40,PCS,506,9.31,D,C01,6.825646,4710.86,32154.66
43188,L27,15736,A20,B22,C37,PCS,951,9.8,C,C08,1.496196,9319.8,13944.25
43188,L27,15736,A20,B22,C37,PCS,125,9.8,C,C08,1.496196,1225,1832.84
43188,L27,15736,A20,B22,C37,PCS,1,9.8,C,C08,1.496196,9.8,14.66
43188,L27,15736,A20,B22,C37,PCS,912,9.8,C,C08,1.496196,8937.6,13372.4
43188,L27,15736,A20,B22,C37,PCS,245,9.8,C,C08,1.496196,2401,3592.37
43188,L27,15736,A20,B22,C37,PCS,188,9.8,C,C08,1.496196,1842.4,2756.59
43188,L27,15736,A20,B22,C37,PCS,809,9.8,C,C08,1.496196,7928.2,11862.14
43188,L27,15736,A20,B22,C37,PCS,196,9.8,C,C08,1.496196,1920.8,2873.89
43188,L27,15736,A20,B22,C37,PCS,425,9.8,C,C08,1.496196,4165,6231.66
43188,L27,15736,A20,B22,C37,PCS,172,9.8,C,C08,1.496196,1685.6,2521.99
43161,L27,15774,A15,B26,C31,PCS,885,7.94,D,C08,1.496196,7026.9,10513.62
43161,L27,15774,A15,B26,C31,PCS,908,7.94,D,C08,1.496196,7209.52,10786.85
43161,L27,15774,A15,B26,C31,PCS,843,7.94,D,C08,1.496196,6693.42,10014.67
43161,L27,15774,A15,B26,C31,PCS,100,7.94,D,C08,1.496196,794,1187.98
43161,L27,15774,A15,B26,C31,PCS,939,7.94,D,C08,1.496196,7455.66,11155.13
43161,L27,15774,A15,B26,C31,PCS,497,7.94,D,C08,1.496196,3946.18,5904.26
43161,L27,15774,A15,B26,C31,PCS,731,7.94,D,C08,1.496196,5804.14,8684.13
43161,L27,15774,A15,B26,C31,PCS,759,7.94,D,C08,1.496196,6026.46,9016.77
43161,L27,15774,A15,B26,C31,PCS,588,7.94,D,C08,1.496196,4668.72,6985.32
43161,L27,15774,A15,B26,C31,PCS,263,7.94,D,C08,1.496196,2088.22,3124.39
43172,L27,15860,A10,B24,C36,PCS,856,4.22,C,C10,8.657656,3612.32,31274.22
43172,L27,15860,A10,B24,C36,PCS,277,4.22,C,C10,8.657656,1168.94,10120.28
43172,L27,15860,A10,B24,C36,PCS,349,4.22,C,C10,8.657656,1472.78,12750.82
43172,L27,15860,A10,B24,C36,PCS,40,4.22,C,C10,8.657656,168.8,1461.41
43172,L27,15860,A10,B24,C36,PCS,413,4.22,C,C10,8.657656,1742.86,15089.08
43172,L27,15860,A10,B24,C36,PCS,714,4.22,C,C10,8.657656,3013.08,26086.21
43172,L27,15860,A10,B24,C36,PCS,765,4.22,C,C10,8.657656,3228.3,27949.51
43172,L27,15860,A10,B24,C36,PCS,25,4.22,C,C10,8.657656,105.5,913.38
43172,L27,15860,A10,B24,C36,PCS,909,4.22,C,C10,8.657656,3835.98,33210.6
43172,L27,15860,A10,B24,C36,PCS,407,4.22,C,C10,8.657656,1717.54,14869.87
43188,L27,15915,A13,B24,C31,PCS,667,8.51,D,C04,5.388146,5676.17,30584.03
43188,L27,15915,A13,B24,C31,PCS,491,8.51,D,C04,5.388146,4178.41,22513.88
43188,L27,15915,A13,B24,C31,PCS,394,8.51,D,C04,5.388146,3352.94,18066.13
43188,L27,15915,A13,B24,C31,PCS,785,8.51,D,C04,5.388146,6680.35,35994.7
43188,L27,15915,A13,B24,C31,PCS,154,8.51,D,C04,5.388146,1310.54,7061.38
43188,L27,15915,A13,B24,C31,PCS,292,8.51,D,C04,5.388146,2484.92,13389.11
43188,L27,15915,A13,B24,C31,PCS,67,8.51,D,C04,5.388146,570.17,3072.16
43188,L27,15915,A13,B24,C31,PCS,995,8.51,D,C04,5.388146,8467.45,45623.86
43188,L27,15915,A13,B24,C31,PCS,58,8.51,D,C04,5.388146,493.58,2659.48
43188,L27,15915,A13,B24,C31,PCS,452,8.51,D,C04,5.388146,3846.52,20725.61
43169,L27,15923,A11,B20,C36,PCS,561,1.55,C,C02,9.912483,869.55,8619.4
43169,L27,15923,A11,B20,C36,PCS,210,1.55,C,C02,9.912483,325.5,3226.51
43169,L27,15923,A11,B20,C36,PCS,943,1.55,C,C02,9.912483,1461.65,14488.58
43169,L27,15923,A11,B20,C36,PCS,423,1.55,C,C02,9.912483,655.65,6499.12
43169,L27,15923,A11,B20,C36,PCS,43,1.55,C,C02,9.912483,66.65,660.67
43169,L27,15923,A11,B20,C36,PCS,279,1.55,C,C02,9.912483,432.45,4286.65
43169,L27,15923,A11,B20,C36,PCS,932,1.55,C,C02,9.912483,1444.6,14319.57
43169,L27,15923,A11,B20,C36,PCS,787,1.55,C,C02,9.912483,1219.85,12091.74
43169,L27,15923,A11,B20,C36,PCS,593,1.55,C,C02,9.912483,919.15,9111.06
43169,L27,15923,A11,B20,C36,PCS,525,1.55,C,C02,9.912483,813.75,8066.28
43188,L27,15929,A15,B20,C30,PCS,452,9.8,C,C08,1.496196,4429.6,6627.55
43188,L27,15929,A15,B20,C30,PCS,115,9.8,C,C08,1.496196,1127,1686.21
43188,L27,15929,A15,B20,C30,PCS,875,9.8,C,C08,1.496196,8575,12829.88
43188,L27,15929,A15,B20,C30,PCS,252,9.8,C,C08,1.496196,2469.6,3695.01
43188,L27,15929,A15,B20,C30,PCS,936,9.8,C,C08,1.496196,9172.8,13724.31
43188,L27,15929,A15,B20,C30,PCS,161,9.8,C,C08,1.496196,1577.8,2360.7
43188,L27,15929,A15,B20,C30,PCS,184,9.8,C,C08,1.496196,1803.2,2697.94
43188,L27,15929,A15,B20,C30,PCS,962,9.8,C,C08,1.496196,9427.6,14105.54
43188,L27,15929,A15,B20,C30,PCS,768,9.8,C,C08,1.496196,7526.4,11260.97
43188,L27,15929,A15,B20,C30,PCS,176,9.8,C,C08,1.496196,1724.8,2580.64
43181,L27,15933,A18,B20,C30,PCS,324,9.19,C,C05,3.40242,2977.56,10130.91
43181,L27,15933,A18,B20,C30,PCS,699,9.19,C,C05,3.40242,6423.81,21856.5
43181,L27,15933,A18,B20,C30,PCS,56,9.19,C,C05,3.40242,514.64,1751.02
43181,L27,15933,A18,B20,C30,PCS,355,9.19,C,C05,3.40242,3262.45,11100.23
43181,L27,15933,A18,B20,C30,PCS,913,9.19,C,C05,3.40242,8390.47,28547.9
43181,L27,15933,A18,B20,C30,PCS,818,9.19,C,C05,3.40242,7517.42,25577.42
43181,L27,15933,A18,B20,C30,PCS,635,9.19,C,C05,3.40242,5835.65,19855.33
43181,L27,15933,A18,B20,C30,PCS,911,9.19,C,C05,3.40242,8372.09,28485.37
43181,L27,15933,A18,B20,C30,PCS,328,9.19,C,C05,3.40242,3014.32,10255.98
43181,L27,15933,A18,B20,C30,PCS,785,9.19,C,C05,3.40242,7214.15,24545.57
43185,L27,15998,A17,B27,C36,PCS,789,2.77,D,C03,7.133317,2185.53,15590.08
43185,L27,15998,A17,B27,C36,PCS,540,2.77,D,C03,7.133317,1495.8,10670.02
43185,L27,15998,A17,B27,C36,PCS,786,2.77,D,C03,7.133317,2177.22,15530.8
43185,L27,15998,A17,B27,C36,PCS,355,2.77,D,C03,7.133317,983.35,7014.55
43185,L27,15998,A17,B27,C36,PCS,87,2.77,D,C03,7.133317,240.99,1719.06
43185,L27,15998,A17,B27,C36,PCS,481,2.77,D,C03,7.133317,1332.37,9504.22
43185,L27,15998,A17,B27,C36,PCS,756,2.77,D,C03,7.133317,2094.12,14938.02
43185,L27,15998,A17,B27,C36,PCS,624,2.77,D,C03,7.133317,1728.48,12329.8
43185,L27,15998,A17,B27,C36,PCS,615,2.77,D,C03,7.133317,1703.55,12151.96
43185,L27,15998,A17,B27,C36,PCS,677,2.77,D,C03,7.133317,1875.29,13377.04
43173,L27,16000,A20,B20,C37,PCS,657,1.89,D,C06,3.547054,1241.73,4404.48
43173,L27,16000,A20,B20,C37,PCS,289,1.89,D,C06,3.547054,546.21,1937.44
43173,L27,16000,A20,B20,C37,PCS,939,1.89,D,C06,3.547054,1774.71,6294.99
43173,L27,16000,A20,B20,C37,PCS,434,1.89,D,C06,3.547054,820.26,2909.51
43173,L27,16000,A20,B20,C37,PCS,794,1.89,D,C06,3.547054,1500.66,5322.92
43173,L27,16000,A20,B20,C37,PCS,239,1.89,D,C06,3.547054,451.71,1602.24
43173,L27,16000,A20,B20,C37,PCS,417,1.89,D,C06,3.547054,788.13,2795.54
43173,L27,16000,A20,B20,C37,PCS,391,1.89,D,C06,3.547054,738.99,2621.24
43173,L27,16000,A20,B20,C37,PCS,41,1.89,D,C06,3.547054,77.49,274.86
43173,L27,16000,A20,B20,C37,PCS,59,1.89,D,C06,3.547054,111.51,395.53
43160,L27,16007,A12,B28,C33,PCS,460,3.29,D,C03,7.133317,1513.4,10795.56
43160,L27,16007,A12,B28,C33,PCS,669,3.29,D,C03,7.133317,2201.01,15700.5
43160,L27,16007,A12,B28,C33,PCS,41,3.29,D,C03,7.133317,134.89,962.21
43160,L27,16007,A12,B28,C33,PCS,759,3.29,D,C03,7.133317,2497.11,17812.68
43160,L27,16007,A12,B28,C33,PCS,791,3.29,D,C03,7.133317,2602.39,18563.67
43160,L27,16007,A12,B28,C33,PCS,875,3.29,D,C03,7.133317,2878.75,20535.04
43160,L27,16007,A12,B28,C33,PCS,148,3.29,D,C03,7.133317,486.92,3473.35
43160,L27,16007,A12,B28,C33,PCS,785,3.29,D,C03,7.133317,2582.65,18422.86
43160,L27,16007,A12,B28,C33,PCS,421,3.29,D,C03,7.133317,1385.09,9880.29
43160,L27,16007,A12,B28,C33,PCS,784,3.29,D,C03,7.133317,2579.36,18399.39
43164,L27,16213,A18,B20,C39,PCS,501,5.79,C,C08,1.496196,2900.79,4340.15
43164,L27,16213,A18,B20,C39,PCS,108,5.79,C,C08,1.496196,625.32,935.6
43164,L27,16213,A18,B20,C39,PCS,534,5.79,C,C08,1.496196,3091.86,4626.03
43164,L27,16213,A18,B20,C39,PCS,152,5.79,C,C08,1.496196,880.08,1316.77
43164,L27,16213,A18,B20,C39,PCS,932,5.79,C,C08,1.496196,5396.28,8073.89
43164,L27,16213,A18,B20,C39,PCS,82,5.79,C,C08,1.496196,474.78,710.36
43164,L27,16213,A18,B20,C39,PCS,778,5.79,C,C08,1.496196,4504.62,6739.79
43164,L27,16213,A18,B20,C39,PCS,475,5.79,C,C08,1.496196,2750.25,4114.91
43164,L27,16213,A18,B20,C39,PCS,113,5.79,C,C08,1.496196,654.27,978.92
43164,L27,16213,A18,B20,C39,PCS,994,5.79,C,C08,1.496196,5755.26,8611
43180,L27,16255,A13,B20,C39,PCS,208,2.08,D,C03,7.133317,432.64,3086.16
43180,L27,16255,A13,B20,C39,PCS,679,2.08,D,C03,7.133317,1412.32,10074.53
43180,L27,16255,A13,B20,C39,PCS,583,2.08,D,C03,7.133317,1212.64,8650.15
43180,L27,16255,A13,B20,C39,PCS,953,2.08,D,C03,7.133317,1982.24,14139.95
43180,L27,16255,A13,B20,C39,PCS,481,2.08,D,C03,7.133317,1000.48,7136.74
43180,L27,16255,A13,B20,C39,PCS,833,2.08,D,C03,7.133317,1732.64,12359.47
43180,L27,16255,A13,B20,C39,PCS,118,2.08,D,C03,7.133317,245.44,1750.8
43180,L27,16255,A13,B20,C39,PCS,116,2.08,D,C03,7.133317,241.28,1721.13
43180,L27,16255,A13,B20,C39,PCS,850,2.08,D,C03,7.133317,1768,12611.7
43180,L27,16255,A13,B20,C39,PCS,505,2.08,D,C03,7.133317,1050.4,7492.84
43180,L27,16276,A15,B27,C40,PCS,705,2.08,C,C03,7.133317,1466.4,10460.3
43180,L27,16276,A15,B27,C40,PCS,693,2.08,C,C03,7.133317,1441.44,10282.25
43180,L27,16276,A15,B27,C40,PCS,883,2.08,C,C03,7.133317,1836.64,13101.34
43180,L27,16276,A15,B27,C40,PCS,463,2.08,C,C03,7.133317,963.04,6869.67
43180,L27,16276,A15,B27,C40,PCS,905,2.08,C,C03,7.133317,1882.4,13427.76
43180,L27,16276,A15,B27,C40,PCS,886,2.08,C,C03,7.133317,1842.88,13145.85
43180,L27,16276,A15,B27,C40,PCS,663,2.08,C,C03,7.133317,1379.04,9837.13
43180,L27,16276,A15,B27,C40,PCS,820,2.08,C,C03,7.133317,1705.6,12166.59
43180,L27,16276,A15,B27,C40,PCS,520,2.08,C,C03,7.133317,1081.6,7715.4
43180,L27,16276,A15,B27,C40,PCS,585,2.08,C,C03,7.133317,1216.8,8679.82
43170,L27,16316,A19,B20,C32,PCS,209,6.79,C,C06,3.547054,1419.11,5033.66
43170,L27,16316,A19,B20,C32,PCS,882,6.79,C,C06,3.547054,5988.78,21242.53
43170,L27,16316,A19,B20,C32,PCS,393,6.79,C,C06,3.547054,2668.47,9465.21
43170,L27,16316,A19,B20,C32,PCS,825,6.79,C,C06,3.547054,5601.75,19869.71
43170,L27,16316,A19,B20,C32,PCS,894,6.79,C,C06,3.547054,6070.26,21531.54
43170,L27,16316,A19,B20,C32,PCS,334,6.79,C,C06,3.547054,2267.86,8044.22
43170,L27,16316,A19,B20,C32,PCS,826,6.79,C,C06,3.547054,5608.54,19893.79
43170,L27,16316,A19,B20,C32,PCS,985,6.79,C,C06,3.547054,6688.15,23723.23
43170,L27,16316,A19,B20,C32,PCS,317,6.79,C,C06,3.547054,2152.43,7634.79
43170,L27,16316,A19,B20,C32,PCS,69,6.79,C,C06,3.547054,468.51,1661.83
43169,L27,16332,A11,B29,C35,PCS,858,1.55,C,C02,9.912483,1329.9,13182.61
43169,L27,16332,A11,B29,C35,PCS,679,1.55,C,C02,9.912483,1052.45,10432.39
43169,L27,16332,A11,B29,C35,PCS,344,1.55,C,C02,9.912483,533.2,5285.34
43169,L27,16332,A11,B29,C35,PCS,347,1.55,C,C02,9.912483,537.85,5331.43
43169,L27,16332,A11,B29,C35,PCS,983,1.55,C,C02,9.912483,1523.65,15103.15
43169,L27,16332,A11,B29,C35,PCS,315,1.55,C,C02,9.912483,488.25,4839.77
43169,L27,16332,A11,B29,C35,PCS,902,1.55,C,C02,9.912483,1398.1,13858.64
43169,L27,16332,A11,B29,C35,PCS,993,1.55,C,C02,9.912483,1539.15,15256.8
43169,L27,16332,A11,B29,C35,PCS,681,1.55,C,C02,9.912483,1055.55,10463.12
43169,L27,16332,A11,B29,C35,PCS,719,1.55,C,C02,9.912483,1114.45,11046.97
43160,L27,16370,A18,B22,C39,PCS,339,4.95,C,C09,1.199464,1678.05,2012.76
43160,L27,16370,A18,B22,C39,PCS,636,4.95,C,C09,1.199464,3148.2,3776.15
43160,L27,16370,A18,B22,C39,PCS,70,4.95,C,C09,1.199464,346.5,415.61
43160,L27,16370,A18,B22,C39,PCS,888,4.95,C,C09,1.199464,4395.6,5272.36
43160,L27,16370,A18,B22,C39,PCS,483,4.95,C,C09,1.199464,2390.85,2867.74
43160,L27,16370,A18,B22,C39,PCS,674,4.95,C,C09,1.199464,3336.3,4001.77
43160,L27,16370,A18,B22,C39,PCS,41,4.95,C,C09,1.199464,202.95,243.43
43160,L27,16370,A18,B22,C39,PCS,170,4.95,C,C09,1.199464,841.5,1009.35
43160,L27,16370,A18,B22,C39,PCS,226,4.95,C,C09,1.199464,1118.7,1341.84
43160,L27,16370,A18,B22,C39,PCS,983,4.95,C,C09,1.199464,4865.85,5836.41
43166,L27,16418,A20,B30,C32,PCS,895,8.54,C,C02,9.912483,7643.3,75764.08
43166,L27,16418,A20,B30,C32,PCS,190,8.54,C,C02,9.912483,1622.6,16083.99
43166,L27,16418,A20,B30,C32,PCS,466,8.54,C,C02,9.912483,3979.64,39448.11
43166,L27,16418,A20,B30,C32,PCS,435,8.54,C,C02,9.912483,3714.9,36823.88
43166,L27,16418,A20,B30,C32,PCS,54,8.54,C,C02,9.912483,461.16,4571.24
43166,L27,16418,A20,B30,C32,PCS,182,8.54,C,C02,9.912483,1554.28,15406.77
43166,L27,16418,A20,B30,C32,PCS,59,8.54,C,C02,9.912483,503.86,4994.5
43166,L27,16418,A20,B30,C32,PCS,574,8.54,C,C02,9.912483,4901.96,48590.6
43166,L27,16418,A20,B30,C32,PCS,313,8.54,C,C02,9.912483,2673.02,26496.27
43166,L27,16418,A20,B30,C32,PCS,492,8.54,C,C02,9.912483,4201.68,41649.08
43176,L27,16554,A14,B20,C38,PCS,783,3.03,C,C09,1.199464,2372.49,2845.72
43176,L27,16554,A14,B20,C38,PCS,191,3.03,C,C09,1.199464,578.73,694.17
43176,L27,16554,A14,B20,C38,PCS,430,3.03,C,C09,1.199464,1302.9,1562.78
43176,L27,16554,A14,B20,C38,PCS,187,3.03,C,C09,1.199464,566.61,679.63
43176,L27,16554,A14,B20,C38,PCS,659,3.03,C,C09,1.199464,1996.77,2395.05
43176,L27,16554,A14,B20,C38,PCS,96,3.03,C,C09,1.199464,290.88,348.9
43176,L27,16554,A14,B20,C38,PCS,960,3.03,C,C09,1.199464,2908.8,3489
43176,L27,16554,A14,B20,C38,PCS,442,3.03,C,C09,1.199464,1339.26,1606.39
43176,L27,16554,A14,B20,C38,PCS,868,3.03,C,C09,1.199464,2630.04,3154.64
43176,L27,16554,A14,B20,C38,PCS,532,3.03,C,C09,1.199464,1611.96,1933.49
43185,L27,16564,A11,B27,C32,PCS,854,3.51,C,C04,5.388146,2997.54,16151.18
43185,L27,16564,A11,B27,C32,PCS,42,3.51,C,C04,5.388146,147.42,794.32
43185,L27,16564,A11,B27,C32,PCS,892,3.51,C,C04,5.388146,3130.92,16869.85
43185,L27,16564,A11,B27,C32,PCS,624,3.51,C,C04,5.388146,2190.24,11801.33
43185,L27,16564,A11,B27,C32,PCS,564,3.51,C,C04,5.388146,1979.64,10666.59
43185,L27,16564,A11,B27,C32,PCS,873,3.51,C,C04,5.388146,3064.23,16510.52
43185,L27,16564,A11,B27,C32,PCS,721,3.51,C,C04,5.388146,2530.71,13635.83
43185,L27,16564,A11,B27,C32,PCS,204,3.51,C,C04,5.388146,716.04,3858.13
43185,L27,16564,A11,B27,C32,PCS,577,3.51,C,C04,5.388146,2025.27,10912.45
43185,L27,16564,A11,B27,C32,PCS,137,3.51,C,C04,5.388146,480.87,2591
43165,L27,16597,A19,B22,C40,PCS,841,9,C,C01,6.825646,7569,51663.31
43165,L27,16597,A19,B22,C40,PCS,246,9,C,C01,6.825646,2214,15111.98
43165,L27,16597,A19,B22,C40,PCS,40,9,C,C01,6.825646,360,2457.23
43165,L27,16597,A19,B22,C40,PCS,407,9,C,C01,6.825646,3663,25002.34
43165,L27,16597,A19,B22,C40,PCS,889,9,C,C01,6.825646,8001,54611.99
43165,L27,16597,A19,B22,C40,PCS,410,9,C,C01,6.825646,3690,25186.63
43165,L27,16597,A19,B22,C40,PCS,764,9,C,C01,6.825646,6876,46933.14
43165,L27,16597,A19,B22,C40,PCS,106,9,C,C01,6.825646,954,6511.67
43165,L27,16597,A19,B22,C40,PCS,354,9,C,C01,6.825646,3186,21746.51
43165,L27,16597,A19,B22,C40,PCS,77,9,C,C01,6.825646,693,4730.17
43178,L27,16639,A19,B26,C39,PCS,233,1.9,D,C03,7.133317,442.7,3157.92
43178,L27,16639,A19,B26,C39,PCS,535,1.9,D,C03,7.133317,1016.5,7251.02
43178,L27,16639,A19,B26,C39,PCS,710,1.9,D,C03,7.133317,1349,9622.84
43178,L27,16639,A19,B26,C39,PCS,311,1.9,D,C03,7.133317,590.9,4215.08
43178,L27,16639,A19,B26,C39,PCS,612,1.9,D,C03,7.133317,1162.8,8294.62
43178,L27,16639,A19,B26,C39,PCS,114,1.9,D,C03,7.133317,216.6,1545.08
43178,L27,16639,A19,B26,C39,PCS,190,1.9,D,C03,7.133317,361,2575.13
43178,L27,16639,A19,B26,C39,PCS,972,1.9,D,C03,7.133317,1846.8,13173.81
43178,L27,16639,A19,B26,C39,PCS,634,1.9,D,C03,7.133317,1204.6,8592.79
43178,L27,16639,A19,B26,C39,PCS,855,1.9,D,C03,7.133317,1624.5,11588.07
43190,L27,16774,A17,B24,C31,PCS,919,3.7,D,C05,3.40242,3400.3,11569.25
43190,L27,16774,A17,B24,C31,PCS,161,3.7,D,C05,3.40242,595.7,2026.82
43190,L27,16774,A17,B24,C31,PCS,971,3.7,D,C05,3.40242,3592.7,12223.87
43190,L27,16774,A17,B24,C31,PCS,707,3.7,D,C05,3.40242,2615.9,8900.39
43190,L27,16774,A17,B24,C31,PCS,526,3.7,D,C05,3.40242,1946.2,6621.79
43190,L27,16774,A17,B24,C31,PCS,642,3.7,D,C05,3.40242,2375.4,8082.11
43190,L27,16774,A17,B24,C31,PCS,582,3.7,D,C05,3.40242,2153.4,7326.77
43190,L27,16774,A17,B24,C31,PCS,639,3.7,D,C05,3.40242,2364.3,8044.34
43190,L27,16774,A17,B24,C31,PCS,688,3.7,D,C05,3.40242,2545.6,8661.2
43190,L27,16774,A17,B24,C31,PCS,324,3.7,D,C05,3.40242,1198.8,4078.82
43173,L27,16804,A14,B25,C38,PCS,516,1.89,C,C06,3.547054,975.24,3459.23
43173,L27,16804,A14,B25,C38,PCS,991,1.89,C,C06,3.547054,1872.99,6643.6
43173,L27,16804,A14,B25,C38,PCS,713,1.89,C,C06,3.547054,1347.57,4779.9
43173,L27,16804,A14,B25,C38,PCS,26,1.89,C,C06,3.547054,49.14,174.3
43173,L27,16804,A14,B25,C38,PCS,976,1.89,C,C06,3.547054,1844.64,6543.04
43173,L27,16804,A14,B25,C38,PCS,556,1.89,C,C06,3.547054,1050.84,3727.39
43173,L27,16804,A14,B25,C38,PCS,213,1.89,C,C06,3.547054,402.57,1427.94
43173,L27,16804,A14,B25,C38,PCS,62,1.89,C,C06,3.547054,117.18,415.64
43173,L27,16804,A14,B25,C38,PCS,4,1.89,C,C06,3.547054,7.56,26.82
43173,L27,16804,A14,B25,C38,PCS,160,1.89,C,C06,3.547054,302.4,1072.63
43173,L27,16848,A20,B24,C40,PCS,999,8.34,D,C02,9.912483,8331.66,82587.44
43173,L27,16848,A20,B24,C40,PCS,689,8.34,D,C02,9.912483,5746.26,56959.7
43173,L27,16848,A20,B24,C40,PCS,200,8.34,D,C02,9.912483,1668,16534.02
43173,L27,16848,A20,B24,C40,PCS,750,8.34,D,C02,9.912483,6255,62002.58
43173,L27,16848,A20,B24,C40,PCS,4,8.34,D,C02,9.912483,33.36,330.68
43173,L27,16848,A20,B24,C40,PCS,529,8.34,D,C02,9.912483,4411.86,43732.49
43173,L27,16848,A20,B24,C40,PCS,522,8.34,D,C02,9.912483,4353.48,43153.8
43173,L27,16848,A20,B24,C40,PCS,452,8.34,D,C02,9.912483,3769.68,37366.89
43173,L27,16848,A20,B24,C40,PCS,560,8.34,D,C02,9.912483,4670.4,46295.26
43173,L27,16848,A20,B24,C40,PCS,959,8.34,D,C02,9.912483,7998.06,79280.63
43165,L27,16896,A11,B28,C30,PCS,640,3.57,D,C05,3.40242,2284.8,7773.85
43165,L27,16896,A11,B28,C30,PCS,352,3.57,D,C05,3.40242,1256.64,4275.62
43165,L27,16896,A11,B28,C30,PCS,445,3.57,D,C05,3.40242,1588.65,5405.25
43165,L27,16896,A11,B28,C30,PCS,611,3.57,D,C05,3.40242,2181.27,7421.6
43165,L27,16896,A11,B28,C30,PCS,319,3.57,D,C05,3.40242,1138.83,3874.78
43165,L27,16896,A11,B28,C30,PCS,214,3.57,D,C05,3.40242,763.98,2599.38
43165,L27,16896,A11,B28,C30,PCS,663,3.57,D,C05,3.40242,2366.91,8053.22
43165,L27,16896,A11,B28,C30,PCS,232,3.57,D,C05,3.40242,828.24,2818.02
43165,L27,16896,A11,B28,C30,PCS,44,3.57,D,C05,3.40242,157.08,534.45
43165,L27,16896,A11,B28,C30,PCS,689,3.57,D,C05,3.40242,2459.73,8369.03
43168,L27,16967,A19,B20,C39,PCS,956,5.49,C,C04,5.388146,5248.44,28279.36
43168,L27,16967,A19,B20,C39,PCS,634,5.49,C,C04,5.388146,3480.66,18754.3
43168,L27,16967,A19,B20,C39,PCS,203,5.49,C,C04,5.388146,1114.47,6004.93
43168,L27,16967,A19,B20,C39,PCS,688,5.49,C,C04,5.388146,3777.12,20351.67
43168,L27,16967,A19,B20,C39,PCS,846,5.49,C,C04,5.388146,4644.54,25025.46
43168,L27,16967,A19,B20,C39,PCS,282,5.49,C,C04,5.388146,1548.18,8341.82
43168,L27,16967,A19,B20,C39,PCS,512,5.49,C,C04,5.388146,2810.88,15145.43
43168,L27,16967,A19,B20,C39,PCS,978,5.49,C,C04,5.388146,5369.22,28930.14
43168,L27,16967,A19,B20,C39,PCS,484,5.49,C,C04,5.388146,2657.16,14317.17
43168,L27,16967,A19,B20,C39,PCS,447,5.49,C,C04,5.388146,2454.03,13222.67
43171,L27,17170,A13,B28,C33,PCS,617,9.05,D,C09,1.199464,5583.85,6697.63
43171,L27,17170,A13,B28,C33,PCS,952,9.05,D,C09,1.199464,8615.6,10334.1
43171,L27,17170,A13,B28,C33,PCS,922,9.05,D,C09,1.199464,8344.1,10008.45
43171,L27,17170,A13,B28,C33,PCS,395,9.05,D,C09,1.199464,3574.75,4287.78
43171,L27,17170,A13,B28,C33,PCS,396,9.05,D,C09,1.199464,3583.8,4298.64
43171,L27,17170,A13,B28,C33,PCS,182,9.05,D,C09,1.199464,1647.1,1975.64
43171,L27,17170,A13,B28,C33,PCS,21,9.05,D,C09,1.199464,190.05,227.96
43171,L27,17170,A13,B28,C33,PCS,694,9.05,D,C09,1.199464,6280.7,7533.47
43171,L27,17170,A13,B28,C33,PCS,173,9.05,D,C09,1.199464,1565.65,1877.94
43171,L27,17170,A13,B28,C33,PCS,859,9.05,D,C09,1.199464,7773.95,9324.57
43166,L27,17240,A12,B29,C37,PCS,994,8.54,C,C02,9.912483,8488.76,84144.69
43166,L27,17240,A12,B29,C37,PCS,466,8.54,C,C02,9.912483,3979.64,39448.11
43166,L27,17240,A12,B29,C37,PCS,932,8.54,C,C02,9.912483,7959.28,78896.23
43166,L27,17240,A12,B29,C37,PCS,719,8.54,C,C02,9.912483,6140.26,60865.22
43166,L27,17240,A12,B29,C37,PCS,630,8.54,C,C02,9.912483,5380.2,53331.14
43166,L27,17240,A12,B29,C37,PCS,974,8.54,C,C02,9.912483,8317.96,82451.64
43166,L27,17240,A12,B29,C37,PCS,844,8.54,C,C02,9.912483,7207.76,71446.8
43166,L27,17240,A12,B29,C37,PCS,699,8.54,C,C02,9.912483,5969.46,59172.17
43166,L27,17240,A12,B29,C37,PCS,472,8.54,C,C02,9.912483,4030.88,39956.03
43166,L27,17240,A12,B29,C37,PCS,795,8.54,C,C02,9.912483,6789.3,67298.82
43166,L27,17255,A20,B27,C30,PCS,189,6.67,D,C01,6.825646,1260.63,8604.61
43166,L27,17255,A20,B27,C30,PCS,892,6.67,D,C01,6.825646,5949.64,40610.14
43166,L27,17255,A20,B27,C30,PCS,234,6.67,D,C01,6.825646,1560.78,10653.33
43166,L27,17255,A20,B27,C30,PCS,320,6.67,D,C01,6.825646,2134.4,14568.66
43166,L27,17255,A20,B27,C30,PCS,232,6.67,D,C01,6.825646,1547.44,10562.28
43166,L27,17255,A20,B27,C30,PCS,216,6.67,D,C01,6.825646,1440.72,9833.84
43166,L27,17255,A20,B27,C30,PCS,409,6.67,D,C01,6.825646,2728.03,18620.57
43166,L27,17255,A20,B27,C30,PCS,36,6.67,D,C01,6.825646,240.12,1638.97
43166,L27,17255,A20,B27,C30,PCS,10,6.67,D,C01,6.825646,66.7,455.27
43166,L27,17255,A20,B27,C30,PCS,249,6.67,D,C01,6.825646,1660.83,11336.24
43160,L27,17406,A19,B23,C33,PCS,655,9.12,C,C02,9.912483,5973.6,59213.21
43160,L27,17406,A19,B23,C33,PCS,390,9.12,C,C02,9.912483,3556.8,35256.72
43160,L27,17406,A19,B23,C33,PCS,364,9.12,C,C02,9.912483,3319.68,32906.27
43160,L27,17406,A19,B23,C33,PCS,633,9.12,C,C02,9.912483,5772.96,57224.37
43160,L27,17406,A19,B23,C33,PCS,902,9.12,C,C02,9.912483,8226.24,81542.46
43160,L27,17406,A19,B23,C33,PCS,678,9.12,C,C02,9.912483,6183.36,61292.45
43160,L27,17406,A19,B23,C33,PCS,813,9.12,C,C02,9.912483,7414.56,73496.7
43160,L27,17406,A19,B23,C33,PCS,680,9.12,C,C02,9.912483,6201.6,61473.25
43160,L27,17406,A19,B23,C33,PCS,736,9.12,C,C02,9.912483,6712.32,66535.76
43160,L27,17406,A19,B23,C33,PCS,709,9.12,C,C02,9.912483,6466.08,64094.91
43173,L27,17411,A13,B28,C40,PCS,477,1.89,D,C06,3.547054,901.53,3197.78
43173,L27,17411,A13,B28,C40,PCS,307,1.89,D,C06,3.547054,580.23,2058.11
43173,L27,17411,A13,B28,C40,PCS,200,1.89,D,C06,3.547054,378,1340.79
43173,L27,17411,A13,B28,C40,PCS,865,1.89,D,C06,3.547054,1634.85,5798.9
43173,L27,17411,A13,B28,C40,PCS,689,1.89,D,C06,3.547054,1302.21,4619.01
43173,L27,17411,A13,B28,C40,PCS,335,1.89,D,C06,3.547054,633.15,2245.82
43173,L27,17411,A13,B28,C40,PCS,124,1.89,D,C06,3.547054,234.36,831.29
43173,L27,17411,A13,B28,C40,PCS,476,1.89,D,C06,3.547054,899.64,3191.07
43173,L27,17411,A13,B28,C40,PCS,861,1.89,D,C06,3.547054,1627.29,5772.09
43173,L27,17411,A13,B28,C40,PCS,321,1.89,D,C06,3.547054,606.69,2151.96
43168,L27,17496,A20,B26,C36,PCS,187,1.51,C,C08,1.496196,282.37,422.48
43168,L27,17496,A20,B26,C36,PCS,557,1.51,C,C08,1.496196,841.07,1258.41
43168,L27,17496,A20,B26,C36,PCS,516,1.51,C,C08,1.496196,779.16,1165.78
43168,L27,17496,A20,B26,C36,PCS,960,1.51,C,C08,1.496196,1449.6,2168.89
43168,L27,17496,A20,B26,C36,PCS,667,1.51,C,C08,1.496196,1007.17,1506.92
43168,L27,17496,A20,B26,C36,PCS,281,1.51,C,C08,1.496196,424.31,634.85
43168,L27,17496,A20,B26,C36,PCS,300,1.51,C,C08,1.496196,453,677.78
43168,L27,17496,A20,B26,C36,PCS,668,1.51,C,C08,1.496196,1008.68,1509.18
43168,L27,17496,A20,B26,C36,PCS,653,1.51,C,C08,1.496196,986.03,1475.29
43168,L27,17496,A20,B26,C36,PCS,358,1.51,C,C08,1.496196,540.58,808.81
43170,L27,17540,A11,B27,C33,PCS,356,8.98,C,C05,3.40242,3196.88,10877.13
43170,L27,17540,A11,B27,C33,PCS,290,8.98,C,C05,3.40242,2604.2,8860.58
43170,L27,17540,A11,B27,C33,PCS,847,8.98,C,C05,3.40242,7606.06,25879.01
43170,L27,17540,A11,B27,C33,PCS,331,8.98,C,C05,3.40242,2972.38,10113.29
43170,L27,17540,A11,B27,C33,PCS,30,8.98,C,C05,3.40242,269.4,916.61
43170,L27,17540,A11,B27,C33,PCS,141,8.98,C,C05,3.40242,1266.18,4308.08
43170,L27,17540,A11,B27,C33,PCS,183,8.98,C,C05,3.40242,1643.34,5591.33
43170,L27,17540,A11,B27,C33,PCS,232,8.98,C,C05,3.40242,2083.36,7088.47
43170,L27,17540,A11,B27,C33,PCS,830,8.98,C,C05,3.40242,7453.4,25359.6
43170,L27,17540,A11,B27,C33,PCS,567,8.98,C,C05,3.40242,5091.66,17323.97
43166,L27,17577,A14,B21,C35,PCS,857,8.54,C,C02,9.912483,7318.78,72547.28
43166,L27,17577,A14,B21,C35,PCS,459,8.54,C,C02,9.912483,3919.86,38855.55
43166,L27,17577,A14,B21,C35,PCS,759,8.54,C,C02,9.912483,6481.86,64251.33
43166,L27,17577,A14,B21,C35,PCS,106,8.54,C,C02,9.912483,905.24,8973.18
43166,L27,17577,A14,B21,C35,PCS,592,8.54,C,C02,9.912483,5055.68,50114.34
43166,L27,17577,A14,B21,C35,PCS,631,8.54,C,C02,9.912483,5388.74,53415.79
43166,L27,17577,A14,B21,C35,PCS,681,8.54,C,C02,9.912483,5815.74,57648.42
43166,L27,17577,A14,B21,C35,PCS,349,8.54,C,C02,9.912483,2980.46,29543.76
43166,L27,17577,A14,B21,C35,PCS,25,8.54,C,C02,9.912483,213.5,2116.32
43166,L27,17577,A14,B21,C35,PCS,435,8.54,C,C02,9.912483,3714.9,36823.88
43166,L27,17687,A19,B21,C33,PCS,541,8.54,D,C02,9.912483,4620.14,45797.06
43166,L27,17687,A19,B21,C33,PCS,468,8.54,D,C02,9.912483,3996.72,39617.42
43166,L27,17687,A19,B21,C33,PCS,930,8.54,D,C02,9.912483,7942.2,78726.92
43166,L27,17687,A19,B21,C33,PCS,120,8.54,D,C02,9.912483,1024.8,10158.31
43166,L27,17687,A19,B21,C33,PCS,817,8.54,D,C02,9.912483,6977.18,69161.18
43166,L27,17687,A19,B21,C33,PCS,792,8.54,D,C02,9.912483,6763.68,67044.86
43166,L27,17687,A19,B21,C33,PCS,815,8.54,D,C02,9.912483,6960.1,68991.87
43166,L27,17687,A19,B21,C33,PCS,6,8.54,D,C02,9.912483,51.24,507.92
43166,L27,17687,A19,B21,C33,PCS,906,8.54,D,C02,9.912483,7737.24,76695.26
43166,L27,17687,A19,B21,C33,PCS,581,8.54,D,C02,9.912483,4961.74,49183.16
43188,L27,17692,A20,B25,C37,PCS,751,9.8,C,C08,1.496196,7359.8,11011.7
43188,L27,17692,A20,B25,C37,PCS,955,9.8,C,C08,1.496196,9359,14002.9
43188,L27,17692,A20,B25,C37,PCS,722,9.8,C,C08,1.496196,7075.6,10586.48
43188,L27,17692,A20,B25,C37,PCS,494,9.8,C,C08,1.496196,4841.2,7243.38
43188,L27,17692,A20,B25,C37,PCS,306,9.8,C,C08,1.496196,2998.8,4486.79
43188,L27,17692,A20,B25,C37,PCS,323,9.8,C,C08,1.496196,3165.4,4736.06
43188,L27,17692,A20,B25,C37,PCS,440,9.8,C,C08,1.496196,4312,6451.6
43188,L27,17692,A20,B25,C37,PCS,445,9.8,C,C08,1.496196,4361,6524.91
43188,L27,17692,A20,B25,C37,PCS,757,9.8,C,C08,1.496196,7418.6,11099.68
43188,L27,17692,A20,B25,C37,PCS,271,9.8,C,C08,1.496196,2655.8,3973.6
43176,L27,17717,A18,B20,C31,PCS,746,3.03,D,C09,1.199464,2260.38,2711.24
43176,L27,17717,A18,B20,C31,PCS,991,3.03,D,C09,1.199464,3002.73,3601.67
43176,L27,17717,A18,B20,C31,PCS,498,3.03,D,C09,1.199464,1508.94,1809.92
43176,L27,17717,A18,B20,C31,PCS,598,3.03,D,C09,1.199464,1811.94,2173.36
43176,L27,17717,A18,B20,C31,PCS,880,3.03,D,C09,1.199464,2666.4,3198.25
43176,L27,17717,A18,B20,C31,PCS,632,3.03,D,C09,1.199464,1914.96,2296.93
43176,L27,17717,A18,B20,C31,PCS,497,3.03,D,C09,1.199464,1505.91,1806.28
43176,L27,17717,A18,B20,C31,PCS,539,3.03,D,C09,1.199464,1633.17,1958.93
43176,L27,17717,A18,B20,C31,PCS,160,3.03,D,C09,1.199464,484.8,581.5
43176,L27,17717,A18,B20,C31,PCS,453,3.03,D,C09,1.199464,1372.59,1646.37
43181,L27,17745,A13,B27,C39,PCS,167,2.24,C,C05,3.40242,374.08,1272.78
43181,L27,17745,A13,B27,C39,PCS,234,2.24,C,C05,3.40242,524.16,1783.41
43181,L27,17745,A13,B27,C39,PCS,159,2.24,C,C05,3.40242,356.16,1211.81
43181,L27,17745,A13,B27,C39,PCS,984,2.24,C,C05,3.40242,2204.16,7499.48
43181,L27,17745,A13,B27,C39,PCS,255,2.24,C,C05,3.40242,571.2,1943.46
43181,L27,17745,A13,B27,C39,PCS,983,2.24,C,C05,3.40242,2201.92,7491.86
43181,L27,17745,A13,B27,C39,PCS,628,2.24,C,C05,3.40242,1406.72,4786.25
43181,L27,17745,A13,B27,C39,PCS,774,2.24,C,C05,3.40242,1733.76,5898.98
43181,L27,17745,A13,B27,C39,PCS,152,2.24,C,C05,3.40242,340.48,1158.46
43181,L27,17745,A13,B27,C39,PCS,967,2.24,C,C05,3.40242,2166.08,7369.91
43188,L27,17794,A15,B21,C39,PCS,700,8.51,C,C04,5.388146,5957,32097.19
43188,L27,17794,A15,B21,C39,PCS,38,8.51,C,C04,5.388146,323.38,1742.42
43188,L27,17794,A15,B21,C39,PCS,114,8.51,C,C04,5.388146,970.14,5227.26
43188,L27,17794,A15,B21,C39,PCS,537,8.51,C,C04,5.388146,4569.87,24623.13
43188,L27,17794,A15,B21,C39,PCS,260,8.51,C,C04,5.388146,2212.6,11921.81
43188,L27,17794,A15,B21,C39,PCS,691,8.51,C,C04,5.388146,5880.41,31684.51
43188,L27,17794,A15,B21,C39,PCS,480,8.51,C,C04,5.388146,4084.8,22009.5
43188,L27,17794,A15,B21,C39,PCS,855,8.51,C,C04,5.388146,7276.05,39204.42
43188,L27,17794,A15,B21,C39,PCS,140,8.51,C,C04,5.388146,1191.4,6419.44
43188,L27,17794,A15,B21,C39,PCS,406,8.51,C,C04,5.388146,3455.06,18616.37
43181,L27,17829,A15,B28,C39,PCS,765,2.24,D,C05,3.40242,1713.6,5830.39
43181,L27,17829,A15,B28,C39,PCS,94,2.24,D,C05,3.40242,210.56,716.41
43181,L27,17829,A15,B28,C39,PCS,114,2.24,D,C05,3.40242,255.36,868.84
43181,L27,17829,A15,B28,C39,PCS,14,2.24,D,C05,3.40242,31.36,106.7
43181,L27,17829,A15,B28,C39,PCS,402,2.24,D,C05,3.40242,900.48,3063.81
43181,L27,17829,A15,B28,C39,PCS,856,2.24,D,C05,3.40242,1917.44,6523.94
43181,L27,17829,A15,B28,C39,PCS,650,2.24,D,C05,3.40242,1456,4953.92
43181,L27,17829,A15,B28,C39,PCS,688,2.24,D,C05,3.40242,1541.12,5243.54
43181,L27,17829,A15,B28,C39,PCS,349,2.24,D,C05,3.40242,781.76,2659.88
43181,L27,17829,A15,B28,C39,PCS,332,2.24,D,C05,3.40242,743.68,2530.31
43164,L27,17926,A14,B21,C35,PCS,844,9.73,C,C04,5.388146,8212.12,44248.1
43164,L27,17926,A14,B21,C35,PCS,138,9.73,C,C04,5.388146,1342.74,7234.88
43164,L27,17926,A14,B21,C35,PCS,538,9.73,C,C04,5.388146,5234.74,28205.54
43164,L27,17926,A14,B21,C35,PCS,4,9.73,C,C04,5.388146,38.92,209.71
43164,L27,17926,A14,B21,C35,PCS,886,9.73,C,C04,5.388146,8620.78,46450.02
43164,L27,17926,A14,B21,C35,PCS,175,9.73,C,C04,5.388146,1702.75,9174.67
43164,L27,17926,A14,B21,C35,PCS,728,9.73,C,C04,5.388146,7083.44,38166.61
43164,L27,17926,A14,B21,C35,PCS,711,9.73,C,C04,5.388146,6918.03,37275.36
43164,L27,17926,A14,B21,C35,PCS,846,9.73,C,C04,5.388146,8231.58,44352.95
43164,L27,17926,A14,B21,C35,PCS,633,9.73,C,C04,5.388146,6159.09,33186.08
43182,L27,17935,A18,B24,C32,PCS,353,6.53,C,C06,3.547054,2305.09,8176.28
43182,L27,17935,A18,B24,C32,PCS,458,6.53,C,C06,3.547054,2990.74,10608.32
43182,L27,17935,A18,B24,C32,PCS,81,6.53,C,C06,3.547054,528.93,1876.14
43182,L27,17935,A18,B24,C32,PCS,328,6.53,C,C06,3.547054,2141.84,7597.22
43182,L27,17935,A18,B24,C32,PCS,603,6.53,C,C06,3.547054,3937.59,13966.84
43182,L27,17935,A18,B24,C32,PCS,731,6.53,C,C06,3.547054,4773.43,16931.61
43182,L27,17935,A18,B24,C32,PCS,172,6.53,C,C06,3.547054,1123.16,3983.91
43182,L27,17935,A18,B24,C32,PCS,840,6.53,C,C06,3.547054,5485.2,19456.3
43182,L27,17935,A18,B24,C32,PCS,812,6.53,C,C06,3.547054,5302.36,18807.76
43182,L27,17935,A18,B24,C32,PCS,755,6.53,C,C06,3.547054,4930.15,17487.51
43166,L27,17989,A12,B27,C35,PCS,409,8.54,D,C02,9.912483,3492.86,34622.92
43166,L27,17989,A12,B27,C35,PCS,775,8.54,D,C02,9.912483,6618.5,65605.77
43166,L27,17989,A12,B27,C35,PCS,45,8.54,D,C02,9.912483,384.3,3809.37
43166,L27,17989,A12,B27,C35,PCS,109,8.54,D,C02,9.912483,930.86,9227.13
43166,L27,17989,A12,B27,C35,PCS,357,8.54,D,C02,9.912483,3048.78,30220.98
43166,L27,17989,A12,B27,C35,PCS,903,8.54,D,C02,9.912483,7711.62,76441.3
43166,L27,17989,A12,B27,C35,PCS,741,8.54,D,C02,9.912483,6328.14,62727.58
43166,L27,17989,A12,B27,C35,PCS,28,8.54,D,C02,9.912483,239.12,2370.27
43166,L27,17989,A12,B27,C35,PCS,481,8.54,D,C02,9.912483,4107.74,40717.9
43166,L27,17989,A12,B27,C35,PCS,928,8.54,D,C02,9.912483,7925.12,78557.62
43161,L27,18188,A11,B23,C35,PCS,494,2.62,D,C10,8.657656,1294.28,11205.43
43161,L27,18188,A11,B23,C35,PCS,326,2.62,D,C10,8.657656,854.12,7394.68
43161,L27,18188,A11,B23,C35,PCS,480,2.62,D,C10,8.657656,1257.6,10887.87
43161,L27,18188,A11,B23,C35,PCS,902,2.62,D,C10,8.657656,2363.24,20460.12
43161,L27,18188,A11,B23,C35,PCS,862,2.62,D,C10,8.657656,2258.44,19552.8
43161,L27,18188,A11,B23,C35,PCS,232,2.62,D,C10,8.657656,607.84,5262.47
43161,L27,18188,A11,B23,C35,PCS,699,2.62,D,C10,8.657656,1831.38,15855.46
43161,L27,18188,A11,B23,C35,PCS,728,2.62,D,C10,8.657656,1907.36,16513.27
43161,L27,18188,A11,B23,C35,PCS,312,2.62,D,C10,8.657656,817.44,7077.11
43161,L27,18188,A11,B23,C35,PCS,833,2.62,D,C10,8.657656,2182.46,18894.99
43178,L27,18315,A18,B22,C38,PCS,242,6.37,C,C01,6.825646,1541.54,10522.01
43178,L27,18315,A18,B22,C38,PCS,563,6.37,C,C01,6.825646,3586.31,24478.88
43178,L27,18315,A18,B22,C38,PCS,865,6.37,C,C01,6.825646,5510.05,37609.65
43178,L27,18315,A18,B22,C38,PCS,644,6.37,C,C01,6.825646,4102.28,28000.71
43178,L27,18315,A18,B22,C38,PCS,232,6.37,C,C01,6.825646,1477.84,10087.21
43178,L27,18315,A18,B22,C38,PCS,884,6.37,C,C01,6.825646,5631.08,38435.76
43178,L27,18315,A18,B22,C38,PCS,65,6.37,C,C01,6.825646,414.05,2826.16
43178,L27,18315,A18,B22,C38,PCS,802,6.37,C,C01,6.825646,5108.74,34870.45
43178,L27,18315,A18,B22,C38,PCS,311,6.37,C,C01,6.825646,1981.07,13522.08
43178,L27,18315,A18,B22,C38,PCS,680,6.37,C,C01,6.825646,4331.6,29565.97
43185,L27,18815,A12,B29,C35,PCS,443,2.77,D,C03,7.133317,1227.11,8753.36
43185,L27,18815,A12,B29,C35,PCS,329,2.77,D,C03,7.133317,911.33,6500.81
43185,L27,18815,A12,B29,C35,PCS,136,2.77,D,C03,7.133317,376.72,2687.26
43185,L27,18815,A12,B29,C35,PCS,65,2.77,D,C03,7.133317,180.05,1284.35
43185,L27,18815,A12,B29,C35,PCS,514,2.77,D,C03,7.133317,1423.78,10156.27
43185,L27,18815,A12,B29,C35,PCS,607,2.77,D,C03,7.133317,1681.39,11993.89
43185,L27,18815,A12,B29,C35,PCS,733,2.77,D,C03,7.133317,2030.41,14483.56
43185,L27,18815,A12,B29,C35,PCS,508,2.77,D,C03,7.133317,1407.16,10037.72
43185,L27,18815,A12,B29,C35,PCS,793,2.77,D,C03,7.133317,2196.61,15669.12
43185,L27,18815,A12,B29,C35,PCS,977,2.77,D,C03,7.133317,2706.29,19304.82
43160,L27,18975,A17,B22,C34,PCS,847,4.56,C,C03,7.133317,3862.32,27551.15
43160,L27,18975,A17,B22,C34,PCS,240,4.56,C,C03,7.133317,1094.4,7806.7
43160,L27,18975,A17,B22,C34,PCS,664,4.56,C,C03,7.133317,3027.84,21598.54
43160,L27,18975,A17,B22,C34,PCS,788,4.56,C,C03,7.133317,3593.28,25632.01
43160,L27,18975,A17,B22,C34,PCS,715,4.56,C,C03,7.133317,3260.4,23257.47
43160,L27,18975,A17,B22,C34,PCS,7,4.56,C,C03,7.133317,31.92,227.7
43160,L27,18975,A17,B22,C34,PCS,866,4.56,C,C03,7.133317,3948.96,28169.18
43160,L27,18975,A17,B22,C34,PCS,426,4.56,C,C03,7.133317,1942.56,13856.9
43160,L27,18975,A17,B22,C34,PCS,675,4.56,C,C03,7.133317,3078,21956.35
43160,L27,18975,A17,B22,C34,PCS,290,4.56,C,C03,7.133317,1322.4,9433.1
43169,L27,19326,A10,B26,C36,PCS,31,1.55,D,C02,9.912483,48.05,476.29
43169,L27,19326,A10,B26,C36,PCS,37,1.55,D,C02,9.912483,57.35,568.48
43169,L27,19326,A10,B26,C36,PCS,868,1.55,D,C02,9.912483,1345.4,13336.25
43169,L27,19326,A10,B26,C36,PCS,350,1.55,D,C02,9.912483,542.5,5377.52
43169,L27,19326,A10,B26,C36,PCS,367,1.55,D,C02,9.912483,568.85,5638.72
43169,L27,19326,A10,B26,C36,PCS,476,1.55,D,C02,9.912483,737.8,7313.43
43169,L27,19326,A10,B26,C36,PCS,797,1.55,D,C02,9.912483,1235.35,12245.39
43169,L27,19326,A10,B26,C36,PCS,2,1.55,D,C02,9.912483,3.1,30.73
43169,L27,19326,A10,B26,C36,PCS,158,1.55,D,C02,9.912483,244.9,2427.57
43169,L27,19326,A10,B26,C36,PCS,56,1.55,D,C02,9.912483,86.8,860.4
43170,L27,19502,A19,B25,C40,PCS,739,3.48,D,C08,1.496196,2571.72,3847.8
43170,L27,19502,A19,B25,C40,PCS,845,3.48,D,C08,1.496196,2940.6,4399.71
43170,L27,19502,A19,B25,C40,PCS,853,3.48,D,C08,1.496196,2968.44,4441.37
43170,L27,19502,A19,B25,C40,PCS,158,3.48,D,C08,1.496196,549.84,822.67
43170,L27,19502,A19,B25,C40,PCS,814,3.48,D,C08,1.496196,2832.72,4238.3
43170,L27,19502,A19,B25,C40,PCS,382,3.48,D,C08,1.496196,1329.36,1988.98
43170,L27,19502,A19,B25,C40,PCS,280,3.48,D,C08,1.496196,974.4,1457.89
43170,L27,19502,A19,B25,C40,PCS,484,3.48,D,C08,1.496196,1684.32,2520.07
43170,L27,19502,A19,B25,C40,PCS,239,3.48,D,C08,1.496196,831.72,1244.42
43170,L27,19502,A19,B25,C40,PCS,478,3.48,D,C08,1.496196,1663.44,2488.83
43161,L27,19625,A17,B29,C36,PCS,854,7.94,C,C08,1.496196,6780.76,10145.35
43161,L27,19625,A17,B29,C36,PCS,91,7.94,C,C08,1.496196,722.54,1081.06
43161,L27,19625,A17,B29,C36,PCS,177,7.94,C,C08,1.496196,1405.38,2102.72
43161,L27,19625,A17,B29,C36,PCS,578,7.94,C,C08,1.496196,4589.32,6866.52
43161,L27,19625,A17,B29,C36,PCS,986,7.94,C,C08,1.496196,7828.84,11713.48
43161,L27,19625,A17,B29,C36,PCS,220,7.94,C,C08,1.496196,1746.8,2613.56
43161,L27,19625,A17,B29,C36,PCS,885,7.94,C,C08,1.496196,7026.9,10513.62
43161,L27,19625,A17,B29,C36,PCS,696,7.94,C,C08,1.496196,5526.24,8268.34
43161,L27,19625,A17,B29,C36,PCS,380,7.94,C,C08,1.496196,3017.2,4514.32
43161,L27,19625,A17,B29,C36,PCS,918,7.94,C,C08,1.496196,7288.92,10905.65
43165,L27,19785,A14,B27,C39,PCS,648,3.57,D,C05,3.40242,2313.36,7871.02
43165,L27,19785,A14,B27,C39,PCS,501,3.57,D,C05,3.40242,1788.57,6085.47
43165,L27,19785,A14,B27,C39,PCS,102,3.57,D,C05,3.40242,364.14,1238.96
43165,L27,19785,A14,B27,C39,PCS,208,3.57,D,C05,3.40242,742.56,2526.5
43165,L27,19785,A14,B27,C39,PCS,986,3.57,D,C05,3.40242,3520.02,11976.59
43165,L27,19785,A14,B27,C39,PCS,523,3.57,D,C05,3.40242,1867.11,6352.69
43165,L27,19785,A14,B27,C39,PCS,903,3.57,D,C05,3.40242,3223.71,10968.42
43165,L27,19785,A14,B27,C39,PCS,863,3.57,D,C05,3.40242,3080.91,10482.55
43165,L27,19785,A14,B27,C39,PCS,885,3.57,D,C05,3.40242,3159.45,10749.78
43165,L27,19785,A14,B27,C39,PCS,889,3.57,D,C05,3.40242,3173.73,10798.36
43194,L27,10000,A19,B30,C38,PCS,102,5,C,C02,9.912483,510,5055.37
43194,L27,10000,A19,B30,C38,PCS,987,5,C,C02,9.912483,4935,48918.1
43194,L27,10000,A19,B30,C38,PCS,413,5,C,C02,9.912483,2065,20469.28
43194,L27,10000,A19,B30,C38,PCS,453,5,C,C02,9.912483,2265,22451.77
43194,L27,10000,A19,B30,C38,PCS,680,5,C,C02,9.912483,3400,33702.44
43194,L27,10000,A19,B30,C38,PCS,51,5,C,C02,9.912483,255,2527.68
43194,L27,10000,A19,B30,C38,PCS,726,5,C,C02,9.912483,3630,35982.31
43194,L27,10000,A19,B30,C38,PCS,955,5,C,C02,9.912483,4775,47332.11
43194,L27,10000,A19,B30,C38,PCS,621,5,C,C02,9.912483,3105,30778.26
43194,L27,10000,A19,B30,C38,PCS,430,5,C,C02,9.912483,2150,21311.84
43208,L27,10119,A20,B21,C34,PCS,319,8.45,D,C07,1.358577,2695.55,3662.11
43208,L27,10119,A20,B21,C34,PCS,398,8.45,D,C07,1.358577,3363.1,4569.03
43208,L27,10119,A20,B21,C34,PCS,448,8.45,D,C07,1.358577,3785.6,5143.03
43208,L27,10119,A20,B21,C34,PCS,189,8.45,D,C07,1.358577,1597.05,2169.72
43208,L27,10119,A20,B21,C34,PCS,108,8.45,D,C07,1.358577,912.6,1239.84
43208,L27,10119,A20,B21,C34,PCS,28,8.45,D,C07,1.358577,236.6,321.44
43208,L27,10119,A20,B21,C34,PCS,875,8.45,D,C07,1.358577,7393.75,10044.98
43208,L27,10119,A20,B21,C34,PCS,413,8.45,D,C07,1.358577,3489.85,4741.23
43208,L27,10119,A20,B21,C34,PCS,716,8.45,D,C07,1.358577,6050.2,8219.66
43208,L27,10119,A20,B21,C34,PCS,838,8.45,D,C07,1.358577,7081.1,9620.22
43196,L27,10146,A15,B28,C32,PCS,407,1.35,D,C10,8.657656,549.45,4756.95
43196,L27,10146,A15,B28,C32,PCS,784,1.35,D,C10,8.657656,1058.4,9163.26
43196,L27,10146,A15,B28,C32,PCS,621,1.35,D,C10,8.657656,838.35,7258.15
43196,L27,10146,A15,B28,C32,PCS,5,1.35,D,C10,8.657656,6.75,58.44
43196,L27,10146,A15,B28,C32,PCS,639,1.35,D,C10,8.657656,862.65,7468.53
43196,L27,10146,A15,B28,C32,PCS,228,1.35,D,C10,8.657656,307.8,2664.83
43196,L27,10146,A15,B28,C32,PCS,269,1.35,D,C10,8.657656,363.15,3144.03
43196,L27,10146,A15,B28,C32,PCS,631,1.35,D,C10,8.657656,851.85,7375.02
43196,L27,10146,A15,B28,C32,PCS,724,1.35,D,C10,8.657656,977.4,8461.99
43196,L27,10146,A15,B28,C32,PCS,747,1.35,D,C10,8.657656,1008.45,8730.81
43213,L27,10155,A10,B29,C38,PCS,640,3.78,C,C02,9.912483,2419.2,23980.28
43213,L27,10155,A10,B29,C38,PCS,179,3.78,C,C02,9.912483,676.62,6706.98
43213,L27,10155,A10,B29,C38,PCS,272,3.78,C,C02,9.912483,1028.16,10191.62
43213,L27,10155,A10,B29,C38,PCS,707,3.78,C,C02,9.912483,2672.46,26490.71
43213,L27,10155,A10,B29,C38,PCS,158,3.78,C,C02,9.912483,597.24,5920.13
43213,L27,10155,A10,B29,C38,PCS,512,3.78,C,C02,9.912483,1935.36,19184.22
43213,L27,10155,A10,B29,C38,PCS,260,3.78,C,C02,9.912483,982.8,9741.99
43213,L27,10155,A10,B29,C38,PCS,173,3.78,C,C02,9.912483,653.94,6482.17
43213,L27,10155,A10,B29,C38,PCS,263,3.78,C,C02,9.912483,994.14,9854.4
43213,L27,10155,A10,B29,C38,PCS,787,3.78,C,C02,9.912483,2974.86,29488.25
43213,L27,10249,A18,B25,C40,PCS,730,3.78,D,C02,9.912483,2759.4,27352.51
43213,L27,10249,A18,B25,C40,PCS,680,3.78,D,C02,9.912483,2570.4,25479.05
43213,L27,10249,A18,B25,C40,PCS,976,3.78,D,C02,9.912483,3689.28,36569.93
43213,L27,10249,A18,B25,C40,PCS,242,3.78,D,C02,9.912483,914.76,9067.54
43213,L27,10249,A18,B25,C40,PCS,158,3.78,D,C02,9.912483,597.24,5920.13
43213,L27,10249,A18,B25,C40,PCS,978,3.78,D,C02,9.912483,3696.84,36644.86
43213,L27,10249,A18,B25,C40,PCS,210,3.78,D,C02,9.912483,793.8,7868.53
43213,L27,10249,A18,B25,C40,PCS,584,3.78,D,C02,9.912483,2207.52,21882
43213,L27,10249,A18,B25,C40,PCS,367,3.78,D,C02,9.912483,1387.26,13751.19
43213,L27,10249,A18,B25,C40,PCS,431,3.78,D,C02,9.912483,1629.18,16149.22
43196,L27,10257,A14,B21,C36,PCS,746,7.09,D,C05,3.40242,5289.14,17995.88
43196,L27,10257,A14,B21,C36,PCS,323,7.09,D,C05,3.40242,2290.07,7791.78
43196,L27,10257,A14,B21,C36,PCS,929,7.09,D,C05,3.40242,6586.61,22410.41
43196,L27,10257,A14,B21,C36,PCS,936,7.09,D,C05,3.40242,6636.24,22579.28
43196,L27,10257,A14,B21,C36,PCS,764,7.09,D,C05,3.40242,5416.76,18430.09
43196,L27,10257,A14,B21,C36,PCS,585,7.09,D,C05,3.40242,4147.65,14112.05
43196,L27,10257,A14,B21,C36,PCS,198,7.09,D,C05,3.40242,1403.82,4776.39
43196,L27,10257,A14,B21,C36,PCS,397,7.09,D,C05,3.40242,2814.73,9576.89
43196,L27,10257,A14,B21,C36,PCS,313,7.09,D,C05,3.40242,2219.17,7550.55
43196,L27,10257,A14,B21,C36,PCS,784,7.09,D,C05,3.40242,5558.56,18912.56
43216,L27,10330,A16,B30,C38,PCS,480,4.99,C,C04,5.388146,2395.2,12905.69
43216,L27,10330,A16,B30,C38,PCS,898,4.99,C,C04,5.388146,4481.02,24144.39
43216,L27,10330,A16,B30,C38,PCS,613,4.99,C,C04,5.388146,3058.87,16481.64
43216,L27,10330,A16,B30,C38,PCS,628,4.99,C,C04,5.388146,3133.72,16884.94
43216,L27,10330,A16,B30,C38,PCS,442,4.99,C,C04,5.388146,2205.58,11883.99
43216,L27,10330,A16,B30,C38,PCS,847,4.99,C,C04,5.388146,4226.53,22773.16
43216,L27,10330,A16,B30,C38,PCS,476,4.99,C,C04,5.388146,2375.24,12798.14
43216,L27,10330,A16,B30,C38,PCS,982,4.99,C,C04,5.388146,4900.18,26402.89
43216,L27,10330,A16,B30,C38,PCS,941,4.99,C,C04,5.388146,4695.59,25300.52
43216,L27,10330,A16,B30,C38,PCS,899,4.99,C,C04,5.388146,4486.01,24171.28
43196,L27,10340,A14,B29,C34,PCS,79,7.09,C,C05,3.40242,560.11,1905.73
43196,L27,10340,A14,B29,C34,PCS,845,7.09,C,C05,3.40242,5991.05,20384.07
43196,L27,10340,A14,B29,C34,PCS,72,7.09,C,C05,3.40242,510.48,1736.87
43196,L27,10340,A14,B29,C34,PCS,422,7.09,C,C05,3.40242,2991.98,10179.97
43196,L27,10340,A14,B29,C34,PCS,870,7.09,C,C05,3.40242,6168.3,20987.15
43196,L27,10340,A14,B29,C34,PCS,196,7.09,C,C05,3.40242,1389.64,4728.14
43196,L27,10340,A14,B29,C34,PCS,412,7.09,C,C05,3.40242,2921.08,9938.74
43196,L27,10340,A14,B29,C34,PCS,705,7.09,C,C05,3.40242,4998.45,17006.83
43196,L27,10340,A14,B29,C34,PCS,439,7.09,C,C05,3.40242,3112.51,10590.07
43196,L27,10340,A14,B29,C34,PCS,624,7.09,C,C05,3.40242,4424.16,15052.85
43208,L27,10561,A13,B23,C36,PCS,176,9.72,D,C01,6.825646,1710.72,11676.77
43208,L27,10561,A13,B23,C36,PCS,814,9.72,D,C01,6.825646,7912.08,54005.06
43208,L27,10561,A13,B23,C36,PCS,350,9.72,D,C01,6.825646,3402,23220.85
43208,L27,10561,A13,B23,C36,PCS,962,9.72,D,C01,6.825646,9350.64,63824.16
43208,L27,10561,A13,B23,C36,PCS,916,9.72,D,C01,6.825646,8903.52,60772.28
43208,L27,10561,A13,B23,C36,PCS,29,9.72,D,C01,6.825646,281.88,1924.01
43208,L27,10561,A13,B23,C36,PCS,269,9.72,D,C01,6.825646,2614.68,17846.88
43208,L27,10561,A13,B23,C36,PCS,36,9.72,D,C01,6.825646,349.92,2388.43
43208,L27,10561,A13,B23,C36,PCS,258,9.72,D,C01,6.825646,2507.76,17117.08
43208,L27,10561,A13,B23,C36,PCS,616,9.72,D,C01,6.825646,5987.52,40868.69
43198,L27,10599,A20,B24,C34,PCS,662,3.26,C,C03,7.133317,2158.12,15394.55
43198,L27,10599,A20,B24,C34,PCS,678,3.26,C,C03,7.133317,2210.28,15766.63
43198,L27,10599,A20,B24,C34,PCS,799,3.26,C,C03,7.133317,2604.74,18580.44
43198,L27,10599,A20,B24,C34,PCS,408,3.26,C,C03,7.133317,1330.08,9487.88
43198,L27,10599,A20,B24,C34,PCS,598,3.26,C,C03,7.133317,1949.48,13906.26
43198,L27,10599,A20,B24,C34,PCS,587,3.26,C,C03,7.133317,1913.62,13650.46
43198,L27,10599,A20,B24,C34,PCS,796,3.26,C,C03,7.133317,2594.96,18510.67
43198,L27,10599,A20,B24,C34,PCS,45,3.26,C,C03,7.133317,146.7,1046.46
43198,L27,10599,A20,B24,C34,PCS,63,3.26,C,C03,7.133317,205.38,1465.04
43198,L27,10599,A20,B24,C34,PCS,548,3.26,C,C03,7.133317,1786.48,12743.53
43192,L27,10635,A18,B29,C32,PCS,444,5.02,C,C10,8.657656,2228.88,19296.88
43192,L27,10635,A18,B29,C32,PCS,551,5.02,C,C10,8.657656,2766.02,23947.25
43192,L27,10635,A18,B29,C32,PCS,377,5.02,C,C10,8.657656,1892.54,16384.96
43192,L27,10635,A18,B29,C32,PCS,41,5.02,C,C10,8.657656,205.82,1781.92
43192,L27,10635,A18,B29,C32,PCS,321,5.02,C,C10,8.657656,1611.42,13951.12
43192,L27,10635,A18,B29,C32,PCS,528,5.02,C,C10,8.657656,2650.56,22947.64
43192,L27,10635,A18,B29,C32,PCS,994,5.02,C,C10,8.657656,4989.88,43200.66
43192,L27,10635,A18,B29,C32,PCS,426,5.02,C,C10,8.657656,2138.52,18514.57
43192,L27,10635,A18,B29,C32,PCS,319,5.02,C,C10,8.657656,1601.38,13864.2
43192,L27,10635,A18,B29,C32,PCS,889,5.02,C,C10,8.657656,4462.78,38637.21
43194,L27,10735,A13,B30,C39,PCS,505,5.83,D,C03,7.133317,2944.15,21001.56
43194,L27,10735,A13,B30,C39,PCS,62,5.83,D,C03,7.133317,361.46,2578.41
43194,L27,10735,A13,B30,C39,PCS,748,5.83,D,C03,7.133317,4360.84,31107.25
43194,L27,10735,A13,B30,C39,PCS,395,5.83,D,C03,7.133317,2302.85,16426.96
43194,L27,10735,A13,B30,C39,PCS,56,5.83,D,C03,7.133317,326.48,2328.89
43194,L27,10735,A13,B30,C39,PCS,917,5.83,D,C03,7.133317,5346.11,38135.5
43194,L27,10735,A13,B30,C39,PCS,337,5.83,D,C03,7.133317,1964.71,14014.9
43194,L27,10735,A13,B30,C39,PCS,601,5.83,D,C03,7.133317,3503.83,24993.93
43194,L27,10735,A13,B30,C39,PCS,14,5.83,D,C03,7.133317,81.62,582.22
43194,L27,10735,A13,B30,C39,PCS,395,5.83,D,C03,7.133317,2302.85,16426.96
43203,L27,10800,A13,B29,C36,PCS,47,7.88,D,C04,5.388146,370.36,1995.55
43203,L27,10800,A13,B29,C36,PCS,467,7.88,D,C04,5.388146,3679.96,19828.16
43203,L27,10800,A13,B29,C36,PCS,357,7.88,D,C04,5.388146,2813.16,15157.72
43203,L27,10800,A13,B29,C36,PCS,365,7.88,D,C04,5.388146,2876.2,15497.39
43203,L27,10800,A13,B29,C36,PCS,693,7.88,D,C04,5.388146,5460.84,29423.8
43203,L27,10800,A13,B29,C36,PCS,366,7.88,D,C04,5.388146,2884.08,15539.84
43203,L27,10800,A13,B29,C36,PCS,889,7.88,D,C04,5.388146,7005.32,37745.69
43203,L27,10800,A13,B29,C36,PCS,868,7.88,D,C04,5.388146,6839.84,36854.06
43203,L27,10800,A13,B29,C36,PCS,136,7.88,D,C04,5.388146,1071.68,5774.37
43203,L27,10800,A13,B29,C36,PCS,198,7.88,D,C04,5.388146,1560.24,8406.8
43219,L27,10908,A18,B25,C34,PCS,346,5.08,C,C05,3.40242,1757.68,5980.37
43219,L27,10908,A18,B25,C34,PCS,779,5.08,C,C05,3.40242,3957.32,13464.46
43219,L27,10908,A18,B25,C34,PCS,642,5.08,C,C05,3.40242,3261.36,11096.52
43219,L27,10908,A18,B25,C34,PCS,214,5.08,C,C05,3.40242,1087.12,3698.84
43219,L27,10908,A18,B25,C34,PCS,20,5.08,C,C05,3.40242,101.6,345.69
43219,L27,10908,A18,B25,C34,PCS,149,5.08,C,C05,3.40242,756.92,2575.36
43219,L27,10908,A18,B25,C34,PCS,720,5.08,C,C05,3.40242,3657.6,12444.69
43219,L27,10908,A18,B25,C34,PCS,647,5.08,C,C05,3.40242,3286.76,11182.94
43219,L27,10908,A18,B25,C34,PCS,447,5.08,C,C05,3.40242,2270.76,7726.08
43219,L27,10908,A18,B25,C34,PCS,341,5.08,C,C05,3.40242,1732.28,5893.94
43191,L27,10948,A16,B28,C30,PCS,696,6.57,C,C06,3.547054,4572.72,16219.68
43191,L27,10948,A16,B28,C30,PCS,947,6.57,C,C06,3.547054,6221.79,22069.03
43191,L27,10948,A16,B28,C30,PCS,59,6.57,C,C06,3.547054,387.63,1374.94
43191,L27,10948,A16,B28,C30,PCS,761,6.57,C,C06,3.547054,4999.77,17734.45
43191,L27,10948,A16,B28,C30,PCS,892,6.57,C,C06,3.547054,5860.44,20787.3
43191,L27,10948,A16,B28,C30,PCS,542,6.57,C,C06,3.547054,3560.94,12630.85
43191,L27,10948,A16,B28,C30,PCS,41,6.57,C,C06,3.547054,269.37,955.47
43191,L27,10948,A16,B28,C30,PCS,842,6.57,C,C06,3.547054,5531.94,19622.09
43191,L27,10948,A16,B28,C30,PCS,496,6.57,C,C06,3.547054,3258.72,11558.86
43191,L27,10948,A16,B28,C30,PCS,593,6.57,C,C06,3.547054,3896.01,13819.36
43200,L27,11029,A10,B23,C38,PCS,740,8.38,D,C08,1.496196,6201.2,9278.21
43200,L27,11029,A10,B23,C38,PCS,44,8.38,D,C08,1.496196,368.72,551.68
43200,L27,11029,A10,B23,C38,PCS,842,8.38,D,C08,1.496196,7055.96,10557.1
43200,L27,11029,A10,B23,C38,PCS,958,8.38,D,C08,1.496196,8028.04,12011.52
43200,L27,11029,A10,B23,C38,PCS,50,8.38,D,C08,1.496196,419,626.91
43200,L27,11029,A10,B23,C38,PCS,519,8.38,D,C08,1.496196,4349.22,6507.29
43200,L27,11029,A10,B23,C38,PCS,682,8.38,D,C08,1.496196,5715.16,8551
43200,L27,11029,A10,B23,C38,PCS,543,8.38,D,C08,1.496196,4550.34,6808.2
43200,L27,11029,A10,B23,C38,PCS,741,8.38,D,C08,1.496196,6209.58,9290.75
43200,L27,11029,A10,B23,C38,PCS,915,8.38,D,C08,1.496196,7667.7,11472.38
43204,L27,11044,A12,B20,C32,PCS,589,4.31,D,C03,7.133317,2538.59,18108.57
43204,L27,11044,A12,B20,C32,PCS,829,4.31,D,C03,7.133317,3572.99,25487.27
43204,L27,11044,A12,B20,C32,PCS,470,4.31,D,C03,7.133317,2025.7,14449.96
43204,L27,11044,A12,B20,C32,PCS,441,4.31,D,C03,7.133317,1900.71,13558.37
43204,L27,11044,A12,B20,C32,PCS,47,4.31,D,C03,7.133317,202.57,1445
43204,L27,11044,A12,B20,C32,PCS,169,4.31,D,C03,7.133317,728.39,5195.84
43204,L27,11044,A12,B20,C32,PCS,43,4.31,D,C03,7.133317,185.33,1322.02
43204,L27,11044,A12,B20,C32,PCS,976,4.31,D,C03,7.133317,4206.56,30006.73
43204,L27,11044,A12,B20,C32,PCS,195,4.31,D,C03,7.133317,840.45,5995.2
43204,L27,11044,A12,B20,C32,PCS,883,4.31,D,C03,7.133317,3805.73,27147.48
43197,L27,11054,A20,B26,C40,PCS,84,6.85,C,C03,7.133317,575.4,4104.51
43197,L27,11054,A20,B26,C40,PCS,347,6.85,C,C03,7.133317,2376.95,16955.54
43197,L27,11054,A20,B26,C40,PCS,645,6.85,C,C03,7.133317,4418.25,31516.78
43197,L27,11054,A20,B26,C40,PCS,251,6.85,C,C03,7.133317,1719.35,12264.67
43197,L27,11054,A20,B26,C40,PCS,216,6.85,C,C03,7.133317,1479.6,10554.46
43197,L27,11054,A20,B26,C40,PCS,852,6.85,C,C03,7.133317,5836.2,41631.46
43197,L27,11054,A20,B26,C40,PCS,560,6.85,C,C03,7.133317,3836,27363.4
43197,L27,11054,A20,B26,C40,PCS,902,6.85,C,C03,7.133317,6178.7,44074.63
43197,L27,11054,A20,B26,C40,PCS,975,6.85,C,C03,7.133317,6678.75,47641.64
43197,L27,11054,A20,B26,C40,PCS,536,6.85,C,C03,7.133317,3671.6,26190.69
43203,L27,11191,A13,B20,C32,PCS,971,3.25,D,C01,6.825646,3155.75,21540.03
43203,L27,11191,A13,B20,C32,PCS,724,3.25,D,C01,6.825646,2353,16060.75
43203,L27,11191,A13,B20,C32,PCS,689,3.25,D,C01,6.825646,2239.25,15284.33
43203,L27,11191,A13,B20,C32,PCS,60,3.25,D,C01,6.825646,195,1331
43203,L27,11191,A13,B20,C32,PCS,240,3.25,D,C01,6.825646,780,5324
43203,L27,11191,A13,B20,C32,PCS,880,3.25,D,C01,6.825646,2860,19521.35
43203,L27,11191,A13,B20,C32,PCS,575,3.25,D,C01,6.825646,1868.75,12755.43
43203,L27,11191,A13,B20,C32,PCS,794,3.25,D,C01,6.825646,2580.5,17613.58
43203,L27,11191,A13,B20,C32,PCS,888,3.25,D,C01,6.825646,2886,19698.81
43203,L27,11191,A13,B20,C32,PCS,144,3.25,D,C01,6.825646,468,3194.4
43194,L27,11226,A10,B23,C33,PCS,534,5.83,D,C03,7.133317,3113.22,22207.59
43194,L27,11226,A10,B23,C33,PCS,887,5.83,D,C03,7.133317,5171.21,36887.88
43194,L27,11226,A10,B23,C33,PCS,826,5.83,D,C03,7.133317,4815.58,34351.06
43194,L27,11226,A10,B23,C33,PCS,818,5.83,D,C03,7.133317,4768.94,34018.36
43194,L27,11226,A10,B23,C33,PCS,518,5.83,D,C03,7.133317,3019.94,21542.19
43194,L27,11226,A10,B23,C33,PCS,519,5.83,D,C03,7.133317,3025.77,21583.78
43194,L27,11226,A10,B23,C33,PCS,445,5.83,D,C03,7.133317,2594.35,18506.32
43194,L27,11226,A10,B23,C33,PCS,757,5.83,D,C03,7.133317,4413.31,31481.54
43194,L27,11226,A10,B23,C33,PCS,661,5.83,D,C03,7.133317,3853.63,27489.16
43194,L27,11226,A10,B23,C33,PCS,297,5.83,D,C03,7.133317,1731.51,12351.41
43209,L27,11356,A15,B29,C39,PCS,241,6.51,C,C10,8.657656,1568.91,13583.08
43209,L27,11356,A15,B29,C39,PCS,835,6.51,C,C10,8.657656,5435.85,47061.72
43209,L27,11356,A15,B29,C39,PCS,404,6.51,C,C10,8.657656,2630.04,22769.98
43209,L27,11356,A15,B29,C39,PCS,824,6.51,C,C10,8.657656,5364.24,46441.74
43209,L27,11356,A15,B29,C39,PCS,635,6.51,C,C10,8.657656,4133.85,35789.45
43209,L27,11356,A15,B29,C39,PCS,233,6.51,C,C10,8.657656,1516.83,13132.19
43209,L27,11356,A15,B29,C39,PCS,13,6.51,C,C10,8.657656,84.63,732.7
43209,L27,11356,A15,B29,C39,PCS,195,6.51,C,C10,8.657656,1269.45,10990.46
43209,L27,11356,A15,B29,C39,PCS,775,6.51,C,C10,8.657656,5045.25,43680.04
43209,L27,11356,A15,B29,C39,PCS,221,6.51,C,C10,8.657656,1438.71,12455.86
43216,L27,11492,A19,B27,C31,PCS,814,9.68,D,C09,1.199464,7879.52,9451.2
43216,L27,11492,A19,B27,C31,PCS,490,9.68,D,C09,1.199464,4743.2,5689.3
43216,L27,11492,A19,B27,C31,PCS,101,9.68,D,C09,1.199464,977.68,1172.69
43216,L27,11492,A19,B27,C31,PCS,357,9.68,D,C09,1.199464,3455.76,4145.06
43216,L27,11492,A19,B27,C31,PCS,985,9.68,D,C09,1.199464,9534.8,11436.65
43216,L27,11492,A19,B27,C31,PCS,877,9.68,D,C09,1.199464,8489.36,10182.68
43216,L27,11492,A19,B27,C31,PCS,197,9.68,D,C09,1.199464,1906.96,2287.33
43216,L27,11492,A19,B27,C31,PCS,620,9.68,D,C09,1.199464,6001.6,7198.7
43216,L27,11492,A19,B27,C31,PCS,971,9.68,D,C09,1.199464,9399.28,11274.1
43216,L27,11492,A19,B27,C31,PCS,299,9.68,D,C09,1.199464,2894.32,3471.63
43212,L27,11712,A10,B25,C39,PCS,10,5.77,C,C02,9.912483,57.7,571.95
43212,L27,11712,A10,B25,C39,PCS,793,5.77,C,C02,9.912483,4575.61,45355.66
43212,L27,11712,A10,B25,C39,PCS,45,5.77,C,C02,9.912483,259.65,2573.78
43212,L27,11712,A10,B25,C39,PCS,560,5.77,C,C02,9.912483,3231.2,32029.22
43212,L27,11712,A10,B25,C39,PCS,278,5.77,C,C02,9.912483,1604.06,15900.22
43212,L27,11712,A10,B25,C39,PCS,178,5.77,C,C02,9.912483,1027.06,10180.71
43212,L27,11712,A10,B25,C39,PCS,529,5.77,C,C02,9.912483,3052.33,30256.17
43212,L27,11712,A10,B25,C39,PCS,115,5.77,C,C02,9.912483,663.55,6577.43
43212,L27,11712,A10,B25,C39,PCS,301,5.77,C,C02,9.912483,1736.77,17215.7
43212,L27,11712,A10,B25,C39,PCS,219,5.77,C,C02,9.912483,1263.63,12525.71
43199,L27,11716,A12,B20,C37,PCS,649,9.2,C,C03,7.133317,5970.8,42591.61
43199,L27,11716,A12,B20,C37,PCS,470,9.2,C,C03,7.133317,4324,30844.46
43199,L27,11716,A12,B20,C37,PCS,168,9.2,C,C03,7.133317,1545.6,11025.25
43199,L27,11716,A12,B20,C37,PCS,653,9.2,C,C03,7.133317,6007.6,42854.12
43199,L27,11716,A12,B20,C37,PCS,215,9.2,C,C03,7.133317,1978,14109.7
43199,L27,11716,A12,B20,C37,PCS,311,9.2,C,C03,7.133317,2861.2,20409.85
43199,L27,11716,A12,B20,C37,PCS,922,9.2,C,C03,7.133317,8482.4,60507.65
43199,L27,11716,A12,B20,C37,PCS,363,9.2,C,C03,7.133317,3339.6,23822.43
43199,L27,11716,A12,B20,C37,PCS,314,9.2,C,C03,7.133317,2888.8,20606.73
43199,L27,11716,A12,B20,C37,PCS,985,9.2,C,C03,7.133317,9062,64642.12
43204,L27,11727,A16,B23,C30,PCS,984,4.31,D,C03,7.133317,4241.04,30252.68
43204,L27,11727,A16,B23,C30,PCS,96,4.31,D,C03,7.133317,413.76,2951.48
43204,L27,11727,A16,B23,C30,PCS,858,4.31,D,C03,7.133317,3697.98,26378.86
43204,L27,11727,A16,B23,C30,PCS,504,4.31,D,C03,7.133317,2172.24,15495.28
43204,L27,11727,A16,B23,C30,PCS,509,4.31,D,C03,7.133317,2193.79,15649
43204,L27,11727,A16,B23,C30,PCS,703,4.31,D,C03,7.133317,3029.93,21613.45
43204,L27,11727,A16,B23,C30,PCS,296,4.31,D,C03,7.133317,1275.76,9100.4
43204,L27,11727,A16,B23,C30,PCS,500,4.31,D,C03,7.133317,2155,15372.3
43204,L27,11727,A16,B23,C30,PCS,385,4.31,D,C03,7.133317,1659.35,11836.67
43204,L27,11727,A16,B23,C30,PCS,372,4.31,D,C03,7.133317,1603.32,11436.99
43191,L27,11757,A12,B20,C36,PCS,155,6.57,D,C06,3.547054,1018.35,3612.14
43191,L27,11757,A12,B20,C36,PCS,681,6.57,D,C06,3.547054,4474.17,15870.12
43191,L27,11757,A12,B20,C36,PCS,421,6.57,D,C06,3.547054,2765.97,9811.04
43191,L27,11757,A12,B20,C36,PCS,73,6.57,D,C06,3.547054,479.61,1701.2
43191,L27,11757,A12,B20,C36,PCS,21,6.57,D,C06,3.547054,137.97,489.39
43191,L27,11757,A12,B20,C36,PCS,892,6.57,D,C06,3.547054,5860.44,20787.3
43191,L27,11757,A12,B20,C36,PCS,862,6.57,D,C06,3.547054,5663.34,20088.17
43191,L27,11757,A12,B20,C36,PCS,400,6.57,D,C06,3.547054,2628,9321.66
43191,L27,11757,A12,B20,C36,PCS,519,6.57,D,C06,3.547054,3409.83,12094.85
43191,L27,11757,A12,B20,C36,PCS,838,6.57,D,C06,3.547054,5505.66,19528.87
43201,L27,11829,A12,B23,C36,PCS,776,3.27,C,C06,3.547054,2537.52,9000.72
43201,L27,11829,A12,B23,C36,PCS,289,3.27,C,C06,3.547054,945.03,3352.07
43201,L27,11829,A12,B23,C36,PCS,926,3.27,C,C06,3.547054,3028.02,10740.55
43201,L27,11829,A12,B23,C36,PCS,182,3.27,C,C06,3.547054,595.14,2110.99
43201,L27,11829,A12,B23,C36,PCS,685,3.27,C,C06,3.547054,2239.95,7945.22
43201,L27,11829,A12,B23,C36,PCS,236,3.27,C,C06,3.547054,771.72,2737.33
43201,L27,11829,A12,B23,C36,PCS,337,3.27,C,C06,3.547054,1101.99,3908.82
43201,L27,11829,A12,B23,C36,PCS,770,3.27,C,C06,3.547054,2517.9,8931.13
43201,L27,11829,A12,B23,C36,PCS,83,3.27,C,C06,3.547054,271.41,962.71
43201,L27,11829,A12,B23,C36,PCS,381,3.27,C,C06,3.547054,1245.87,4419.17
43199,L27,11956,A17,B22,C36,PCS,759,5.4,D,C02,9.912483,4098.6,40627.3
43199,L27,11956,A17,B22,C36,PCS,591,5.4,D,C02,9.912483,3191.4,31634.7
43199,L27,11956,A17,B22,C36,PCS,870,5.4,D,C02,9.912483,4698,46568.85
43199,L27,11956,A17,B22,C36,PCS,636,5.4,D,C02,9.912483,3434.4,34043.43
43199,L27,11956,A17,B22,C36,PCS,647,5.4,D,C02,9.912483,3493.8,34632.23
43199,L27,11956,A17,B22,C36,PCS,966,5.4,D,C02,9.912483,5216.4,51707.48
43199,L27,11956,A17,B22,C36,PCS,705,5.4,D,C02,9.912483,3807,37736.82
43199,L27,11956,A17,B22,C36,PCS,879,5.4,D,C02,9.912483,4746.6,47050.59
43199,L27,11956,A17,B22,C36,PCS,34,5.4,D,C02,9.912483,183.6,1819.93
43199,L27,11956,A17,B22,C36,PCS,642,5.4,D,C02,9.912483,3466.8,34364.6
43206,L27,11981,A20,B24,C31,PCS,707,4.44,D,C05,3.40242,3139.08,10680.47
43206,L27,11981,A20,B24,C31,PCS,399,4.44,D,C05,3.40242,1771.56,6027.59
43206,L27,11981,A20,B24,C31,PCS,732,4.44,D,C05,3.40242,3250.08,11058.14
43206,L27,11981,A20,B24,C31,PCS,353,4.44,D,C05,3.40242,1567.32,5332.68
43206,L27,11981,A20,B24,C31,PCS,801,4.44,D,C05,3.40242,3556.44,12100.5
43206,L27,11981,A20,B24,C31,PCS,618,4.44,D,C05,3.40242,2743.92,9335.97
43206,L27,11981,A20,B24,C31,PCS,297,4.44,D,C05,3.40242,1318.68,4486.7
43206,L27,11981,A20,B24,C31,PCS,212,4.44,D,C05,3.40242,941.28,3202.63
43206,L27,11981,A20,B24,C31,PCS,805,4.44,D,C05,3.40242,3574.2,12160.93
43206,L27,11981,A20,B24,C31,PCS,71,4.44,D,C05,3.40242,315.24,1072.58
43194,L27,12095,A10,B28,C40,PCS,54,2.01,D,C01,6.825646,108.54,740.86
43194,L27,12095,A10,B28,C40,PCS,40,2.01,D,C01,6.825646,80.4,548.78
43194,L27,12095,A10,B28,C40,PCS,881,2.01,D,C01,6.825646,1770.81,12086.92
43194,L27,12095,A10,B28,C40,PCS,963,2.01,D,C01,6.825646,1935.63,13211.93
43194,L27,12095,A10,B28,C40,PCS,832,2.01,D,C01,6.825646,1672.32,11414.66
43194,L27,12095,A10,B28,C40,PCS,107,2.01,D,C01,6.825646,215.07,1467.99
43194,L27,12095,A10,B28,C40,PCS,724,2.01,D,C01,6.825646,1455.24,9932.95
43194,L27,12095,A10,B28,C40,PCS,991,2.01,D,C01,6.825646,1991.91,13596.07
43194,L27,12095,A10,B28,C40,PCS,584,2.01,D,C01,6.825646,1173.84,8012.22
43194,L27,12095,A10,B28,C40,PCS,537,2.01,D,C01,6.825646,1079.37,7367.4
43204,L27,12211,A11,B21,C31,PCS,898,6.6,D,C07,1.358577,5926.8,8052.01
43204,L27,12211,A11,B21,C31,PCS,688,6.6,D,C07,1.358577,4540.8,6169.03
43204,L27,12211,A11,B21,C31,PCS,750,6.6,D,C07,1.358577,4950,6724.96
43204,L27,12211,A11,B21,C31,PCS,516,6.6,D,C07,1.358577,3405.6,4626.77
43204,L27,12211,A11,B21,C31,PCS,720,6.6,D,C07,1.358577,4752,6455.96
43204,L27,12211,A11,B21,C31,PCS,789,6.6,D,C07,1.358577,5207.4,7074.65
43204,L27,12211,A11,B21,C31,PCS,463,6.6,D,C07,1.358577,3055.8,4151.54
43204,L27,12211,A11,B21,C31,PCS,751,6.6,D,C07,1.358577,4956.6,6733.92
43204,L27,12211,A11,B21,C31,PCS,430,6.6,D,C07,1.358577,2838,3855.64
43204,L27,12211,A11,B21,C31,PCS,590,6.6,D,C07,1.358577,3894,5290.3
43199,L27,12429,A12,B24,C39,PCS,251,6.69,C,C05,3.40242,1679.19,5713.31
43199,L27,12429,A12,B24,C39,PCS,649,6.69,C,C05,3.40242,4341.81,14772.66
43199,L27,12429,A12,B24,C39,PCS,773,6.69,C,C05,3.40242,5171.37,17595.17
43199,L27,12429,A12,B24,C39,PCS,344,6.69,C,C05,3.40242,2301.36,7830.19
43199,L27,12429,A12,B24,C39,PCS,669,6.69,C,C05,3.40242,4475.61,15227.9
43199,L27,12429,A12,B24,C39,PCS,938,6.69,C,C05,3.40242,6275.22,21350.93
43199,L27,12429,A12,B24,C39,PCS,545,6.69,C,C05,3.40242,3646.05,12405.39
43199,L27,12429,A12,B24,C39,PCS,105,6.69,C,C05,3.40242,702.45,2390.03
43199,L27,12429,A12,B24,C39,PCS,204,6.69,C,C05,3.40242,1364.76,4643.49
43199,L27,12429,A12,B24,C39,PCS,945,6.69,C,C05,3.40242,6322.05,21510.27
43196,L27,12445,A17,B21,C34,PCS,684,7.09,C,C05,3.40242,4849.56,16500.24
43196,L27,12445,A17,B21,C34,PCS,936,7.09,C,C05,3.40242,6636.24,22579.28
43196,L27,12445,A17,B21,C34,PCS,855,7.09,C,C05,3.40242,6061.95,20625.3
43196,L27,12445,A17,B21,C34,PCS,882,7.09,C,C05,3.40242,6253.38,21276.63
43196,L27,12445,A17,B21,C34,PCS,983,7.09,C,C05,3.40242,6969.47,23713.06
43196,L27,12445,A17,B21,C34,PCS,113,7.09,C,C05,3.40242,801.17,2725.92
43196,L27,12445,A17,B21,C34,PCS,38,7.09,C,C05,3.40242,269.42,916.68
43196,L27,12445,A17,B21,C34,PCS,836,7.09,C,C05,3.40242,5927.24,20166.96
43196,L27,12445,A17,B21,C34,PCS,544,7.09,C,C05,3.40242,3856.96,13123
43196,L27,12445,A17,B21,C34,PCS,356,7.09,C,C05,3.40242,2524.04,8587.84
43218,L27,12450,A18,B27,C30,PCS,512,4.41,D,C05,3.40242,2257.92,7682.39
43218,L27,12450,A18,B27,C30,PCS,851,4.41,D,C05,3.40242,3752.91,12768.98
43218,L27,12450,A18,B27,C30,PCS,77,4.41,D,C05,3.40242,339.57,1155.36
43218,L27,12450,A18,B27,C30,PCS,529,4.41,D,C05,3.40242,2332.89,7937.47
43218,L27,12450,A18,B27,C30,PCS,638,4.41,D,C05,3.40242,2813.58,9572.98
43218,L27,12450,A18,B27,C30,PCS,391,4.41,D,C05,3.40242,1724.31,5866.83
43218,L27,12450,A18,B27,C30,PCS,232,4.41,D,C05,3.40242,1023.12,3481.08
43218,L27,12450,A18,B27,C30,PCS,870,4.41,D,C05,3.40242,3836.7,13054.06
43218,L27,12450,A18,B27,C30,PCS,630,4.41,D,C05,3.40242,2778.3,9452.94
43218,L27,12450,A18,B27,C30,PCS,293,4.41,D,C05,3.40242,1292.13,4396.37
43193,L27,12631,A18,B24,C31,PCS,248,6.35,D,C06,3.547054,1574.8,5585.9
43193,L27,12631,A18,B24,C31,PCS,217,6.35,D,C06,3.547054,1377.95,4887.66
43193,L27,12631,A18,B24,C31,PCS,966,6.35,D,C06,3.547054,6134.1,21757.98
43193,L27,12631,A18,B24,C31,PCS,523,6.35,D,C06,3.547054,3321.05,11779.94
43193,L27,12631,A18,B24,C31,PCS,355,6.35,D,C06,3.547054,2254.25,7995.95
43193,L27,12631,A18,B24,C31,PCS,243,6.35,D,C06,3.547054,1543.05,5473.28
43193,L27,12631,A18,B24,C31,PCS,656,6.35,D,C06,3.547054,4165.6,14775.61
43193,L27,12631,A18,B24,C31,PCS,419,6.35,D,C06,3.547054,2660.65,9437.47
43193,L27,12631,A18,B24,C31,PCS,268,6.35,D,C06,3.547054,1701.8,6036.38
43193,L27,12631,A18,B24,C31,PCS,557,6.35,D,C06,3.547054,3536.95,12545.75
43192,L27,12633,A15,B22,C34,PCS,808,5.02,C,C10,8.657656,4056.16,35116.84
43192,L27,12633,A15,B22,C34,PCS,202,5.02,C,C10,8.657656,1014.04,8779.21
43192,L27,12633,A15,B22,C34,PCS,5,5.02,C,C10,8.657656,25.1,217.31
43192,L27,12633,A15,B22,C34,PCS,535,5.02,C,C10,8.657656,2685.7,23251.87
43192,L27,12633,A15,B22,C34,PCS,787,5.02,C,C10,8.657656,3950.74,34204.15
43192,L27,12633,A15,B22,C34,PCS,937,5.02,C,C10,8.657656,4703.74,40723.36
43192,L27,12633,A15,B22,C34,PCS,38,5.02,C,C10,8.657656,190.76,1651.53
43192,L27,12633,A15,B22,C34,PCS,364,5.02,C,C10,8.657656,1827.28,15819.96
43192,L27,12633,A15,B22,C34,PCS,596,5.02,C,C10,8.657656,2991.92,25903.01
43192,L27,12633,A15,B22,C34,PCS,688,5.02,C,C10,8.657656,3453.76,29901.47
43191,L27,12875,A12,B26,C37,PCS,848,6.57,D,C06,3.547054,5571.36,19761.91
43191,L27,12875,A12,B26,C37,PCS,226,6.57,D,C06,3.547054,1484.82,5266.74
43191,L27,12875,A12,B26,C37,PCS,582,6.57,D,C06,3.547054,3823.74,13563.01
43191,L27,12875,A12,B26,C37,PCS,626,6.57,D,C06,3.547054,4112.82,14588.39
43191,L27,12875,A12,B26,C37,PCS,483,6.57,D,C06,3.547054,3173.31,11255.9
43191,L27,12875,A12,B26,C37,PCS,107,6.57,D,C06,3.547054,702.99,2493.54
43191,L27,12875,A12,B26,C37,PCS,39,6.57,D,C06,3.547054,256.23,908.86
43191,L27,12875,A12,B26,C37,PCS,771,6.57,D,C06,3.547054,5065.47,17967.5
43191,L27,12875,A12,B26,C37,PCS,67,6.57,D,C06,3.547054,440.19,1561.38
43191,L27,12875,A12,B26,C37,PCS,795,6.57,D,C06,3.547054,5223.15,18526.8
43203,L27,12893,A13,B25,C38,PCS,144,7.88,D,C04,5.388146,1134.72,6114.04
43203,L27,12893,A13,B25,C38,PCS,989,7.88,D,C04,5.388146,7793.32,41991.55
43203,L27,12893,A13,B25,C38,PCS,360,7.88,D,C04,5.388146,2836.8,15285.09
43203,L27,12893,A13,B25,C38,PCS,57,7.88,D,C04,5.388146,449.16,2420.14
43203,L27,12893,A13,B25,C38,PCS,742,7.88,D,C04,5.388146,5846.96,31504.27
43203,L27,12893,A13,B25,C38,PCS,69,7.88,D,C04,5.388146,543.72,2929.64
43203,L27,12893,A13,B25,C38,PCS,363,7.88,D,C04,5.388146,2860.44,15412.47
43203,L27,12893,A13,B25,C38,PCS,41,7.88,D,C04,5.388146,323.08,1740.8
43203,L27,12893,A13,B25,C38,PCS,611,7.88,D,C04,5.388146,4814.68,25942.2
43203,L27,12893,A13,B25,C38,PCS,802,7.88,D,C04,5.388146,6319.76,34051.79
43216,L27,12943,A12,B20,C35,PCS,888,2.83,C,C07,1.358577,2513.04,3414.16
43216,L27,12943,A12,B20,C35,PCS,966,2.83,C,C07,1.358577,2733.78,3714.05
43216,L27,12943,A12,B20,C35,PCS,405,2.83,C,C07,1.358577,1146.15,1557.13
43216,L27,12943,A12,B20,C35,PCS,643,2.83,C,C07,1.358577,1819.69,2472.19
43216,L27,12943,A12,B20,C35,PCS,338,2.83,C,C07,1.358577,956.54,1299.53
43216,L27,12943,A12,B20,C35,PCS,981,2.83,C,C07,1.358577,2776.23,3771.72
43216,L27,12943,A12,B20,C35,PCS,282,2.83,C,C07,1.358577,798.06,1084.23
43216,L27,12943,A12,B20,C35,PCS,324,2.83,C,C07,1.358577,916.92,1245.71
43216,L27,12943,A12,B20,C35,PCS,510,2.83,C,C07,1.358577,1443.3,1960.83
43216,L27,12943,A12,B20,C35,PCS,852,2.83,C,C07,1.358577,2411.16,3275.75
43207,L27,13020,A14,B21,C37,PCS,108,4.46,D,C02,9.912483,481.68,4774.64
43207,L27,13020,A14,B21,C37,PCS,755,4.46,D,C02,9.912483,3367.3,33378.3
43207,L27,13020,A14,B21,C37,PCS,293,4.46,D,C02,9.912483,1306.78,12953.43
43207,L27,13020,A14,B21,C37,PCS,901,4.46,D,C02,9.912483,4018.46,39832.92
43207,L27,13020,A14,B21,C37,PCS,215,4.46,D,C02,9.912483,958.9,9505.08
43207,L27,13020,A14,B21,C37,PCS,340,4.46,D,C02,9.912483,1516.4,15031.29
43207,L27,13020,A14,B21,C37,PCS,839,4.46,D,C02,9.912483,3741.94,37091.92
43207,L27,13020,A14,B21,C37,PCS,569,4.46,D,C02,9.912483,2537.74,25155.3
43207,L27,13020,A14,B21,C37,PCS,525,4.46,D,C02,9.912483,2341.5,23210.08
43207,L27,13020,A14,B21,C37,PCS,818,4.46,D,C02,9.912483,3648.28,36163.51
43207,L27,13127,A15,B21,C38,PCS,508,6.93,C,C07,1.358577,3520.44,4782.79
43207,L27,13127,A15,B21,C38,PCS,958,6.93,C,C07,1.358577,6638.94,9019.51
43207,L27,13127,A15,B21,C38,PCS,969,6.93,C,C07,1.358577,6715.17,9123.08
43207,L27,13127,A15,B21,C38,PCS,394,6.93,C,C07,1.358577,2730.42,3709.49
43207,L27,13127,A15,B21,C38,PCS,77,6.93,C,C07,1.358577,533.61,724.95
43207,L27,13127,A15,B21,C38,PCS,899,6.93,C,C07,1.358577,6230.07,8464.03
43207,L27,13127,A15,B21,C38,PCS,175,6.93,C,C07,1.358577,1212.75,1647.61
43207,L27,13127,A15,B21,C38,PCS,449,6.93,C,C07,1.358577,3111.57,4227.31
43207,L27,13127,A15,B21,C38,PCS,229,6.93,C,C07,1.358577,1586.97,2156.02
43207,L27,13127,A15,B21,C38,PCS,239,6.93,C,C07,1.358577,1656.27,2250.17
43210,L27,13158,A15,B24,C38,PCS,360,8.8,D,C08,1.496196,3168,4739.95
43210,L27,13158,A15,B24,C38,PCS,662,8.8,D,C08,1.496196,5825.6,8716.24
43210,L27,13158,A15,B24,C38,PCS,61,8.8,D,C08,1.496196,536.8,803.16
43210,L27,13158,A15,B24,C38,PCS,868,8.8,D,C08,1.496196,7638.4,11428.54
43210,L27,13158,A15,B24,C38,PCS,703,8.8,D,C08,1.496196,6186.4,9256.07
43210,L27,13158,A15,B24,C38,PCS,849,8.8,D,C08,1.496196,7471.2,11178.38
43210,L27,13158,A15,B24,C38,PCS,706,8.8,D,C08,1.496196,6212.8,9295.57
43210,L27,13158,A15,B24,C38,PCS,139,8.8,D,C08,1.496196,1223.2,1830.15
43210,L27,13158,A15,B24,C38,PCS,7,8.8,D,C08,1.496196,61.6,92.17
43210,L27,13158,A15,B24,C38,PCS,175,8.8,D,C08,1.496196,1540,2304.14
43194,L27,13171,A11,B21,C37,PCS,839,9.69,D,C01,6.825646,8129.91,55491.89
43194,L27,13171,A11,B21,C37,PCS,330,9.69,D,C01,6.825646,3197.7,21826.37
43194,L27,13171,A11,B21,C37,PCS,146,9.69,D,C01,6.825646,1414.74,9656.51
43194,L27,13171,A11,B21,C37,PCS,299,9.69,D,C01,6.825646,2897.31,19776.01
43194,L27,13171,A11,B21,C37,PCS,769,9.69,D,C01,6.825646,7451.61,50862.05
43194,L27,13171,A11,B21,C37,PCS,159,9.69,D,C01,6.825646,1540.71,10516.34
43194,L27,13171,A11,B21,C37,PCS,693,9.69,D,C01,6.825646,6715.17,45835.37
43194,L27,13171,A11,B21,C37,PCS,719,9.69,D,C01,6.825646,6967.11,47555.03
43194,L27,13171,A11,B21,C37,PCS,632,9.69,D,C01,6.825646,6124.08,41800.8
43194,L27,13171,A11,B21,C37,PCS,965,9.69,D,C01,6.825646,9350.85,63825.59
43191,L27,13220,A17,B25,C36,PCS,543,6.57,D,C06,3.547054,3567.51,12654.15
43191,L27,13220,A17,B25,C36,PCS,697,6.57,D,C06,3.547054,4579.29,16242.99
43191,L27,13220,A17,B25,C36,PCS,307,6.57,D,C06,3.547054,2016.99,7154.37
43191,L27,13220,A17,B25,C36,PCS,849,6.57,D,C06,3.547054,5577.93,19785.22
43191,L27,13220,A17,B25,C36,PCS,408,6.57,D,C06,3.547054,2680.56,9508.09
43191,L27,13220,A17,B25,C36,PCS,611,6.57,D,C06,3.547054,4014.27,14238.83
43191,L27,13220,A17,B25,C36,PCS,966,6.57,D,C06,3.547054,6346.62,22511.8
43191,L27,13220,A17,B25,C36,PCS,230,6.57,D,C06,3.547054,1511.1,5359.95
43191,L27,13220,A17,B25,C36,PCS,601,6.57,D,C06,3.547054,3948.57,14005.79
43191,L27,13220,A17,B25,C36,PCS,988,6.57,D,C06,3.547054,6491.16,23024.5
43197,L27,13284,A17,B30,C37,PCS,489,1.21,D,C10,8.657656,591.69,5122.65
43197,L27,13284,A17,B30,C37,PCS,829,1.21,D,C10,8.657656,1003.09,8684.41
43197,L27,13284,A17,B30,C37,PCS,370,1.21,D,C10,8.657656,447.7,3876.03
43197,L27,13284,A17,B30,C37,PCS,916,1.21,D,C10,8.657656,1108.36,9595.8
43197,L27,13284,A17,B30,C37,PCS,225,1.21,D,C10,8.657656,272.25,2357.05
43197,L27,13284,A17,B30,C37,PCS,411,1.21,D,C10,8.657656,497.31,4305.54
43197,L27,13284,A17,B30,C37,PCS,753,1.21,D,C10,8.657656,911.13,7888.25
43197,L27,13284,A17,B30,C37,PCS,70,1.21,D,C10,8.657656,84.7,733.3
43197,L27,13284,A17,B30,C37,PCS,9,1.21,D,C10,8.657656,10.89,94.28
43197,L27,13284,A17,B30,C37,PCS,138,1.21,D,C10,8.657656,166.98,1445.66
43209,L27,13358,A12,B30,C31,PCS,791,7.07,C,C06,3.547054,5592.37,19836.44
43209,L27,13358,A12,B30,C31,PCS,337,7.07,C,C06,3.547054,2382.59,8451.18
43209,L27,13358,A12,B30,C31,PCS,57,7.07,C,C06,3.547054,402.99,1429.43
43209,L27,13358,A12,B30,C31,PCS,736,7.07,C,C06,3.547054,5203.52,18457.17
43209,L27,13358,A12,B30,C31,PCS,184,7.07,C,C06,3.547054,1300.88,4614.29
43209,L27,13358,A12,B30,C31,PCS,592,7.07,C,C06,3.547054,4185.44,14845.98
43209,L27,13358,A12,B30,C31,PCS,408,7.07,C,C06,3.547054,2884.56,10231.69
43209,L27,13358,A12,B30,C31,PCS,484,7.07,C,C06,3.547054,3421.88,12137.59
43209,L27,13358,A12,B30,C31,PCS,603,7.07,C,C06,3.547054,4263.21,15121.84
43209,L27,13358,A12,B30,C31,PCS,449,7.07,C,C06,3.547054,3174.43,11259.87
43201,L27,13559,A20,B26,C40,PCS,875,8.69,D,C04,5.388146,7603.75,40970.12
43201,L27,13559,A20,B26,C40,PCS,660,8.69,D,C04,5.388146,5735.4,30903.17
43201,L27,13559,A20,B26,C40,PCS,798,8.69,D,C04,5.388146,6934.62,37364.75
43201,L27,13559,A20,B26,C40,PCS,140,8.69,D,C04,5.388146,1216.6,6555.22
43201,L27,13559,A20,B26,C40,PCS,646,8.69,D,C04,5.388146,5613.74,30247.65
43201,L27,13559,A20,B26,C40,PCS,371,8.69,D,C04,5.388146,3223.99,17371.33
43201,L27,13559,A20,B26,C40,PCS,81,8.69,D,C04,5.388146,703.89,3792.66
43201,L27,13559,A20,B26,C40,PCS,289,8.69,D,C04,5.388146,2511.41,13531.84
43201,L27,13559,A20,B26,C40,PCS,686,8.69,D,C04,5.388146,5961.34,32120.57
43201,L27,13559,A20,B26,C40,PCS,214,8.69,D,C04,5.388146,1859.66,10020.12
43191,L27,13565,A16,B26,C33,PCS,23,9.64,D,C09,1.199464,221.72,265.95
43191,L27,13565,A16,B26,C33,PCS,929,9.64,D,C09,1.199464,8955.56,10741.87
43191,L27,13565,A16,B26,C33,PCS,13,9.64,D,C09,1.199464,125.32,150.32
43191,L27,13565,A16,B26,C33,PCS,151,9.64,D,C09,1.199464,1455.64,1745.99
43191,L27,13565,A16,B26,C33,PCS,579,9.64,D,C09,1.199464,5581.56,6694.88
43191,L27,13565,A16,B26,C33,PCS,952,9.64,D,C09,1.199464,9177.28,11007.82
43191,L27,13565,A16,B26,C33,PCS,935,9.64,D,C09,1.199464,9013.4,10811.25
43191,L27,13565,A16,B26,C33,PCS,405,9.64,D,C09,1.199464,3904.2,4682.95
43191,L27,13565,A16,B26,C33,PCS,499,9.64,D,C09,1.199464,4810.36,5769.85
43191,L27,13565,A16,B26,C33,PCS,303,9.64,D,C09,1.199464,2920.92,3503.54
43206,L27,13588,A10,B27,C38,PCS,116,4.22,C,C02,9.912483,489.52,4852.36
43206,L27,13588,A10,B27,C38,PCS,22,4.22,C,C02,9.912483,92.84,920.27
43206,L27,13588,A10,B27,C38,PCS,857,4.22,C,C02,9.912483,3616.54,35848.89
43206,L27,13588,A10,B27,C38,PCS,745,4.22,C,C02,9.912483,3143.9,31163.86
43206,L27,13588,A10,B27,C38,PCS,763,4.22,C,C02,9.912483,3219.86,31916.81
43206,L27,13588,A10,B27,C38,PCS,627,4.22,C,C02,9.912483,2645.94,26227.84
43206,L27,13588,A10,B27,C38,PCS,151,4.22,C,C02,9.912483,637.22,6316.43
43206,L27,13588,A10,B27,C38,PCS,969,4.22,C,C02,9.912483,4089.18,40533.93
43206,L27,13588,A10,B27,C38,PCS,876,4.22,C,C02,9.912483,3696.72,36643.67
43206,L27,13588,A10,B27,C38,PCS,527,4.22,C,C02,9.912483,2223.94,22044.77
43204,L27,13683,A17,B22,C34,PCS,754,6.85,C,C04,5.388146,5164.9,27829.24
43204,L27,13683,A17,B22,C34,PCS,435,6.85,C,C04,5.388146,2979.75,16055.33
43204,L27,13683,A17,B22,C34,PCS,22,6.85,C,C04,5.388146,150.7,811.99
43204,L27,13683,A17,B22,C34,PCS,734,6.85,C,C04,5.388146,5027.9,27091.06
43204,L27,13683,A17,B22,C34,PCS,232,6.85,C,C04,5.388146,1589.2,8562.84
43204,L27,13683,A17,B22,C34,PCS,356,6.85,C,C04,5.388146,2438.6,13139.53
43204,L27,13683,A17,B22,C34,PCS,5,6.85,C,C04,5.388146,34.25,184.54
43204,L27,13683,A17,B22,C34,PCS,867,6.85,C,C04,5.388146,5938.95,31999.93
43204,L27,13683,A17,B22,C34,PCS,374,6.85,C,C04,5.388146,2561.9,13803.89
43204,L27,13683,A17,B22,C34,PCS,81,6.85,C,C04,5.388146,554.85,2989.61
43208,L27,13965,A10,B21,C38,PCS,623,2.51,C,C10,8.657656,1563.73,13538.24
43208,L27,13965,A10,B21,C38,PCS,257,2.51,C,C10,8.657656,645.07,5584.79
43208,L27,13965,A10,B21,C38,PCS,394,2.51,C,C10,8.657656,988.94,8561.9
43208,L27,13965,A10,B21,C38,PCS,465,2.51,C,C10,8.657656,1167.15,10104.78
43208,L27,13965,A10,B21,C38,PCS,134,2.51,C,C10,8.657656,336.34,2911.92
43208,L27,13965,A10,B21,C38,PCS,40,2.51,C,C10,8.657656,100.4,869.23
43208,L27,13965,A10,B21,C38,PCS,401,2.51,C,C10,8.657656,1006.51,8714.02
43208,L27,13965,A10,B21,C38,PCS,937,2.51,C,C10,8.657656,2351.87,20361.68
43208,L27,13965,A10,B21,C38,PCS,229,2.51,C,C10,8.657656,574.79,4976.33
43208,L27,13965,A10,B21,C38,PCS,751,2.51,C,C10,8.657656,1885.01,16319.77
43216,L27,13990,A13,B21,C32,PCS,501,9.91,C,C06,3.547054,4964.91,17610.8
43216,L27,13990,A13,B21,C32,PCS,847,9.91,C,C06,3.547054,8393.77,29773.16
43216,L27,13990,A13,B21,C32,PCS,39,9.91,C,C06,3.547054,386.49,1370.9
43216,L27,13990,A13,B21,C32,PCS,233,9.91,C,C06,3.547054,2309.03,8190.25
43216,L27,13990,A13,B21,C32,PCS,259,9.91,C,C06,3.547054,2566.69,9104.19
43216,L27,13990,A13,B21,C32,PCS,634,9.91,C,C06,3.547054,6282.94,22285.93
43216,L27,13990,A13,B21,C32,PCS,959,9.91,C,C06,3.547054,9503.69,33710.1
43216,L27,13990,A13,B21,C32,PCS,764,9.91,C,C06,3.547054,7571.24,26855.6
43216,L27,13990,A13,B21,C32,PCS,725,9.91,C,C06,3.547054,7184.75,25484.7
43216,L27,13990,A13,B21,C32,PCS,956,9.91,C,C06,3.547054,9473.96,33604.65
43194,L27,13995,A18,B23,C32,PCS,562,2.46,D,C08,1.496196,1382.52,2068.52
43194,L27,13995,A18,B23,C32,PCS,389,2.46,D,C08,1.496196,956.94,1431.77
43194,L27,13995,A18,B23,C32,PCS,856,2.46,D,C08,1.496196,2105.76,3150.63
43194,L27,13995,A18,B23,C32,PCS,199,2.46,D,C08,1.496196,489.54,732.45
43194,L27,13995,A18,B23,C32,PCS,867,2.46,D,C08,1.496196,2132.82,3191.12
43194,L27,13995,A18,B23,C32,PCS,992,2.46,D,C08,1.496196,2440.32,3651.2
43194,L27,13995,A18,B23,C32,PCS,673,2.46,D,C08,1.496196,1655.58,2477.07
43194,L27,13995,A18,B23,C32,PCS,626,2.46,D,C08,1.496196,1539.96,2304.08
43194,L27,13995,A18,B23,C32,PCS,428,2.46,D,C08,1.496196,1052.88,1575.31
43194,L27,13995,A18,B23,C32,PCS,887,2.46,D,C08,1.496196,2182.02,3264.73
43212,L27,14199,A15,B22,C32,PCS,27,2.78,C,C01,6.825646,75.06,512.33
43212,L27,14199,A15,B22,C32,PCS,757,2.78,C,C01,6.825646,2104.46,14364.3
43212,L27,14199,A15,B22,C32,PCS,368,2.78,C,C01,6.825646,1023.04,6982.91
43212,L27,14199,A15,B22,C32,PCS,97,2.78,C,C01,6.825646,269.66,1840.6
43212,L27,14199,A15,B22,C32,PCS,407,2.78,C,C01,6.825646,1131.46,7722.95
43212,L27,14199,A15,B22,C32,PCS,307,2.78,C,C01,6.825646,853.46,5825.42
43212,L27,14199,A15,B22,C32,PCS,752,2.78,C,C01,6.825646,2090.56,14269.42
43212,L27,14199,A15,B22,C32,PCS,825,2.78,C,C01,6.825646,2293.5,15654.62
43212,L27,14199,A15,B22,C32,PCS,888,2.78,C,C01,6.825646,2468.64,16850.06
43212,L27,14199,A15,B22,C32,PCS,307,2.78,C,C01,6.825646,853.46,5825.42
43217,L27,14256,A15,B27,C34,PCS,948,1.81,C,C09,1.199464,1715.88,2058.14
43217,L27,14256,A15,B27,C34,PCS,598,1.81,C,C09,1.199464,1082.38,1298.28
43217,L27,14256,A15,B27,C34,PCS,926,1.81,C,C09,1.199464,1676.06,2010.37
43217,L27,14256,A15,B27,C34,PCS,402,1.81,C,C09,1.199464,727.62,872.75
43217,L27,14256,A15,B27,C34,PCS,553,1.81,C,C09,1.199464,1000.93,1200.58
43217,L27,14256,A15,B27,C34,PCS,31,1.81,C,C09,1.199464,56.11,67.3
43217,L27,14256,A15,B27,C34,PCS,275,1.81,C,C09,1.199464,497.75,597.03
43217,L27,14256,A15,B27,C34,PCS,200,1.81,C,C09,1.199464,362,434.21
43217,L27,14256,A15,B27,C34,PCS,175,1.81,C,C09,1.199464,316.75,379.93
43217,L27,14256,A15,B27,C34,PCS,980,1.81,C,C09,1.199464,1773.8,2127.61
43219,L27,14299,A13,B25,C39,PCS,500,1.95,D,C01,6.825646,975,6655
43219,L27,14299,A13,B25,C39,PCS,193,1.95,D,C01,6.825646,376.35,2568.83
43219,L27,14299,A13,B25,C39,PCS,147,1.95,D,C01,6.825646,286.65,1956.57
43219,L27,14299,A13,B25,C39,PCS,589,1.95,D,C01,6.825646,1148.55,7839.6
43219,L27,14299,A13,B25,C39,PCS,8,1.95,D,C01,6.825646,15.6,106.48
43219,L27,14299,A13,B25,C39,PCS,240,1.95,D,C01,6.825646,468,3194.4
43219,L27,14299,A13,B25,C39,PCS,453,1.95,D,C01,6.825646,883.35,6029.43
43219,L27,14299,A13,B25,C39,PCS,174,1.95,D,C01,6.825646,339.3,2315.94
43219,L27,14299,A13,B25,C39,PCS,992,1.95,D,C01,6.825646,1934.4,13203.53
43219,L27,14299,A13,B25,C39,PCS,345,1.95,D,C01,6.825646,672.75,4591.95
43197,L27,14333,A17,B25,C36,PCS,737,6.85,C,C03,7.133317,5048.45,36012.19
43197,L27,14333,A17,B25,C36,PCS,27,6.85,C,C03,7.133317,184.95,1319.31
43197,L27,14333,A17,B25,C36,PCS,823,6.85,C,C03,7.133317,5637.55,40214.43
43197,L27,14333,A17,B25,C36,PCS,734,6.85,C,C03,7.133317,5027.9,35865.6
43197,L27,14333,A17,B25,C36,PCS,525,6.85,C,C03,7.133317,3596.25,25653.19
43197,L27,14333,A17,B25,C36,PCS,369,6.85,C,C03,7.133317,2527.65,18030.53
43197,L27,14333,A17,B25,C36,PCS,211,6.85,C,C03,7.133317,1445.35,10310.14
43197,L27,14333,A17,B25,C36,PCS,451,6.85,C,C03,7.133317,3089.35,22037.31
43197,L27,14333,A17,B25,C36,PCS,390,6.85,C,C03,7.133317,2671.5,19056.66
43197,L27,14333,A17,B25,C36,PCS,443,6.85,C,C03,7.133317,3034.55,21646.41
43210,L27,14424,A18,B28,C31,PCS,276,1.23,D,C09,1.199464,339.48,407.19
43210,L27,14424,A18,B28,C31,PCS,278,1.23,D,C09,1.199464,341.94,410.14
43210,L27,14424,A18,B28,C31,PCS,63,1.23,D,C09,1.199464,77.49,92.95
43210,L27,14424,A18,B28,C31,PCS,661,1.23,D,C09,1.199464,813.03,975.2
43210,L27,14424,A18,B28,C31,PCS,503,1.23,D,C09,1.199464,618.69,742.1
43210,L27,14424,A18,B28,C31,PCS,550,1.23,D,C09,1.199464,676.5,811.44
43210,L27,14424,A18,B28,C31,PCS,415,1.23,D,C09,1.199464,510.45,612.27
43210,L27,14424,A18,B28,C31,PCS,445,1.23,D,C09,1.199464,547.35,656.53
43210,L27,14424,A18,B28,C31,PCS,249,1.23,D,C09,1.199464,306.27,367.36
43210,L27,14424,A18,B28,C31,PCS,890,1.23,D,C09,1.199464,1094.7,1313.05
43212,L27,14449,A10,B24,C33,PCS,338,4.7,D,C01,6.825646,1588.6,10843.22
43212,L27,14449,A10,B24,C33,PCS,767,4.7,D,C01,6.825646,3604.9,24605.77
43212,L27,14449,A10,B24,C33,PCS,299,4.7,D,C01,6.825646,1405.3,9592.08
43212,L27,14449,A10,B24,C33,PCS,508,4.7,D,C01,6.825646,2387.6,16296.91
43212,L27,14449,A10,B24,C33,PCS,539,4.7,D,C01,6.825646,2533.3,17291.41
43212,L27,14449,A10,B24,C33,PCS,953,4.7,D,C01,6.825646,4479.1,30572.75
43212,L27,14449,A10,B24,C33,PCS,115,4.7,D,C01,6.825646,540.5,3689.26
43212,L27,14449,A10,B24,C33,PCS,897,4.7,D,C01,6.825646,4215.9,28776.24
43212,L27,14449,A10,B24,C33,PCS,965,4.7,D,C01,6.825646,4535.5,30957.72
43212,L27,14449,A10,B24,C33,PCS,591,4.7,D,C01,6.825646,2777.7,18959.6
43192,L27,14478,A19,B28,C31,PCS,109,5.02,D,C10,8.657656,547.18,4737.3
43192,L27,14478,A19,B28,C31,PCS,329,5.02,D,C10,8.657656,1651.58,14298.81
43192,L27,14478,A19,B28,C31,PCS,48,5.02,D,C10,8.657656,240.96,2086.15
43192,L27,14478,A19,B28,C31,PCS,816,5.02,D,C10,8.657656,4096.32,35464.53
43192,L27,14478,A19,B28,C31,PCS,645,5.02,D,C10,8.657656,3237.9,28032.62
43192,L27,14478,A19,B28,C31,PCS,391,5.02,D,C10,8.657656,1962.82,16993.42
43192,L27,14478,A19,B28,C31,PCS,97,5.02,D,C10,8.657656,486.94,4215.76
43192,L27,14478,A19,B28,C31,PCS,416,5.02,D,C10,8.657656,2088.32,18079.96
43192,L27,14478,A19,B28,C31,PCS,992,5.02,D,C10,8.657656,4979.84,43113.74
43192,L27,14478,A19,B28,C31,PCS,838,5.02,D,C10,8.657656,4206.76,36420.68
43195,L27,14591,A15,B28,C40,PCS,434,9.45,D,C03,7.133317,4101.3,29255.87
43195,L27,14591,A15,B28,C40,PCS,243,9.45,D,C03,7.133317,2296.35,16380.59
43195,L27,14591,A15,B28,C40,PCS,657,9.45,D,C03,7.133317,6208.65,44288.27
43195,L27,14591,A15,B28,C40,PCS,799,9.45,D,C03,7.133317,7550.55,53860.47
43195,L27,14591,A15,B28,C40,PCS,910,9.45,D,C03,7.133317,8599.5,61342.96
43195,L27,14591,A15,B28,C40,PCS,750,9.45,D,C03,7.133317,7087.5,50557.38
43195,L27,14591,A15,B28,C40,PCS,839,9.45,D,C03,7.133317,7928.55,56556.86
43195,L27,14591,A15,B28,C40,PCS,37,9.45,D,C03,7.133317,349.65,2494.16
43195,L27,14591,A15,B28,C40,PCS,86,9.45,D,C03,7.133317,812.7,5797.25
43195,L27,14591,A15,B28,C40,PCS,267,9.45,D,C03,7.133317,2523.15,17998.43
43201,L27,14627,A17,B27,C31,PCS,966,3.27,D,C06,3.547054,3158.82,11204.51
43201,L27,14627,A17,B27,C31,PCS,479,3.27,D,C06,3.547054,1566.33,5555.86
43201,L27,14627,A17,B27,C31,PCS,496,3.27,D,C06,3.547054,1621.92,5753.04
43201,L27,14627,A17,B27,C31,PCS,119,3.27,D,C06,3.547054,389.13,1380.27
43201,L27,14627,A17,B27,C31,PCS,567,3.27,D,C06,3.547054,1854.09,6576.56
43201,L27,14627,A17,B27,C31,PCS,310,3.27,D,C06,3.547054,1013.7,3595.65
43201,L27,14627,A17,B27,C31,PCS,138,3.27,D,C06,3.547054,451.26,1600.64
43201,L27,14627,A17,B27,C31,PCS,632,3.27,D,C06,3.547054,2066.64,7330.48
43201,L27,14627,A17,B27,C31,PCS,739,3.27,D,C06,3.547054,2416.53,8571.56
43201,L27,14627,A17,B27,C31,PCS,97,3.27,D,C06,3.547054,317.19,1125.09
43191,L27,14789,A19,B29,C34,PCS,398,1.61,D,C01,6.825646,640.78,4373.74
43191,L27,14789,A19,B29,C34,PCS,832,1.61,D,C01,6.825646,1339.52,9143.09
43191,L27,14789,A19,B29,C34,PCS,233,1.61,D,C01,6.825646,375.13,2560.5
43191,L27,14789,A19,B29,C34,PCS,221,1.61,D,C01,6.825646,355.81,2428.63
43191,L27,14789,A19,B29,C34,PCS,748,1.61,D,C01,6.825646,1204.28,8219.99
43191,L27,14789,A19,B29,C34,PCS,784,1.61,D,C01,6.825646,1262.24,8615.6
43191,L27,14789,A19,B29,C34,PCS,807,1.61,D,C01,6.825646,1299.27,8868.36
43191,L27,14789,A19,B29,C34,PCS,313,1.61,D,C01,6.825646,503.93,3439.65
43191,L27,14789,A19,B29,C34,PCS,311,1.61,D,C01,6.825646,500.71,3417.67
43191,L27,14789,A19,B29,C34,PCS,633,1.61,D,C01,6.825646,1019.13,6956.22
43207,L27,14855,A18,B20,C36,PCS,618,6.85,C,C07,1.358577,4233.3,5751.26
43207,L27,14855,A18,B20,C36,PCS,586,6.85,C,C07,1.358577,4014.1,5453.46
43207,L27,14855,A18,B20,C36,PCS,131,6.85,C,C07,1.358577,897.35,1219.12
43207,L27,14855,A18,B20,C36,PCS,3,6.85,C,C07,1.358577,20.55,27.92
43207,L27,14855,A18,B20,C36,PCS,910,6.85,C,C07,1.358577,6233.5,8468.69
43207,L27,14855,A18,B20,C36,PCS,263,6.85,C,C07,1.358577,1801.55,2447.54
43207,L27,14855,A18,B20,C36,PCS,748,6.85,C,C07,1.358577,5123.8,6961.08
43207,L27,14855,A18,B20,C36,PCS,117,6.85,C,C07,1.358577,801.45,1088.83
43207,L27,14855,A18,B20,C36,PCS,932,6.85,C,C07,1.358577,6384.2,8673.43
43207,L27,14855,A18,B20,C36,PCS,40,6.85,C,C07,1.358577,274,372.25
43213,L27,14867,A20,B30,C37,PCS,256,6.41,C,C06,3.547054,1640.96,5820.57
43213,L27,14867,A20,B30,C37,PCS,100,6.41,C,C06,3.547054,641,2273.66
43213,L27,14867,A20,B30,C37,PCS,640,6.41,C,C06,3.547054,4102.4,14551.43
43213,L27,14867,A20,B30,C37,PCS,834,6.41,C,C06,3.547054,5345.94,18962.34
43213,L27,14867,A20,B30,C37,PCS,903,6.41,C,C06,3.547054,5788.23,20531.16
43213,L27,14867,A20,B30,C37,PCS,544,6.41,C,C06,3.547054,3487.04,12368.72
43213,L27,14867,A20,B30,C37,PCS,712,6.41,C,C06,3.547054,4563.92,16188.47
43213,L27,14867,A20,B30,C37,PCS,882,6.41,C,C06,3.547054,5653.62,20053.7
43213,L27,14867,A20,B30,C37,PCS,57,6.41,C,C06,3.547054,365.37,1295.99
43213,L27,14867,A20,B30,C37,PCS,355,6.41,C,C06,3.547054,2275.55,8071.5
43207,L27,14932,A16,B29,C36,PCS,430,6.85,D,C07,1.358577,2945.5,4001.69
43207,L27,14932,A16,B29,C36,PCS,914,6.85,D,C07,1.358577,6260.9,8505.91
43207,L27,14932,A16,B29,C36,PCS,406,6.85,D,C07,1.358577,2781.1,3778.34
43207,L27,14932,A16,B29,C36,PCS,221,6.85,D,C07,1.358577,1513.85,2056.68
43207,L27,14932,A16,B29,C36,PCS,911,6.85,D,C07,1.358577,6240.35,8478
43207,L27,14932,A16,B29,C36,PCS,51,6.85,D,C07,1.358577,349.35,474.62
43207,L27,14932,A16,B29,C36,PCS,802,6.85,D,C07,1.358577,5493.7,7463.61
43207,L27,14932,A16,B29,C36,PCS,986,6.85,D,C07,1.358577,6754.1,9175.96
43207,L27,14932,A16,B29,C36,PCS,788,6.85,D,C07,1.358577,5397.8,7333.33
43207,L27,14932,A16,B29,C36,PCS,474,6.85,D,C07,1.358577,3246.9,4411.16
43202,L27,15018,A16,B21,C36,PCS,206,6.84,C,C02,9.912483,1409.04,13967.09
43202,L27,15018,A16,B21,C36,PCS,81,6.84,C,C02,9.912483,554.04,5491.91
43202,L27,15018,A16,B21,C36,PCS,161,6.84,C,C02,9.912483,1101.24,10916.02
43202,L27,15018,A16,B21,C36,PCS,330,6.84,C,C02,9.912483,2257.2,22374.46
43202,L27,15018,A16,B21,C36,PCS,943,6.84,C,C02,9.912483,6450.12,63936.7
43202,L27,15018,A16,B21,C36,PCS,528,6.84,C,C02,9.912483,3611.52,35799.13
43202,L27,15018,A16,B21,C36,PCS,186,6.84,C,C02,9.912483,1272.24,12611.06
43202,L27,15018,A16,B21,C36,PCS,895,6.84,C,C02,9.912483,6121.8,60682.24
43202,L27,15018,A16,B21,C36,PCS,740,6.84,C,C02,9.912483,5061.6,50173.02
43202,L27,15018,A16,B21,C36,PCS,922,6.84,C,C02,9.912483,6306.48,62512.88
43212,L27,15041,A15,B24,C30,PCS,30,4.7,D,C01,6.825646,141,962.42
43212,L27,15041,A15,B24,C30,PCS,215,4.7,D,C01,6.825646,1010.5,6897.32
43212,L27,15041,A15,B24,C30,PCS,68,4.7,D,C01,6.825646,319.6,2181.48
43212,L27,15041,A15,B24,C30,PCS,918,4.7,D,C01,6.825646,4314.6,29449.93
43212,L27,15041,A15,B24,C30,PCS,373,4.7,D,C01,6.825646,1753.1,11966.04
43212,L27,15041,A15,B24,C30,PCS,958,4.7,D,C01,6.825646,4502.6,30733.15
43212,L27,15041,A15,B24,C30,PCS,441,4.7,D,C01,6.825646,2072.7,14147.52
43212,L27,15041,A15,B24,C30,PCS,967,4.7,D,C01,6.825646,4544.9,31021.88
43212,L27,15041,A15,B24,C30,PCS,663,4.7,D,C01,6.825646,3116.1,21269.4
43212,L27,15041,A15,B24,C30,PCS,684,4.7,D,C01,6.825646,3214.8,21943.09
43212,L27,15212,A13,B24,C37,PCS,361,5.77,D,C02,9.912483,2082.97,20647.4
43212,L27,15212,A13,B24,C37,PCS,176,5.77,D,C02,9.912483,1015.52,10066.32
43212,L27,15212,A13,B24,C37,PCS,364,5.77,D,C02,9.912483,2100.28,20818.99
43212,L27,15212,A13,B24,C37,PCS,86,5.77,D,C02,9.912483,496.22,4918.77
43212,L27,15212,A13,B24,C37,PCS,596,5.77,D,C02,9.912483,3438.92,34088.24
43212,L27,15212,A13,B24,C37,PCS,340,5.77,D,C02,9.912483,1961.8,19446.31
43212,L27,15212,A13,B24,C37,PCS,243,5.77,D,C02,9.912483,1402.11,13898.39
43212,L27,15212,A13,B24,C37,PCS,818,5.77,D,C02,9.912483,4719.86,46785.53
43212,L27,15212,A13,B24,C37,PCS,536,5.77,D,C02,9.912483,3092.72,30656.53
43212,L27,15212,A13,B24,C37,PCS,578,5.77,D,C02,9.912483,3335.06,33058.73
43203,L27,15267,A12,B26,C34,PCS,418,6,C,C02,9.912483,2508,24860.51
43203,L27,15267,A12,B26,C34,PCS,748,6,C,C02,9.912483,4488,44487.22
43203,L27,15267,A12,B26,C34,PCS,953,6,C,C02,9.912483,5718,56679.58
43203,L27,15267,A12,B26,C34,PCS,550,6,C,C02,9.912483,3300,32711.19
43203,L27,15267,A12,B26,C34,PCS,320,6,C,C02,9.912483,1920,19031.97
43203,L27,15267,A12,B26,C34,PCS,997,6,C,C02,9.912483,5982,59296.47
43203,L27,15267,A12,B26,C34,PCS,34,6,C,C02,9.912483,204,2022.15
43203,L27,15267,A12,B26,C34,PCS,561,6,C,C02,9.912483,3366,33365.42
43203,L27,15267,A12,B26,C34,PCS,871,6,C,C02,9.912483,5226,51802.64
43203,L27,15267,A12,B26,C34,PCS,867,6,C,C02,9.912483,5202,51564.74
43203,L27,15410,A11,B27,C40,PCS,759,6.02,D,C10,8.657656,4569.18,39558.39
43203,L27,15410,A11,B27,C40,PCS,171,6.02,D,C10,8.657656,1029.42,8912.36
43203,L27,15410,A11,B27,C40,PCS,778,6.02,D,C10,8.657656,4683.56,40548.65
43203,L27,15410,A11,B27,C40,PCS,180,6.02,D,C10,8.657656,1083.6,9381.44
43203,L27,15410,A11,B27,C40,PCS,947,6.02,D,C10,8.657656,5700.94,49356.78
43203,L27,15410,A11,B27,C40,PCS,570,6.02,D,C10,8.657656,3431.4,29707.88
43203,L27,15410,A11,B27,C40,PCS,393,6.02,D,C10,8.657656,2365.86,20482.8
43203,L27,15410,A11,B27,C40,PCS,454,6.02,D,C10,8.657656,2733.08,23662.07
43203,L27,15410,A11,B27,C40,PCS,482,6.02,D,C10,8.657656,2901.64,25121.4
43203,L27,15410,A11,B27,C40,PCS,171,6.02,D,C10,8.657656,1029.42,8912.36
43220,L27,15482,A12,B23,C37,PCS,296,8.52,C,C06,3.547054,2521.92,8945.39
43220,L27,15482,A12,B23,C37,PCS,194,8.52,C,C06,3.547054,1652.88,5862.85
43220,L27,15482,A12,B23,C37,PCS,242,8.52,C,C06,3.547054,2061.84,7313.46
43220,L27,15482,A12,B23,C37,PCS,517,8.52,C,C06,3.547054,4404.84,15624.21
43220,L27,15482,A12,B23,C37,PCS,201,8.52,C,C06,3.547054,1712.52,6074.4
43220,L27,15482,A12,B23,C37,PCS,83,8.52,C,C06,3.547054,707.16,2508.33
43220,L27,15482,A12,B23,C37,PCS,107,8.52,C,C06,3.547054,911.64,3233.64
43220,L27,15482,A12,B23,C37,PCS,238,8.52,C,C06,3.547054,2027.76,7192.57
43220,L27,15482,A12,B23,C37,PCS,852,8.52,C,C06,3.547054,7259.04,25748.21
43220,L27,15482,A12,B23,C37,PCS,593,8.52,C,C06,3.547054,5052.36,17920.99
43217,L27,15597,A14,B30,C35,PCS,794,1.81,C,C09,1.199464,1437.14,1723.8
43217,L27,15597,A14,B30,C35,PCS,188,1.81,C,C09,1.199464,340.28,408.15
43217,L27,15597,A14,B30,C35,PCS,450,1.81,C,C09,1.199464,814.5,976.96
43217,L27,15597,A14,B30,C35,PCS,692,1.81,C,C09,1.199464,1252.52,1502.35
43217,L27,15597,A14,B30,C35,PCS,93,1.81,C,C09,1.199464,168.33,201.91
43217,L27,15597,A14,B30,C35,PCS,461,1.81,C,C09,1.199464,834.41,1000.84
43217,L27,15597,A14,B30,C35,PCS,860,1.81,C,C09,1.199464,1556.6,1867.09
43217,L27,15597,A14,B30,C35,PCS,479,1.81,C,C09,1.199464,866.99,1039.92
43217,L27,15597,A14,B30,C35,PCS,777,1.81,C,C09,1.199464,1406.37,1686.89
43217,L27,15597,A14,B30,C35,PCS,563,1.81,C,C09,1.199464,1019.03,1222.29
43202,L27,15620,A10,B23,C39,PCS,149,6.84,C,C02,9.912483,1019.16,10102.41
43202,L27,15620,A10,B23,C39,PCS,401,6.84,C,C02,9.912483,2742.84,27188.35
43202,L27,15620,A10,B23,C39,PCS,842,6.84,C,C02,9.912483,5759.28,57088.77
43202,L27,15620,A10,B23,C39,PCS,645,6.84,C,C02,9.912483,4411.8,43731.89
43202,L27,15620,A10,B23,C39,PCS,811,6.84,C,C02,9.912483,5547.24,54986.92
43202,L27,15620,A10,B23,C39,PCS,36,6.84,C,C02,9.912483,246.24,2440.85
43202,L27,15620,A10,B23,C39,PCS,127,6.84,C,C02,9.912483,868.68,8610.78
43202,L27,15620,A10,B23,C39,PCS,113,6.84,C,C02,9.912483,772.92,7661.56
43202,L27,15620,A10,B23,C39,PCS,987,6.84,C,C02,9.912483,6751.08,66919.97
43202,L27,15620,A10,B23,C39,PCS,989,6.84,C,C02,9.912483,6764.76,67055.57
43191,L27,15776,A18,B30,C34,PCS,851,9.71,D,C01,6.825646,8263.21,56401.75
43191,L27,15776,A18,B30,C34,PCS,822,9.71,D,C01,6.825646,7981.62,54479.71
43191,L27,15776,A18,B30,C34,PCS,245,9.71,D,C01,6.825646,2378.95,16237.87
43191,L27,15776,A18,B30,C34,PCS,925,9.71,D,C01,6.825646,8981.75,61306.25
43191,L27,15776,A18,B30,C34,PCS,715,9.71,D,C01,6.825646,6942.65,47388.07
43191,L27,15776,A18,B30,C34,PCS,49,9.71,D,C01,6.825646,475.79,3247.57
43191,L27,15776,A18,B30,C34,PCS,138,9.71,D,C01,6.825646,1339.98,9146.23
43191,L27,15776,A18,B30,C34,PCS,324,9.71,D,C01,6.825646,3146.04,21473.76
43191,L27,15776,A18,B30,C34,PCS,24,9.71,D,C01,6.825646,233.04,1590.65
43191,L27,15776,A18,B30,C34,PCS,799,9.71,D,C01,6.825646,7758.29,52955.34
43196,L27,15815,A12,B30,C34,PCS,392,4.09,D,C06,3.547054,1603.28,5686.92
43196,L27,15815,A12,B30,C34,PCS,898,4.09,D,C06,3.547054,3672.82,13027.69
43196,L27,15815,A12,B30,C34,PCS,569,4.09,D,C06,3.547054,2327.21,8254.74
43196,L27,15815,A12,B30,C34,PCS,173,4.09,D,C06,3.547054,707.57,2509.79
43196,L27,15815,A12,B30,C34,PCS,504,4.09,D,C06,3.547054,2061.36,7311.76
43196,L27,15815,A12,B30,C34,PCS,419,4.09,D,C06,3.547054,1713.71,6078.62
43196,L27,15815,A12,B30,C34,PCS,17,4.09,D,C06,3.547054,69.53,246.63
43196,L27,15815,A12,B30,C34,PCS,306,4.09,D,C06,3.547054,1251.54,4439.28
43196,L27,15815,A12,B30,C34,PCS,861,4.09,D,C06,3.547054,3521.49,12490.92
43196,L27,15815,A12,B30,C34,PCS,345,4.09,D,C06,3.547054,1411.05,5005.07
43220,L27,15860,A19,B28,C39,PCS,237,7.93,D,C06,3.547054,1879.41,6666.37
43220,L27,15860,A19,B28,C39,PCS,745,7.93,D,C06,3.547054,5907.85,20955.46
43220,L27,15860,A19,B28,C39,PCS,147,7.93,D,C06,3.547054,1165.71,4134.84
43220,L27,15860,A19,B28,C39,PCS,958,7.93,D,C06,3.547054,7596.94,26946.76
43220,L27,15860,A19,B28,C39,PCS,416,7.93,D,C06,3.547054,3298.88,11701.31
43220,L27,15860,A19,B28,C39,PCS,241,7.93,D,C06,3.547054,1911.13,6778.88
43220,L27,15860,A19,B28,C39,PCS,239,7.93,D,C06,3.547054,1895.27,6722.63
43220,L27,15860,A19,B28,C39,PCS,537,7.93,D,C06,3.547054,4258.41,15104.81
43220,L27,15860,A19,B28,C39,PCS,644,7.93,D,C06,3.547054,5106.92,18114.52
43220,L27,15860,A19,B28,C39,PCS,276,7.93,D,C06,3.547054,2188.68,7763.37
43204,L27,15948,A14,B27,C32,PCS,617,9.42,C,C03,7.133317,5812.14,41459.84
43204,L27,15948,A14,B27,C32,PCS,680,9.42,C,C03,7.133317,6405.6,45693.18
43204,L27,15948,A14,B27,C32,PCS,976,9.42,C,C03,7.133317,9193.92,65583.15
43204,L27,15948,A14,B27,C32,PCS,149,9.42,C,C03,7.133317,1403.58,10012.18
43204,L27,15948,A14,B27,C32,PCS,758,9.42,C,C03,7.133317,7140.36,50934.45
43204,L27,15948,A14,B27,C32,PCS,394,9.42,C,C03,7.133317,3711.48,26475.16
43204,L27,15948,A14,B27,C32,PCS,65,9.42,C,C03,7.133317,612.3,4367.73
43204,L27,15948,A14,B27,C32,PCS,36,9.42,C,C03,7.133317,339.12,2419.05
43204,L27,15948,A14,B27,C32,PCS,102,9.42,C,C03,7.133317,960.84,6853.98
43204,L27,15948,A14,B27,C32,PCS,598,9.42,C,C03,7.133317,5633.16,40183.12
43194,L27,16110,A15,B29,C37,PCS,582,2.46,C,C08,1.496196,1431.72,2142.13
43194,L27,16110,A15,B29,C37,PCS,529,2.46,C,C08,1.496196,1301.34,1947.06
43194,L27,16110,A15,B29,C37,PCS,919,2.46,C,C08,1.496196,2260.74,3382.51
43194,L27,16110,A15,B29,C37,PCS,510,2.46,C,C08,1.496196,1254.6,1877.13
43194,L27,16110,A15,B29,C37,PCS,183,2.46,C,C08,1.496196,450.18,673.56
43194,L27,16110,A15,B29,C37,PCS,757,2.46,C,C08,1.496196,1862.22,2786.25
43194,L27,16110,A15,B29,C37,PCS,636,2.46,C,C08,1.496196,1564.56,2340.89
43194,L27,16110,A15,B29,C37,PCS,717,2.46,C,C08,1.496196,1763.82,2639.02
43194,L27,16110,A15,B29,C37,PCS,32,2.46,C,C08,1.496196,78.72,117.78
43194,L27,16110,A15,B29,C37,PCS,226,2.46,C,C08,1.496196,555.96,831.83
43214,L27,16216,A16,B26,C38,PCS,123,2.46,C,C04,5.388146,302.58,1630.35
43214,L27,16216,A16,B26,C38,PCS,937,2.46,C,C04,5.388146,2305.02,12419.78
43214,L27,16216,A16,B26,C38,PCS,765,2.46,C,C04,5.388146,1881.9,10139.95
43214,L27,16216,A16,B26,C38,PCS,147,2.46,C,C04,5.388146,361.62,1948.46
43214,L27,16216,A16,B26,C38,PCS,55,2.46,C,C04,5.388146,135.3,729.02
43214,L27,16216,A16,B26,C38,PCS,545,2.46,C,C04,5.388146,1340.7,7223.89
43214,L27,16216,A16,B26,C38,PCS,610,2.46,C,C04,5.388146,1500.6,8085.45
43214,L27,16216,A16,B26,C38,PCS,595,2.46,C,C04,5.388146,1463.7,7886.63
43214,L27,16216,A16,B26,C38,PCS,635,2.46,C,C04,5.388146,1562.1,8416.82
43214,L27,16216,A16,B26,C38,PCS,855,2.46,C,C04,5.388146,2103.3,11332.89
43208,L27,16236,A11,B22,C34,PCS,765,6.32,D,C02,9.912483,4834.8,47924.87
43208,L27,16236,A11,B22,C34,PCS,432,6.32,D,C02,9.912483,2730.24,27063.46
43208,L27,16236,A11,B22,C34,PCS,860,6.32,D,C02,9.912483,5435.2,53876.33
43208,L27,16236,A11,B22,C34,PCS,455,6.32,D,C02,9.912483,2875.6,28504.34
43208,L27,16236,A11,B22,C34,PCS,152,6.32,D,C02,9.912483,960.64,9522.33
43208,L27,16236,A11,B22,C34,PCS,911,6.32,D,C02,9.912483,5757.52,57071.32
43208,L27,16236,A11,B22,C34,PCS,142,6.32,D,C02,9.912483,897.44,8895.86
43208,L27,16236,A11,B22,C34,PCS,491,6.32,D,C02,9.912483,3103.12,30759.62
43208,L27,16236,A11,B22,C34,PCS,903,6.32,D,C02,9.912483,5706.96,56570.14
43208,L27,16236,A11,B22,C34,PCS,391,6.32,D,C02,9.912483,2471.12,24494.93
43191,L27,16277,A18,B28,C32,PCS,329,9.64,D,C09,1.199464,3171.56,3804.17
43191,L27,16277,A18,B28,C32,PCS,411,9.64,D,C09,1.199464,3962.04,4752.32
43191,L27,16277,A18,B28,C32,PCS,80,9.64,D,C09,1.199464,771.2,925.03
43191,L27,16277,A18,B28,C32,PCS,387,9.64,D,C09,1.199464,3730.68,4474.82
43191,L27,16277,A18,B28,C32,PCS,152,9.64,D,C09,1.199464,1465.28,1757.55
43191,L27,16277,A18,B28,C32,PCS,498,9.64,D,C09,1.199464,4800.72,5758.29
43191,L27,16277,A18,B28,C32,PCS,442,9.64,D,C09,1.199464,4260.88,5110.77
43191,L27,16277,A18,B28,C32,PCS,952,9.64,D,C09,1.199464,9177.28,11007.82
43191,L27,16277,A18,B28,C32,PCS,623,9.64,D,C09,1.199464,6005.72,7203.64
43191,L27,16277,A18,B28,C32,PCS,450,9.64,D,C09,1.199464,4338,5203.27
43195,L27,16390,A14,B20,C38,PCS,515,9.45,C,C03,7.133317,4866.75,34716.07
43195,L27,16390,A14,B20,C38,PCS,850,9.45,C,C03,7.133317,8032.5,57298.37
43195,L27,16390,A14,B20,C38,PCS,968,9.45,C,C03,7.133317,9147.6,65252.73
43195,L27,16390,A14,B20,C38,PCS,334,9.45,C,C03,7.133317,3156.3,22514.89
43195,L27,16390,A14,B20,C38,PCS,969,9.45,C,C03,7.133317,9157.05,65320.14
43195,L27,16390,A14,B20,C38,PCS,859,9.45,C,C03,7.133317,8117.55,57905.06
43195,L27,16390,A14,B20,C38,PCS,909,9.45,C,C03,7.133317,8590.05,61275.55
43195,L27,16390,A14,B20,C38,PCS,697,9.45,C,C03,7.133317,6586.65,46984.66
43195,L27,16390,A14,B20,C38,PCS,532,9.45,C,C03,7.133317,5027.4,35862.04
43195,L27,16390,A14,B20,C38,PCS,406,9.45,C,C03,7.133317,3836.7,27368.4
43208,L27,16551,A19,B20,C34,PCS,904,8.45,C,C07,1.358577,7638.8,10377.9
43208,L27,16551,A19,B20,C34,PCS,310,8.45,C,C07,1.358577,2619.5,3558.79
43208,L27,16551,A19,B20,C34,PCS,596,8.45,C,C07,1.358577,5036.2,6842.07
43208,L27,16551,A19,B20,C34,PCS,544,8.45,C,C07,1.358577,4596.8,6245.11
43208,L27,16551,A19,B20,C34,PCS,634,8.45,C,C07,1.358577,5357.3,7278.3
43208,L27,16551,A19,B20,C34,PCS,649,8.45,C,C07,1.358577,5484.05,7450.5
43208,L27,16551,A19,B20,C34,PCS,94,8.45,C,C07,1.358577,794.3,1079.12
43208,L27,16551,A19,B20,C34,PCS,789,8.45,C,C07,1.358577,6667.05,9057.7
43208,L27,16551,A19,B20,C34,PCS,421,8.45,C,C07,1.358577,3557.45,4833.07
43208,L27,16551,A19,B20,C34,PCS,994,8.45,C,C07,1.358577,8399.3,11411.1
43207,L27,16603,A11,B24,C35,PCS,728,4.46,C,C02,9.912483,3246.88,32184.64
43207,L27,16603,A11,B24,C35,PCS,793,4.46,C,C02,9.912483,3536.78,35058.27
43207,L27,16603,A11,B24,C35,PCS,403,4.46,C,C02,9.912483,1797.38,17816.5
43207,L27,16603,A11,B24,C35,PCS,721,4.46,C,C02,9.912483,3215.66,31875.18
43207,L27,16603,A11,B24,C35,PCS,922,4.46,C,C02,9.912483,4112.12,40761.32
43207,L27,16603,A11,B24,C35,PCS,828,4.46,C,C02,9.912483,3692.88,36605.61
43207,L27,16603,A11,B24,C35,PCS,584,4.46,C,C02,9.912483,2604.64,25818.45
43207,L27,16603,A11,B24,C35,PCS,516,4.46,C,C02,9.912483,2301.36,22812.19
43207,L27,16603,A11,B24,C35,PCS,727,4.46,C,C02,9.912483,3242.42,32140.43
43207,L27,16603,A11,B24,C35,PCS,138,4.46,C,C02,9.912483,615.48,6100.94
43216,L27,16739,A14,B25,C34,PCS,288,9.91,D,C06,3.547054,2854.08,10123.58
43216,L27,16739,A14,B25,C34,PCS,723,9.91,D,C06,3.547054,7164.93,25414.39
43216,L27,16739,A14,B25,C34,PCS,673,9.91,D,C06,3.547054,6669.43,23656.83
43216,L27,16739,A14,B25,C34,PCS,823,9.91,D,C06,3.547054,8155.93,28929.52
43216,L27,16739,A14,B25,C34,PCS,353,9.91,D,C06,3.547054,3498.23,12408.41
43216,L27,16739,A14,B25,C34,PCS,280,9.91,D,C06,3.547054,2774.8,9842.37
43216,L27,16739,A14,B25,C34,PCS,579,9.91,D,C06,3.547054,5737.89,20352.61
43216,L27,16739,A14,B25,C34,PCS,847,9.91,D,C06,3.547054,8393.77,29773.16
43216,L27,16739,A14,B25,C34,PCS,601,9.91,D,C06,3.547054,5955.91,21125.93
43216,L27,16739,A14,B25,C34,PCS,683,9.91,D,C06,3.547054,6768.53,24008.34
43213,L27,16890,A10,B23,C33,PCS,501,1.61,C,C03,7.133317,806.61,5753.8
43213,L27,16890,A10,B23,C33,PCS,212,1.61,C,C03,7.133317,341.32,2434.74
43213,L27,16890,A10,B23,C33,PCS,62,1.61,C,C03,7.133317,99.82,712.05
43213,L27,16890,A10,B23,C33,PCS,650,1.61,C,C03,7.133317,1046.5,7465.02
43213,L27,16890,A10,B23,C33,PCS,747,1.61,C,C03,7.133317,1202.67,8579.03
43213,L27,16890,A10,B23,C33,PCS,483,1.61,C,C03,7.133317,777.63,5547.08
43213,L27,16890,A10,B23,C33,PCS,208,1.61,C,C03,7.133317,334.88,2388.81
43213,L27,16890,A10,B23,C33,PCS,110,1.61,C,C03,7.133317,177.1,1263.31
43213,L27,16890,A10,B23,C33,PCS,158,1.61,C,C03,7.133317,254.38,1814.57
43213,L27,16890,A10,B23,C33,PCS,720,1.61,C,C03,7.133317,1159.2,8268.94
43203,L27,16925,A13,B22,C38,PCS,577,6,D,C02,9.912483,3462,34317.02
43203,L27,16925,A13,B22,C38,PCS,659,6,D,C02,9.912483,3954,39193.96
43203,L27,16925,A13,B22,C38,PCS,40,6,D,C02,9.912483,240,2379
43203,L27,16925,A13,B22,C38,PCS,268,6,D,C02,9.912483,1608,15939.27
43203,L27,16925,A13,B22,C38,PCS,872,6,D,C02,9.912483,5232,51862.11
43203,L27,16925,A13,B22,C38,PCS,27,6,D,C02,9.912483,162,1605.82
43203,L27,16925,A13,B22,C38,PCS,655,6,D,C02,9.912483,3930,38956.06
43203,L27,16925,A13,B22,C38,PCS,194,6,D,C02,9.912483,1164,11538.13
43203,L27,16925,A13,B22,C38,PCS,566,6,D,C02,9.912483,3396,33662.79
43203,L27,16925,A13,B22,C38,PCS,992,6,D,C02,9.912483,5952,58999.1
43199,L27,17044,A10,B27,C39,PCS,318,5.4,C,C02,9.912483,1717.2,17021.72
43199,L27,17044,A10,B27,C39,PCS,776,5.4,C,C02,9.912483,4190.4,41537.27
43199,L27,17044,A10,B27,C39,PCS,274,5.4,C,C02,9.912483,1479.6,14666.51
43199,L27,17044,A10,B27,C39,PCS,712,5.4,C,C02,9.912483,3844.8,38111.51
43199,L27,17044,A10,B27,C39,PCS,578,5.4,C,C02,9.912483,3121.2,30938.84
43199,L27,17044,A10,B27,C39,PCS,505,5.4,C,C02,9.912483,2727,27031.34
43199,L27,17044,A10,B27,C39,PCS,546,5.4,C,C02,9.912483,2948.4,29225.96
43199,L27,17044,A10,B27,C39,PCS,215,5.4,C,C02,9.912483,1161,11508.39
43199,L27,17044,A10,B27,C39,PCS,915,5.4,C,C02,9.912483,4941,48977.58
43199,L27,17044,A10,B27,C39,PCS,453,5.4,C,C02,9.912483,2446.2,24247.92
43207,L27,17046,A17,B21,C31,PCS,806,4.46,D,C02,9.912483,3594.76,35633
43207,L27,17046,A17,B21,C31,PCS,593,4.46,D,C02,9.912483,2644.78,26216.34
43207,L27,17046,A17,B21,C31,PCS,639,4.46,D,C02,9.912483,2849.94,28249.98
43207,L27,17046,A17,B21,C31,PCS,699,4.46,D,C02,9.912483,3117.54,30902.56
43207,L27,17046,A17,B21,C31,PCS,717,4.46,D,C02,9.912483,3197.82,31698.34
43207,L27,17046,A17,B21,C31,PCS,329,4.46,D,C02,9.912483,1467.34,14544.98
43207,L27,17046,A17,B21,C31,PCS,755,4.46,D,C02,9.912483,3367.3,33378.3
43207,L27,17046,A17,B21,C31,PCS,644,4.46,D,C02,9.912483,2872.24,28471.03
43207,L27,17046,A17,B21,C31,PCS,889,4.46,D,C02,9.912483,3964.94,39302.4
43207,L27,17046,A17,B21,C31,PCS,973,4.46,D,C02,9.912483,4339.58,43016.01
43199,L27,17080,A16,B21,C40,PCS,551,4.32,C,C04,5.388146,2380.32,12825.51
43199,L27,17080,A16,B21,C40,PCS,518,4.32,C,C04,5.388146,2237.76,12057.38
43199,L27,17080,A16,B21,C40,PCS,316,4.32,C,C04,5.388146,1365.12,7355.47
43199,L27,17080,A16,B21,C40,PCS,557,4.32,C,C04,5.388146,2406.24,12965.17
43199,L27,17080,A16,B21,C40,PCS,738,4.32,C,C04,5.388146,3188.16,17178.27
43199,L27,17080,A16,B21,C40,PCS,758,4.32,C,C04,5.388146,3274.56,17643.81
43199,L27,17080,A16,B21,C40,PCS,924,4.32,C,C04,5.388146,3991.68,21507.75
43199,L27,17080,A16,B21,C40,PCS,555,4.32,C,C04,5.388146,2397.6,12918.62
43199,L27,17080,A16,B21,C40,PCS,39,4.32,C,C04,5.388146,168.48,907.79
43199,L27,17080,A16,B21,C40,PCS,882,4.32,C,C04,5.388146,3810.24,20530.13
43217,L27,17083,A17,B30,C34,PCS,191,4.59,D,C05,3.40242,876.69,2982.87
43217,L27,17083,A17,B30,C34,PCS,706,4.59,D,C05,3.40242,3240.54,11025.68
43217,L27,17083,A17,B30,C34,PCS,178,4.59,D,C05,3.40242,817.02,2779.85
43217,L27,17083,A17,B30,C34,PCS,41,4.59,D,C05,3.40242,188.19,640.3
43217,L27,17083,A17,B30,C34,PCS,675,4.59,D,C05,3.40242,3098.25,10541.55
43217,L27,17083,A17,B30,C34,PCS,788,4.59,D,C05,3.40242,3616.92,12306.28
43217,L27,17083,A17,B30,C34,PCS,746,4.59,D,C05,3.40242,3424.14,11650.36
43217,L27,17083,A17,B30,C34,PCS,392,4.59,D,C05,3.40242,1799.28,6121.91
43217,L27,17083,A17,B30,C34,PCS,421,4.59,D,C05,3.40242,1932.39,6574.8
43217,L27,17083,A17,B30,C34,PCS,536,4.59,D,C05,3.40242,2460.24,8370.77
43197,L27,17226,A17,B21,C39,PCS,827,7.14,C,C04,5.388146,5904.78,31815.82
43197,L27,17226,A17,B21,C39,PCS,134,7.14,C,C04,5.388146,956.76,5155.16
43197,L27,17226,A17,B21,C39,PCS,1,7.14,C,C04,5.388146,7.14,38.47
43197,L27,17226,A17,B21,C39,PCS,643,7.14,C,C04,5.388146,4591.02,24737.09
43197,L27,17226,A17,B21,C39,PCS,37,7.14,C,C04,5.388146,264.18,1423.44
43197,L27,17226,A17,B21,C39,PCS,580,7.14,C,C04,5.388146,4141.2,22313.39
43197,L27,17226,A17,B21,C39,PCS,440,7.14,C,C04,5.388146,3141.6,16927.4
43197,L27,17226,A17,B21,C39,PCS,398,7.14,C,C04,5.388146,2841.72,15311.6
43197,L27,17226,A17,B21,C39,PCS,266,7.14,C,C04,5.388146,1899.24,10233.38
43197,L27,17226,A17,B21,C39,PCS,174,7.14,C,C04,5.388146,1242.36,6694.02
43217,L27,17237,A18,B21,C30,PCS,88,1.81,D,C09,1.199464,159.28,191.05
43217,L27,17237,A18,B21,C30,PCS,121,1.81,D,C09,1.199464,219.01,262.69
43217,L27,17237,A18,B21,C30,PCS,519,1.81,D,C09,1.199464,939.39,1126.76
43217,L27,17237,A18,B21,C30,PCS,69,1.81,D,C09,1.199464,124.89,149.8
43217,L27,17237,A18,B21,C30,PCS,906,1.81,D,C09,1.199464,1639.86,1966.95
43217,L27,17237,A18,B21,C30,PCS,117,1.81,D,C09,1.199464,211.77,254.01
43217,L27,17237,A18,B21,C30,PCS,541,1.81,D,C09,1.199464,979.21,1174.53
43217,L27,17237,A18,B21,C30,PCS,419,1.81,D,C09,1.199464,758.39,909.66
43217,L27,17237,A18,B21,C30,PCS,628,1.81,D,C09,1.199464,1136.68,1363.41
43217,L27,17237,A18,B21,C30,PCS,184,1.81,D,C09,1.199464,333.04,399.47
43217,L27,17319,A18,B23,C34,PCS,26,1.81,C,C09,1.199464,47.06,56.45
43217,L27,17319,A18,B23,C34,PCS,67,1.81,C,C09,1.199464,121.27,145.46
43217,L27,17319,A18,B23,C34,PCS,327,1.81,C,C09,1.199464,591.87,709.93
43217,L27,17319,A18,B23,C34,PCS,448,1.81,C,C09,1.199464,810.88,972.62
43217,L27,17319,A18,B23,C34,PCS,997,1.81,C,C09,1.199464,1804.57,2164.52
43217,L27,17319,A18,B23,C34,PCS,169,1.81,C,C09,1.199464,305.89,366.9
43217,L27,17319,A18,B23,C34,PCS,332,1.81,C,C09,1.199464,600.92,720.78
43217,L27,17319,A18,B23,C34,PCS,800,1.81,C,C09,1.199464,1448,1736.82
43217,L27,17319,A18,B23,C34,PCS,62,1.81,C,C09,1.199464,112.22,134.6
43217,L27,17319,A18,B23,C34,PCS,661,1.81,C,C09,1.199464,1196.41,1435.05
43201,L27,17369,A14,B21,C40,PCS,525,8.69,D,C04,5.388146,4562.25,24582.07
43201,L27,17369,A14,B21,C40,PCS,106,8.69,D,C04,5.388146,921.14,4963.24
43201,L27,17369,A14,B21,C40,PCS,771,8.69,D,C04,5.388146,6699.99,36100.52
43201,L27,17369,A14,B21,C40,PCS,207,8.69,D,C04,5.388146,1798.83,9692.36
43201,L27,17369,A14,B21,C40,PCS,637,8.69,D,C04,5.388146,5535.53,29826.24
43201,L27,17369,A14,B21,C40,PCS,209,8.69,D,C04,5.388146,1816.21,9786
43201,L27,17369,A14,B21,C40,PCS,945,8.69,D,C04,5.388146,8212.05,44247.72
43201,L27,17369,A14,B21,C40,PCS,613,8.69,D,C04,5.388146,5326.97,28702.49
43201,L27,17369,A14,B21,C40,PCS,99,8.69,D,C04,5.388146,860.31,4635.48
43201,L27,17369,A14,B21,C40,PCS,60,8.69,D,C04,5.388146,521.4,2809.38
43197,L27,17484,A15,B24,C35,PCS,675,2.95,D,C02,9.912483,1991.25,19738.23
43197,L27,17484,A15,B24,C35,PCS,978,2.95,D,C02,9.912483,2885.1,28598.5
43197,L27,17484,A15,B24,C35,PCS,287,2.95,D,C02,9.912483,846.65,8392.4
43197,L27,17484,A15,B24,C35,PCS,627,2.95,D,C02,9.912483,1849.65,18334.62
43197,L27,17484,A15,B24,C35,PCS,136,2.95,D,C02,9.912483,401.2,3976.89
43197,L27,17484,A15,B24,C35,PCS,955,2.95,D,C02,9.912483,2817.25,27925.94
43197,L27,17484,A15,B24,C35,PCS,869,2.95,D,C02,9.912483,2563.55,25411.15
43197,L27,17484,A15,B24,C35,PCS,212,2.95,D,C02,9.912483,625.4,6199.27
43197,L27,17484,A15,B24,C35,PCS,515,2.95,D,C02,9.912483,1519.25,15059.54
43197,L27,17484,A15,B24,C35,PCS,485,2.95,D,C02,9.912483,1430.75,14182.29
43214,L27,17556,A11,B20,C30,PCS,554,1.11,D,C08,1.496196,614.94,920.07
43214,L27,17556,A11,B20,C30,PCS,469,1.11,D,C08,1.496196,520.59,778.9
43214,L27,17556,A11,B20,C30,PCS,555,1.11,D,C08,1.496196,616.05,921.73
43214,L27,17556,A11,B20,C30,PCS,690,1.11,D,C08,1.496196,765.9,1145.94
43214,L27,17556,A11,B20,C30,PCS,666,1.11,D,C08,1.496196,739.26,1106.08
43214,L27,17556,A11,B20,C30,PCS,410,1.11,D,C08,1.496196,455.1,680.92
43214,L27,17556,A11,B20,C30,PCS,413,1.11,D,C08,1.496196,458.43,685.9
43214,L27,17556,A11,B20,C30,PCS,18,1.11,D,C08,1.496196,19.98,29.89
43214,L27,17556,A11,B20,C30,PCS,161,1.11,D,C08,1.496196,178.71,267.39
43214,L27,17556,A11,B20,C30,PCS,302,1.11,D,C08,1.496196,335.22,501.55
43196,L27,17668,A15,B28,C30,PCS,459,4.09,C,C06,3.547054,1877.31,6658.92
43196,L27,17668,A15,B28,C30,PCS,349,4.09,C,C06,3.547054,1427.41,5063.1
43196,L27,17668,A15,B28,C30,PCS,145,4.09,C,C06,3.547054,593.05,2103.58
43196,L27,17668,A15,B28,C30,PCS,497,4.09,C,C06,3.547054,2032.73,7210.2
43196,L27,17668,A15,B28,C30,PCS,634,4.09,C,C06,3.547054,2593.06,9197.72
43196,L27,17668,A15,B28,C30,PCS,495,4.09,C,C06,3.547054,2024.55,7181.19
43196,L27,17668,A15,B28,C30,PCS,201,4.09,C,C06,3.547054,822.09,2916
43196,L27,17668,A15,B28,C30,PCS,648,4.09,C,C06,3.547054,2650.32,9400.83
43196,L27,17668,A15,B28,C30,PCS,914,4.09,C,C06,3.547054,3738.26,13259.81
43196,L27,17668,A15,B28,C30,PCS,609,4.09,C,C06,3.547054,2490.81,8835.04
43199,L27,17670,A14,B25,C37,PCS,81,3.85,C,C09,1.199464,311.85,374.05
43199,L27,17670,A14,B25,C37,PCS,742,3.85,C,C09,1.199464,2856.7,3426.51
43199,L27,17670,A14,B25,C37,PCS,794,3.85,C,C09,1.199464,3056.9,3666.64
43199,L27,17670,A14,B25,C37,PCS,498,3.85,C,C09,1.199464,1917.3,2299.73
43199,L27,17670,A14,B25,C37,PCS,953,3.85,C,C09,1.199464,3669.05,4400.89
43199,L27,17670,A14,B25,C37,PCS,863,3.85,C,C09,1.199464,3322.55,3985.28
43199,L27,17670,A14,B25,C37,PCS,643,3.85,C,C09,1.199464,2475.55,2969.33
43199,L27,17670,A14,B25,C37,PCS,988,3.85,C,C09,1.199464,3803.8,4562.52
43199,L27,17670,A14,B25,C37,PCS,327,3.85,C,C09,1.199464,1258.95,1510.07
43199,L27,17670,A14,B25,C37,PCS,489,3.85,C,C09,1.199464,1882.65,2258.17
43216,L27,17694,A17,B24,C39,PCS,869,2.83,C,C07,1.358577,2459.27,3341.11
43216,L27,17694,A17,B24,C39,PCS,788,2.83,C,C07,1.358577,2230.04,3029.68
43216,L27,17694,A17,B24,C39,PCS,833,2.83,C,C07,1.358577,2357.39,3202.7
43216,L27,17694,A17,B24,C39,PCS,89,2.83,C,C07,1.358577,251.87,342.18
43216,L27,17694,A17,B24,C39,PCS,616,2.83,C,C07,1.358577,1743.28,2368.38
43216,L27,17694,A17,B24,C39,PCS,454,2.83,C,C07,1.358577,1284.82,1745.53
43216,L27,17694,A17,B24,C39,PCS,200,2.83,C,C07,1.358577,566,768.95
43216,L27,17694,A17,B24,C39,PCS,809,2.83,C,C07,1.358577,2289.47,3110.42
43216,L27,17694,A17,B24,C39,PCS,705,2.83,C,C07,1.358577,1995.15,2710.56
43216,L27,17694,A17,B24,C39,PCS,796,2.83,C,C07,1.358577,2252.68,3060.44
43217,L27,17805,A17,B25,C32,PCS,205,7,C,C10,8.657656,1435,12423.74
43217,L27,17805,A17,B25,C32,PCS,396,7,C,C10,8.657656,2772,23999.02
43217,L27,17805,A17,B25,C32,PCS,774,7,C,C10,8.657656,5418,46907.18
43217,L27,17805,A17,B25,C32,PCS,472,7,C,C10,8.657656,3304,28604.9
43217,L27,17805,A17,B25,C32,PCS,547,7,C,C10,8.657656,3829,33150.16
43217,L27,17805,A17,B25,C32,PCS,319,7,C,C10,8.657656,2233,19332.55
43217,L27,17805,A17,B25,C32,PCS,328,7,C,C10,8.657656,2296,19877.98
43217,L27,17805,A17,B25,C32,PCS,791,7,C,C10,8.657656,5537,47937.44
43217,L27,17805,A17,B25,C32,PCS,391,7,C,C10,8.657656,2737,23696
43217,L27,17805,A17,B25,C32,PCS,99,7,C,C10,8.657656,693,5999.76
43203,L27,17898,A11,B30,C32,PCS,389,2.13,C,C06,3.547054,828.57,2938.98
43203,L27,17898,A11,B30,C32,PCS,76,2.13,C,C06,3.547054,161.88,574.2
43203,L27,17898,A11,B30,C32,PCS,519,2.13,C,C06,3.547054,1105.47,3921.16
43203,L27,17898,A11,B30,C32,PCS,975,2.13,C,C06,3.547054,2076.75,7366.34
43203,L27,17898,A11,B30,C32,PCS,136,2.13,C,C06,3.547054,289.68,1027.51
43203,L27,17898,A11,B30,C32,PCS,572,2.13,C,C06,3.547054,1218.36,4321.59
43203,L27,17898,A11,B30,C32,PCS,715,2.13,C,C06,3.547054,1522.95,5401.99
43203,L27,17898,A11,B30,C32,PCS,769,2.13,C,C06,3.547054,1637.97,5809.97
43203,L27,17898,A11,B30,C32,PCS,612,2.13,C,C06,3.547054,1303.56,4623.8
43203,L27,17898,A11,B30,C32,PCS,908,2.13,C,C06,3.547054,1934.04,6860.14
43212,L27,18179,A18,B26,C30,PCS,970,8.41,C,C03,7.133317,8157.7,58191.46
43212,L27,18179,A18,B26,C30,PCS,934,8.41,C,C03,7.133317,7854.94,56031.78
43212,L27,18179,A18,B26,C30,PCS,19,8.41,C,C03,7.133317,159.79,1139.83
43212,L27,18179,A18,B26,C30,PCS,738,8.41,C,C03,7.133317,6206.58,44273.5
43212,L27,18179,A18,B26,C30,PCS,760,8.41,C,C03,7.133317,6391.6,45593.31
43212,L27,18179,A18,B26,C30,PCS,819,8.41,C,C03,7.133317,6887.79,49132.79
43212,L27,18179,A18,B26,C30,PCS,58,8.41,C,C03,7.133317,487.78,3479.49
43212,L27,18179,A18,B26,C30,PCS,200,8.41,C,C03,7.133317,1682,11998.24
43212,L27,18179,A18,B26,C30,PCS,412,8.41,C,C03,7.133317,3464.92,24716.37
43212,L27,18179,A18,B26,C30,PCS,87,8.41,C,C03,7.133317,731.67,5219.23
43209,L27,18313,A15,B28,C37,PCS,253,7.07,C,C06,3.547054,1788.71,6344.65
43209,L27,18313,A15,B28,C37,PCS,311,7.07,C,C06,3.547054,2198.77,7799.16
43209,L27,18313,A15,B28,C37,PCS,904,7.07,C,C06,3.547054,6391.28,22670.22
43209,L27,18313,A15,B28,C37,PCS,375,7.07,C,C06,3.547054,2651.25,9404.13
43209,L27,18313,A15,B28,C37,PCS,318,7.07,C,C06,3.547054,2248.26,7974.7
43209,L27,18313,A15,B28,C37,PCS,449,7.07,C,C06,3.547054,3174.43,11259.87
43209,L27,18313,A15,B28,C37,PCS,668,7.07,C,C06,3.547054,4722.76,16751.88
43209,L27,18313,A15,B28,C37,PCS,421,7.07,C,C06,3.547054,2976.47,10557.7
43209,L27,18313,A15,B28,C37,PCS,619,7.07,C,C06,3.547054,4376.33,15523.08
43209,L27,18313,A15,B28,C37,PCS,257,7.07,C,C06,3.547054,1816.99,6444.96
43219,L27,18556,A18,B27,C32,PCS,226,1.95,D,C01,6.825646,440.7,3008.06
43219,L27,18556,A18,B27,C32,PCS,742,1.95,D,C01,6.825646,1446.9,9876.03
43219,L27,18556,A18,B27,C32,PCS,652,1.95,D,C01,6.825646,1271.4,8678.13
43219,L27,18556,A18,B27,C32,PCS,369,1.95,D,C01,6.825646,719.55,4911.39
43219,L27,18556,A18,B27,C32,PCS,835,1.95,D,C01,6.825646,1628.25,11113.86
43219,L27,18556,A18,B27,C32,PCS,913,1.95,D,C01,6.825646,1780.35,12152.04
43219,L27,18556,A18,B27,C32,PCS,883,1.95,D,C01,6.825646,1721.85,11752.74
43219,L27,18556,A18,B27,C32,PCS,854,1.95,D,C01,6.825646,1665.3,11366.75
43219,L27,18556,A18,B27,C32,PCS,847,1.95,D,C01,6.825646,1651.65,11273.58
43219,L27,18556,A18,B27,C32,PCS,111,1.95,D,C01,6.825646,216.45,1477.41
43199,L27,18654,A14,B25,C32,PCS,748,5.4,C,C02,9.912483,4039.2,40038.5
43199,L27,18654,A14,B25,C32,PCS,735,5.4,C,C02,9.912483,3969,39342.65
43199,L27,18654,A14,B25,C32,PCS,386,5.4,C,C02,9.912483,2084.4,20661.58
43199,L27,18654,A14,B25,C32,PCS,158,5.4,C,C02,9.912483,853.2,8457.33
43199,L27,18654,A14,B25,C32,PCS,374,5.4,C,C02,9.912483,2019.6,20019.25
43199,L27,18654,A14,B25,C32,PCS,371,5.4,C,C02,9.912483,2003.4,19858.67
43199,L27,18654,A14,B25,C32,PCS,215,5.4,C,C02,9.912483,1161,11508.39
43199,L27,18654,A14,B25,C32,PCS,998,5.4,C,C02,9.912483,5389.2,53420.35
43199,L27,18654,A14,B25,C32,PCS,872,5.4,C,C02,9.912483,4708.8,46675.9
43199,L27,18654,A14,B25,C32,PCS,598,5.4,C,C02,9.912483,3229.2,32009.39
43194,L27,18726,A20,B26,C33,PCS,125,9.69,C,C01,6.825646,1211.25,8267.56
43194,L27,18726,A20,B26,C33,PCS,117,9.69,C,C01,6.825646,1133.73,7738.44
43194,L27,18726,A20,B26,C33,PCS,431,9.69,C,C01,6.825646,4176.39,28506.56
43194,L27,18726,A20,B26,C33,PCS,126,9.69,C,C01,6.825646,1220.94,8333.7
43194,L27,18726,A20,B26,C33,PCS,115,9.69,C,C01,6.825646,1114.35,7606.16
43194,L27,18726,A20,B26,C33,PCS,627,9.69,C,C01,6.825646,6075.63,41470.1
43194,L27,18726,A20,B26,C33,PCS,199,9.69,C,C01,6.825646,1928.31,13161.96
43194,L27,18726,A20,B26,C33,PCS,734,9.69,C,C01,6.825646,7112.46,48547.13
43194,L27,18726,A20,B26,C33,PCS,955,9.69,C,C01,6.825646,9253.95,63164.19
43194,L27,18726,A20,B26,C33,PCS,732,9.69,C,C01,6.825646,7093.08,48414.85
43213,L27,18852,A16,B23,C34,PCS,926,1.61,C,C03,7.133317,1490.86,10634.78
43213,L27,18852,A16,B23,C34,PCS,766,1.61,C,C03,7.133317,1233.26,8797.23
43213,L27,18852,A16,B23,C34,PCS,35,1.61,C,C03,7.133317,56.35,401.96
43213,L27,18852,A16,B23,C34,PCS,997,1.61,C,C03,7.133317,1605.17,11450.19
43213,L27,18852,A16,B23,C34,PCS,108,1.61,C,C03,7.133317,173.88,1240.34
43213,L27,18852,A16,B23,C34,PCS,595,1.61,C,C03,7.133317,957.95,6833.36
43213,L27,18852,A16,B23,C34,PCS,672,1.61,C,C03,7.133317,1081.92,7717.68
43213,L27,18852,A16,B23,C34,PCS,692,1.61,C,C03,7.133317,1114.12,7947.37
43213,L27,18852,A16,B23,C34,PCS,298,1.61,C,C03,7.133317,479.78,3422.42
43213,L27,18852,A16,B23,C34,PCS,334,1.61,C,C03,7.133317,537.74,3835.87
43217,L27,18856,A10,B26,C32,PCS,133,7,D,C10,8.657656,931,8060.28
43217,L27,18856,A10,B26,C32,PCS,351,7,D,C10,8.657656,2457,21271.86
43217,L27,18856,A10,B26,C32,PCS,675,7,D,C10,8.657656,4725,40907.42
43217,L27,18856,A10,B26,C32,PCS,337,7,D,C10,8.657656,2359,20423.41
43217,L27,18856,A10,B26,C32,PCS,276,7,D,C10,8.657656,1932,16726.59
43217,L27,18856,A10,B26,C32,PCS,337,7,D,C10,8.657656,2359,20423.41
43217,L27,18856,A10,B26,C32,PCS,689,7,D,C10,8.657656,4823,41755.87
43217,L27,18856,A10,B26,C32,PCS,623,7,D,C10,8.657656,4361,37756.04
43217,L27,18856,A10,B26,C32,PCS,814,7,D,C10,8.657656,5698,49331.32
43217,L27,18856,A10,B26,C32,PCS,507,7,D,C10,8.657656,3549,30726.02
43217,L27,18897,A11,B23,C30,PCS,921,4.59,C,C05,3.40242,4227.39,14383.36
43217,L27,18897,A11,B23,C30,PCS,647,4.59,C,C05,3.40242,2969.73,10104.27
43217,L27,18897,A11,B23,C30,PCS,804,4.59,C,C05,3.40242,3690.36,12556.15
43217,L27,18897,A11,B23,C30,PCS,394,4.59,C,C05,3.40242,1808.46,6153.14
43217,L27,18897,A11,B23,C30,PCS,995,4.59,C,C05,3.40242,4567.05,15539.02
43217,L27,18897,A11,B23,C30,PCS,279,4.59,C,C05,3.40242,1280.61,4357.17
43217,L27,18897,A11,B23,C30,PCS,279,4.59,C,C05,3.40242,1280.61,4357.17
43217,L27,18897,A11,B23,C30,PCS,282,4.59,C,C05,3.40242,1294.38,4404.02
43217,L27,18897,A11,B23,C30,PCS,435,4.59,C,C05,3.40242,1996.65,6793.44
43217,L27,18897,A11,B23,C30,PCS,472,4.59,C,C05,3.40242,2166.48,7371.27
43196,L27,18968,A20,B20,C33,PCS,337,1.35,D,C10,8.657656,454.95,3938.8
43196,L27,18968,A20,B20,C33,PCS,324,1.35,D,C10,8.657656,437.4,3786.86
43196,L27,18968,A20,B20,C33,PCS,621,1.35,D,C10,8.657656,838.35,7258.15
43196,L27,18968,A20,B20,C33,PCS,446,1.35,D,C10,8.657656,602.1,5212.77
43196,L27,18968,A20,B20,C33,PCS,305,1.35,D,C10,8.657656,411.75,3564.79
43196,L27,18968,A20,B20,C33,PCS,843,1.35,D,C10,8.657656,1138.05,9852.85
43196,L27,18968,A20,B20,C33,PCS,997,1.35,D,C10,8.657656,1345.95,11652.77
43196,L27,18968,A20,B20,C33,PCS,497,1.35,D,C10,8.657656,670.95,5808.85
43196,L27,18968,A20,B20,C33,PCS,945,1.35,D,C10,8.657656,1275.75,11045
43196,L27,18968,A20,B20,C33,PCS,563,1.35,D,C10,8.657656,760.05,6580.25
43220,L27,19032,A10,B23,C40,PCS,883,9.65,C,C04,5.388146,8520.95,45912.12
43220,L27,19032,A10,B23,C40,PCS,573,9.65,C,C04,5.388146,5529.45,29793.48
43220,L27,19032,A10,B23,C40,PCS,374,9.65,C,C04,5.388146,3609.1,19446.36
43220,L27,19032,A10,B23,C40,PCS,56,9.65,C,C04,5.388146,540.4,2911.75
43220,L27,19032,A10,B23,C40,PCS,820,9.65,C,C04,5.388146,7913,42636.4
43220,L27,19032,A10,B23,C40,PCS,839,9.65,C,C04,5.388146,8096.35,43624.32
43220,L27,19032,A10,B23,C40,PCS,927,9.65,C,C04,5.388146,8945.55,48199.93
43220,L27,19032,A10,B23,C40,PCS,205,9.65,C,C04,5.388146,1978.25,10659.1
43220,L27,19032,A10,B23,C40,PCS,918,9.65,C,C04,5.388146,8858.7,47731.97
43220,L27,19032,A10,B23,C40,PCS,960,9.65,C,C04,5.388146,9264,49915.78
43204,L27,19089,A17,B24,C30,PCS,21,9.42,D,C03,7.133317,197.82,1411.11
43204,L27,19089,A17,B24,C30,PCS,900,9.42,D,C03,7.133317,8478,60476.26
43204,L27,19089,A17,B24,C30,PCS,393,9.42,D,C03,7.133317,3702.06,26407.97
43204,L27,19089,A17,B24,C30,PCS,817,9.42,D,C03,7.133317,7696.14,54899.01
43204,L27,19089,A17,B24,C30,PCS,631,9.42,D,C03,7.133317,5944.02,42400.58
43204,L27,19089,A17,B24,C30,PCS,616,9.42,D,C03,7.133317,5802.72,41392.64
43204,L27,19089,A17,B24,C30,PCS,693,9.42,D,C03,7.133317,6528.06,46566.72
43204,L27,19089,A17,B24,C30,PCS,692,9.42,D,C03,7.133317,6518.64,46499.53
43204,L27,19089,A17,B24,C30,PCS,85,9.42,D,C03,7.133317,800.7,5711.65
43204,L27,19089,A17,B24,C30,PCS,100,9.42,D,C03,7.133317,942,6719.58
43194,L27,19259,A10,B21,C40,PCS,498,4.01,C,C09,1.199464,1996.98,2395.31
43194,L27,19259,A10,B21,C40,PCS,930,4.01,C,C09,1.199464,3729.3,4473.16
43194,L27,19259,A10,B21,C40,PCS,562,4.01,C,C09,1.199464,2253.62,2703.14
43194,L27,19259,A10,B21,C40,PCS,89,4.01,C,C09,1.199464,356.89,428.08
43194,L27,19259,A10,B21,C40,PCS,110,4.01,C,C09,1.199464,441.1,529.08
43194,L27,19259,A10,B21,C40,PCS,977,4.01,C,C09,1.199464,3917.77,4699.22
43194,L27,19259,A10,B21,C40,PCS,606,4.01,C,C09,1.199464,2430.06,2914.77
43194,L27,19259,A10,B21,C40,PCS,991,4.01,C,C09,1.199464,3973.91,4766.56
43194,L27,19259,A10,B21,C40,PCS,191,4.01,C,C09,1.199464,765.91,918.68
43194,L27,19259,A10,B21,C40,PCS,528,4.01,C,C09,1.199464,2117.28,2539.6
43219,L27,19311,A14,B29,C37,PCS,34,5.08,C,C05,3.40242,172.72,587.67
43219,L27,19311,A14,B29,C37,PCS,456,5.08,C,C05,3.40242,2316.48,7881.64
43219,L27,19311,A14,B29,C37,PCS,682,5.08,C,C05,3.40242,3464.56,11787.89
43219,L27,19311,A14,B29,C37,PCS,272,5.08,C,C05,3.40242,1381.76,4701.33
43219,L27,19311,A14,B29,C37,PCS,425,5.08,C,C05,3.40242,2159,7345.82
43219,L27,19311,A14,B29,C37,PCS,366,5.08,C,C05,3.40242,1859.28,6326.05
43219,L27,19311,A14,B29,C37,PCS,178,5.08,C,C05,3.40242,904.24,3076.6
43219,L27,19311,A14,B29,C37,PCS,50,5.08,C,C05,3.40242,254,864.21
43219,L27,19311,A14,B29,C37,PCS,74,5.08,C,C05,3.40242,375.92,1279.04
43219,L27,19311,A14,B29,C37,PCS,716,5.08,C,C05,3.40242,3637.28,12375.55
43220,L27,19352,A18,B30,C36,PCS,303,1,C,C10,8.657656,303,2623.27
43220,L27,19352,A18,B30,C36,PCS,396,1,C,C10,8.657656,396,3428.43
43220,L27,19352,A18,B30,C36,PCS,284,1,C,C10,8.657656,284,2458.77
43220,L27,19352,A18,B30,C36,PCS,241,1,C,C10,8.657656,241,2086.5
43220,L27,19352,A18,B30,C36,PCS,843,1,C,C10,8.657656,843,7298.4
43220,L27,19352,A18,B30,C36,PCS,879,1,C,C10,8.657656,879,7610.08
43220,L27,19352,A18,B30,C36,PCS,262,1,C,C10,8.657656,262,2268.31
43220,L27,19352,A18,B30,C36,PCS,889,1,C,C10,8.657656,889,7696.66
43220,L27,19352,A18,B30,C36,PCS,352,1,C,C10,8.657656,352,3047.49
43220,L27,19352,A18,B30,C36,PCS,904,1,C,C10,8.657656,904,7826.52
43208,L27,19748,A14,B26,C30,PCS,599,1.7,C,C07,1.358577,1018.3,1383.44
43208,L27,19748,A14,B26,C30,PCS,976,1.7,C,C07,1.358577,1659.2,2254.15
43208,L27,19748,A14,B26,C30,PCS,881,1.7,C,C07,1.358577,1497.7,2034.74
43208,L27,19748,A14,B26,C30,PCS,918,1.7,C,C07,1.358577,1560.6,2120.2
43208,L27,19748,A14,B26,C30,PCS,304,1.7,C,C07,1.358577,516.8,702.11
43208,L27,19748,A14,B26,C30,PCS,400,1.7,C,C07,1.358577,680,923.83
43208,L27,19748,A14,B26,C30,PCS,81,1.7,C,C07,1.358577,137.7,187.08
43208,L27,19748,A14,B26,C30,PCS,505,1.7,C,C07,1.358577,858.5,1166.34
43208,L27,19748,A14,B26,C30,PCS,651,1.7,C,C07,1.358577,1106.7,1503.54
43208,L27,19748,A14,B26,C30,PCS,271,1.7,C,C07,1.358577,460.7,625.9
43204,L27,19787,A19,B24,C38,PCS,157,6.6,D,C07,1.358577,1036.2,1407.76
43204,L27,19787,A19,B24,C38,PCS,572,6.6,D,C07,1.358577,3775.2,5128.9
43204,L27,19787,A19,B24,C38,PCS,628,6.6,D,C07,1.358577,4144.8,5631.03
43204,L27,19787,A19,B24,C38,PCS,856,6.6,D,C07,1.358577,5649.6,7675.42
43204,L27,19787,A19,B24,C38,PCS,562,6.6,D,C07,1.358577,3709.2,5039.23
43204,L27,19787,A19,B24,C38,PCS,136,6.6,D,C07,1.358577,897.6,1219.46
43204,L27,19787,A19,B24,C38,PCS,840,6.6,D,C07,1.358577,5544,7531.95
43204,L27,19787,A19,B24,C38,PCS,249,6.6,D,C07,1.358577,1643.4,2232.69
43204,L27,19787,A19,B24,C38,PCS,598,6.6,D,C07,1.358577,3946.8,5362.03
43204,L27,19787,A19,B24,C38,PCS,507,6.6,D,C07,1.358577,3346.2,4546.07
43196,L27,19810,A18,B28,C33,PCS,791,4.09,D,C06,3.547054,3235.19,11475.39
43196,L27,19810,A18,B28,C33,PCS,257,4.09,D,C06,3.547054,1051.13,3728.41
43196,L27,19810,A18,B28,C33,PCS,866,4.09,D,C06,3.547054,3541.94,12563.45
43196,L27,19810,A18,B28,C33,PCS,239,4.09,D,C06,3.547054,977.51,3467.28
43196,L27,19810,A18,B28,C33,PCS,466,4.09,D,C06,3.547054,1905.94,6760.47
43196,L27,19810,A18,B28,C33,PCS,620,4.09,D,C06,3.547054,2535.8,8994.62
43196,L27,19810,A18,B28,C33,PCS,557,4.09,D,C06,3.547054,2278.13,8080.65
43196,L27,19810,A18,B28,C33,PCS,78,4.09,D,C06,3.547054,319.02,1131.58
43196,L27,19810,A18,B28,C33,PCS,577,4.09,D,C06,3.547054,2359.93,8370.8
43196,L27,19810,A18,B28,C33,PCS,100,4.09,D,C06,3.547054,409,1450.75
43208,L27,19872,A20,B25,C39,PCS,273,1.7,C,C07,1.358577,464.1,630.52
43208,L27,19872,A20,B25,C39,PCS,795,1.7,C,C07,1.358577,1351.5,1836.12
43208,L27,19872,A20,B25,C39,PCS,240,1.7,C,C07,1.358577,408,554.3
43208,L27,19872,A20,B25,C39,PCS,911,1.7,C,C07,1.358577,1548.7,2104.03
43208,L27,19872,A20,B25,C39,PCS,683,1.7,C,C07,1.358577,1161.1,1577.44
43208,L27,19872,A20,B25,C39,PCS,29,1.7,C,C07,1.358577,49.3,66.98
43208,L27,19872,A20,B25,C39,PCS,670,1.7,C,C07,1.358577,1139,1547.42
43208,L27,19872,A20,B25,C39,PCS,886,1.7,C,C07,1.358577,1506.2,2046.29
43208,L27,19872,A20,B25,C39,PCS,514,1.7,C,C07,1.358577,873.8,1187.12
43208,L27,19872,A20,B25,C39,PCS,62,1.7,C,C07,1.358577,105.4,143.19
43206,L27,19878,A18,B25,C40,PCS,824,1.51,D,C04,5.388146,1244.24,6704.15
43206,L27,19878,A18,B25,C40,PCS,706,1.51,D,C04,5.388146,1066.06,5744.09
43206,L27,19878,A18,B25,C40,PCS,342,1.51,D,C04,5.388146,516.42,2782.55
43206,L27,19878,A18,B25,C40,PCS,855,1.51,D,C04,5.388146,1291.05,6956.37
43206,L27,19878,A18,B25,C40,PCS,508,1.51,D,C04,5.388146,767.08,4133.14
43206,L27,19878,A18,B25,C40,PCS,828,1.51,D,C04,5.388146,1250.28,6736.69
43206,L27,19878,A18,B25,C40,PCS,407,1.51,D,C04,5.388146,614.57,3311.39
43206,L27,19878,A18,B25,C40,PCS,895,1.51,D,C04,5.388146,1351.45,7281.81
43206,L27,19878,A18,B25,C40,PCS,277,1.51,D,C04,5.388146,418.27,2253.7
43206,L27,19878,A18,B25,C40,PCS,622,1.51,D,C04,5.388146,939.22,5060.65
43203,L27,19946,A10,B25,C33,PCS,911,9.7,C,C10,8.657656,8836.7,76505.11
43203,L27,19946,A10,B25,C33,PCS,277,9.7,C,C10,8.657656,2686.9,23262.26
43203,L27,19946,A10,B25,C33,PCS,852,9.7,C,C10,8.657656,8264.4,71550.33
43203,L27,19946,A10,B25,C33,PCS,972,9.7,C,C10,8.657656,9428.4,81627.84
43203,L27,19946,A10,B25,C33,PCS,542,9.7,C,C10,8.657656,5257.4,45516.76
43203,L27,19946,A10,B25,C33,PCS,494,9.7,C,C10,8.657656,4791.8,41485.76
43203,L27,19946,A10,B25,C33,PCS,389,9.7,C,C10,8.657656,3773.3,32667.93
43203,L27,19946,A10,B25,C33,PCS,898,9.7,C,C10,8.657656,8710.6,75413.38
43203,L27,19946,A10,B25,C33,PCS,710,9.7,C,C10,8.657656,6887,59625.28
43203,L27,19946,A10,B25,C33,PCS,922,9.7,C,C10,8.657656,8943.4,77428.88
43206,L27,19998,A12,B30,C32,PCS,338,4.22,C,C02,9.912483,1426.36,14138.77
43206,L27,19998,A12,B30,C32,PCS,763,4.22,C,C02,9.912483,3219.86,31916.81
43206,L27,19998,A12,B30,C32,PCS,953,4.22,C,C02,9.912483,4021.66,39864.64
43206,L27,19998,A12,B30,C32,PCS,926,4.22,C,C02,9.912483,3907.72,38735.21
43206,L27,19998,A12,B30,C32,PCS,775,4.22,C,C02,9.912483,3270.5,32418.78
43206,L27,19998,A12,B30,C32,PCS,265,4.22,C,C02,9.912483,1118.3,11085.13
43206,L27,19998,A12,B30,C32,PCS,448,4.22,C,C02,9.912483,1890.56,18740.14
43206,L27,19998,A12,B30,C32,PCS,215,4.22,C,C02,9.912483,907.3,8993.6
43206,L27,19998,A12,B30,C32,PCS,206,4.22,C,C02,9.912483,869.32,8617.12
43206,L27,19998,A12,B30,C32,PCS,490,4.22,C,C02,9.912483,2067.8,20497.03
43222,L27,10013,A15,B27,C36,PCS,485,4.77,C,C05,3.40242,2313.45,7871.33
43222,L27,10013,A15,B27,C36,PCS,614,4.77,C,C05,3.40242,2928.78,9964.94
43222,L27,10013,A15,B27,C36,PCS,759,4.77,C,C05,3.40242,3620.43,12318.22
43222,L27,10013,A15,B27,C36,PCS,466,4.77,C,C05,3.40242,2222.82,7562.97
43222,L27,10013,A15,B27,C36,PCS,494,4.77,C,C05,3.40242,2356.38,8017.39
43222,L27,10013,A15,B27,C36,PCS,226,4.77,C,C05,3.40242,1078.02,3667.88
43222,L27,10013,A15,B27,C36,PCS,79,4.77,C,C05,3.40242,376.83,1282.13
43222,L27,10013,A15,B27,C36,PCS,240,4.77,C,C05,3.40242,1144.8,3895.09
43222,L27,10013,A15,B27,C36,PCS,869,4.77,C,C05,3.40242,4145.13,14103.47
43222,L27,10013,A15,B27,C36,PCS,444,4.77,C,C05,3.40242,2117.88,7205.92
43225,L27,10200,A19,B27,C38,PCS,914,9.65,C,C06,3.547054,8820.1,31285.37
43225,L27,10200,A19,B27,C38,PCS,963,9.65,C,C06,3.547054,9292.95,32962.6
43225,L27,10200,A19,B27,C38,PCS,478,9.65,C,C06,3.547054,4612.7,16361.5
43225,L27,10200,A19,B27,C38,PCS,927,9.65,C,C06,3.547054,8945.55,31730.35
43225,L27,10200,A19,B27,C38,PCS,405,9.65,C,C06,3.547054,3908.25,13862.77
43225,L27,10200,A19,B27,C38,PCS,904,9.65,C,C06,3.547054,8723.6,30943.08
43225,L27,10200,A19,B27,C38,PCS,924,9.65,C,C06,3.547054,8916.6,31627.66
43225,L27,10200,A19,B27,C38,PCS,852,9.65,C,C06,3.547054,8221.8,29163.17
43225,L27,10200,A19,B27,C38,PCS,574,9.65,C,C06,3.547054,5539.1,19647.49
43225,L27,10200,A19,B27,C38,PCS,645,9.65,C,C06,3.547054,6224.25,22077.75
43222,L27,10396,A17,B28,C36,PCS,147,7.35,C,C05,3.40242,1080.45,3676.14
43222,L27,10396,A17,B28,C36,PCS,552,7.35,C,C05,3.40242,4057.2,13804.3
43222,L27,10396,A17,B28,C36,PCS,283,7.35,C,C05,3.40242,2080.05,7077.2
43222,L27,10396,A17,B28,C36,PCS,320,7.35,C,C05,3.40242,2352,8002.49
43222,L27,10396,A17,B28,C36,PCS,877,7.35,C,C05,3.40242,6445.95,21931.83
43222,L27,10396,A17,B28,C36,PCS,973,7.35,C,C05,3.40242,7151.55,24332.58
43222,L27,10396,A17,B28,C36,PCS,168,7.35,C,C05,3.40242,1234.8,4201.31
43222,L27,10396,A17,B28,C36,PCS,702,7.35,C,C05,3.40242,5159.7,17555.47
43222,L27,10396,A17,B28,C36,PCS,10,7.35,C,C05,3.40242,73.5,250.08
43222,L27,10396,A17,B28,C36,PCS,815,7.35,C,C05,3.40242,5990.25,20381.35
43225,L27,10467,A10,B27,C32,PCS,486,2.85,D,C08,1.496196,1385.1,2072.38
43225,L27,10467,A10,B27,C32,PCS,431,2.85,D,C08,1.496196,1228.35,1837.85
43225,L27,10467,A10,B27,C32,PCS,691,2.85,D,C08,1.496196,1969.35,2946.53
43225,L27,10467,A10,B27,C32,PCS,34,2.85,D,C08,1.496196,96.9,144.98
43225,L27,10467,A10,B27,C32,PCS,575,2.85,D,C08,1.496196,1638.75,2451.89
43225,L27,10467,A10,B27,C32,PCS,504,2.85,D,C08,1.496196,1436.4,2149.14
43225,L27,10467,A10,B27,C32,PCS,124,2.85,D,C08,1.496196,353.4,528.76
43225,L27,10467,A10,B27,C32,PCS,302,2.85,D,C08,1.496196,860.7,1287.78
43225,L27,10467,A10,B27,C32,PCS,361,2.85,D,C08,1.496196,1028.85,1539.36
43225,L27,10467,A10,B27,C32,PCS,27,2.85,D,C08,1.496196,76.95,115.13
43230,L27,10575,A14,B28,C39,PCS,745,8.93,C,C08,1.496196,6652.85,9953.97
43230,L27,10575,A14,B28,C39,PCS,493,8.93,C,C08,1.496196,4402.49,6586.99
43230,L27,10575,A14,B28,C39,PCS,201,8.93,C,C08,1.496196,1794.93,2685.57
43230,L27,10575,A14,B28,C39,PCS,358,8.93,C,C08,1.496196,3196.94,4783.25
43230,L27,10575,A14,B28,C39,PCS,239,8.93,C,C08,1.496196,2134.27,3193.29
43230,L27,10575,A14,B28,C39,PCS,241,8.93,C,C08,1.496196,2152.13,3220.01
43230,L27,10575,A14,B28,C39,PCS,606,8.93,C,C08,1.496196,5411.58,8096.78
43230,L27,10575,A14,B28,C39,PCS,247,8.93,C,C08,1.496196,2205.71,3300.17
43230,L27,10575,A14,B28,C39,PCS,697,8.93,C,C08,1.496196,6224.21,9312.64
43230,L27,10575,A14,B28,C39,PCS,424,8.93,C,C08,1.496196,3786.32,5665.08
43244,L27,10603,A15,B29,C36,PCS,820,1.85,C,C05,3.40242,1517,5161.47
43244,L27,10603,A15,B29,C36,PCS,461,1.85,C,C05,3.40242,852.85,2901.75
43244,L27,10603,A15,B29,C36,PCS,854,1.85,C,C05,3.40242,1579.9,5375.48
43244,L27,10603,A15,B29,C36,PCS,98,1.85,C,C05,3.40242,181.3,616.86
43244,L27,10603,A15,B29,C36,PCS,747,1.85,C,C05,3.40242,1381.95,4701.97
43244,L27,10603,A15,B29,C36,PCS,490,1.85,C,C05,3.40242,906.5,3084.29
43244,L27,10603,A15,B29,C36,PCS,757,1.85,C,C05,3.40242,1400.45,4764.92
43244,L27,10603,A15,B29,C36,PCS,830,1.85,C,C05,3.40242,1535.5,5224.42
43244,L27,10603,A15,B29,C36,PCS,611,1.85,C,C05,3.40242,1130.35,3845.93
43244,L27,10603,A15,B29,C36,PCS,924,1.85,C,C05,3.40242,1709.4,5816.1
43239,L27,10675,A15,B26,C35,PCS,429,9.8,C,C10,8.657656,4204.2,36398.52
43239,L27,10675,A15,B26,C35,PCS,276,9.8,C,C10,8.657656,2704.8,23417.23
43239,L27,10675,A15,B26,C35,PCS,167,9.8,C,C10,8.657656,1636.6,14169.12
43239,L27,10675,A15,B26,C35,PCS,768,9.8,C,C10,8.657656,7526.4,65160.98
43239,L27,10675,A15,B26,C35,PCS,662,9.8,C,C10,8.657656,6487.6,56167.41
43239,L27,10675,A15,B26,C35,PCS,108,9.8,C,C10,8.657656,1058.4,9163.26
43239,L27,10675,A15,B26,C35,PCS,795,9.8,C,C10,8.657656,7791,67451.8
43239,L27,10675,A15,B26,C35,PCS,108,9.8,C,C10,8.657656,1058.4,9163.26
43239,L27,10675,A15,B26,C35,PCS,622,9.8,C,C10,8.657656,6095.6,52773.61
43239,L27,10675,A15,B26,C35,PCS,817,9.8,C,C10,8.657656,8006.6,69318.39
43243,L27,10685,A19,B20,C30,PCS,677,8.82,D,C06,3.547054,5971.14,21179.96
43243,L27,10685,A19,B20,C30,PCS,917,8.82,D,C06,3.547054,8087.94,28688.36
43243,L27,10685,A19,B20,C30,PCS,931,8.82,D,C06,3.547054,8211.42,29126.35
43243,L27,10685,A19,B20,C30,PCS,943,8.82,D,C06,3.547054,8317.26,29501.77
43243,L27,10685,A19,B20,C30,PCS,969,8.82,D,C06,3.547054,8546.58,30315.18
43243,L27,10685,A19,B20,C30,PCS,810,8.82,D,C06,3.547054,7144.2,25340.86
43243,L27,10685,A19,B20,C30,PCS,587,8.82,D,C06,3.547054,5177.34,18364.3
43243,L27,10685,A19,B20,C30,PCS,514,8.82,D,C06,3.547054,4533.48,16080.5
43243,L27,10685,A19,B20,C30,PCS,664,8.82,D,C06,3.547054,5856.48,20773.25
43243,L27,10685,A19,B20,C30,PCS,573,8.82,D,C06,3.547054,5053.86,17926.31
43240,L27,10762,A11,B22,C38,PCS,155,9.98,D,C01,6.825646,1546.9,10558.59
43240,L27,10762,A11,B22,C38,PCS,531,9.98,D,C01,6.825646,5299.38,36171.69
43240,L27,10762,A11,B22,C38,PCS,276,9.98,D,C01,6.825646,2754.48,18801.11
43240,L27,10762,A11,B22,C38,PCS,44,9.98,D,C01,6.825646,439.12,2997.28
43240,L27,10762,A11,B22,C38,PCS,422,9.98,D,C01,6.825646,4211.56,28746.62
43240,L27,10762,A11,B22,C38,PCS,516,9.98,D,C01,6.825646,5149.68,35149.89
43240,L27,10762,A11,B22,C38,PCS,141,9.98,D,C01,6.825646,1407.18,9604.91
43240,L27,10762,A11,B22,C38,PCS,855,9.98,D,C01,6.825646,8532.9,58242.55
43240,L27,10762,A11,B22,C38,PCS,475,9.98,D,C01,6.825646,4740.5,32356.97
43240,L27,10762,A11,B22,C38,PCS,949,9.98,D,C01,6.825646,9471.02,64645.83
43229,L27,11166,A18,B26,C38,PCS,147,8.5,C,C05,3.40242,1249.5,4251.32
43229,L27,11166,A18,B26,C38,PCS,213,8.5,C,C05,3.40242,1810.5,6160.08
43229,L27,11166,A18,B26,C38,PCS,946,8.5,C,C05,3.40242,8041,27358.86
43229,L27,11166,A18,B26,C38,PCS,92,8.5,C,C05,3.40242,782,2660.69
43229,L27,11166,A18,B26,C38,PCS,668,8.5,C,C05,3.40242,5678,19318.94
43229,L27,11166,A18,B26,C38,PCS,856,8.5,C,C05,3.40242,7276,24756.01
43229,L27,11166,A18,B26,C38,PCS,465,8.5,C,C05,3.40242,3952.5,13448.07
43229,L27,11166,A18,B26,C38,PCS,624,8.5,C,C05,3.40242,5304,18046.44
43229,L27,11166,A18,B26,C38,PCS,741,8.5,C,C05,3.40242,6298.5,21430.14
43229,L27,11166,A18,B26,C38,PCS,935,8.5,C,C05,3.40242,7947.5,27040.73
43251,L27,11374,A18,B26,C30,PCS,66,7.71,D,C06,3.547054,508.86,1804.95
43251,L27,11374,A18,B26,C30,PCS,769,7.71,D,C06,3.547054,5928.99,21030.45
43251,L27,11374,A18,B26,C30,PCS,760,7.71,D,C06,3.547054,5859.6,20784.32
43251,L27,11374,A18,B26,C30,PCS,902,7.71,D,C06,3.547054,6954.42,24667.7
43251,L27,11374,A18,B26,C30,PCS,696,7.71,D,C06,3.547054,5366.16,19034.06
43251,L27,11374,A18,B26,C30,PCS,95,7.71,D,C06,3.547054,732.45,2598.04
43251,L27,11374,A18,B26,C30,PCS,864,7.71,D,C06,3.547054,6661.44,23628.49
43251,L27,11374,A18,B26,C30,PCS,978,7.71,D,C06,3.547054,7540.38,26746.14
43251,L27,11374,A18,B26,C30,PCS,434,7.71,D,C06,3.547054,3346.14,11868.94
43251,L27,11374,A18,B26,C30,PCS,636,7.71,D,C06,3.547054,4903.56,17393.19
43232,L27,11395,A15,B25,C39,PCS,81,1.81,C,C06,3.547054,146.61,520.03
43232,L27,11395,A15,B25,C39,PCS,590,1.81,C,C06,3.547054,1067.9,3787.9
43232,L27,11395,A15,B25,C39,PCS,232,1.81,C,C06,3.547054,419.92,1489.48
43232,L27,11395,A15,B25,C39,PCS,749,1.81,C,C06,3.547054,1355.69,4808.71
43232,L27,11395,A15,B25,C39,PCS,670,1.81,C,C06,3.547054,1212.7,4301.51
43232,L27,11395,A15,B25,C39,PCS,396,1.81,C,C06,3.547054,716.76,2542.39
43232,L27,11395,A15,B25,C39,PCS,247,1.81,C,C06,3.547054,447.07,1585.78
43232,L27,11395,A15,B25,C39,PCS,604,1.81,C,C06,3.547054,1093.24,3877.78
43232,L27,11395,A15,B25,C39,PCS,926,1.81,C,C06,3.547054,1676.06,5945.08
43232,L27,11395,A15,B25,C39,PCS,859,1.81,C,C06,3.547054,1554.79,5514.92
43248,L27,11403,A12,B27,C36,PCS,798,7.88,C,C08,1.496196,6288.24,9408.44
43248,L27,11403,A12,B27,C36,PCS,786,7.88,C,C08,1.496196,6193.68,9266.96
43248,L27,11403,A12,B27,C36,PCS,118,7.88,C,C08,1.496196,929.84,1391.22
43248,L27,11403,A12,B27,C36,PCS,635,7.88,C,C08,1.496196,5003.8,7486.67
43248,L27,11403,A12,B27,C36,PCS,177,7.88,C,C08,1.496196,1394.76,2086.83
43248,L27,11403,A12,B27,C36,PCS,442,7.88,C,C08,1.496196,3482.96,5211.19
43248,L27,11403,A12,B27,C36,PCS,218,7.88,C,C08,1.496196,1717.84,2570.23
43248,L27,11403,A12,B27,C36,PCS,578,7.88,C,C08,1.496196,4554.64,6814.63
43248,L27,11403,A12,B27,C36,PCS,605,7.88,C,C08,1.496196,4767.4,7132.96
43248,L27,11403,A12,B27,C36,PCS,163,7.88,C,C08,1.496196,1284.44,1921.77
43222,L27,11630,A13,B27,C30,PCS,481,9.85,D,C07,1.358577,4737.85,6436.73
43222,L27,11630,A13,B27,C30,PCS,783,9.85,D,C07,1.358577,7712.55,10478.09
43222,L27,11630,A13,B27,C30,PCS,310,9.85,D,C07,1.358577,3053.5,4148.41
43222,L27,11630,A13,B27,C30,PCS,246,9.85,D,C07,1.358577,2423.1,3291.97
43222,L27,11630,A13,B27,C30,PCS,275,9.85,D,C07,1.358577,2708.75,3680.05
43222,L27,11630,A13,B27,C30,PCS,311,9.85,D,C07,1.358577,3063.35,4161.8
43222,L27,11630,A13,B27,C30,PCS,650,9.85,D,C07,1.358577,6402.5,8698.29
43222,L27,11630,A13,B27,C30,PCS,432,9.85,D,C07,1.358577,4255.2,5781.02
43222,L27,11630,A13,B27,C30,PCS,84,9.85,D,C07,1.358577,827.4,1124.09
43222,L27,11630,A13,B27,C30,PCS,469,9.85,D,C07,1.358577,4619.65,6276.15
43226,L27,11711,A10,B27,C37,PCS,819,5.31,C,C10,8.657656,4348.89,37651.19
43226,L27,11711,A10,B27,C37,PCS,540,5.31,C,C10,8.657656,2867.4,24824.96
43226,L27,11711,A10,B27,C37,PCS,934,5.31,C,C10,8.657656,4959.54,42937.99
43226,L27,11711,A10,B27,C37,PCS,974,5.31,C,C10,8.657656,5171.94,44776.88
43226,L27,11711,A10,B27,C37,PCS,903,5.31,C,C10,8.657656,4794.93,41512.85
43226,L27,11711,A10,B27,C37,PCS,749,5.31,C,C10,8.657656,3977.19,34433.14
43226,L27,11711,A10,B27,C37,PCS,361,5.31,C,C10,8.657656,1916.91,16595.95
43226,L27,11711,A10,B27,C37,PCS,895,5.31,C,C10,8.657656,4752.45,41145.08
43226,L27,11711,A10,B27,C37,PCS,950,5.31,C,C10,8.657656,5044.5,43673.55
43226,L27,11711,A10,B27,C37,PCS,348,5.31,C,C10,8.657656,1847.88,15998.31
43248,L27,11789,A16,B25,C35,PCS,241,6.92,D,C04,5.388146,1667.72,8985.92
43248,L27,11789,A16,B25,C35,PCS,698,6.92,D,C04,5.388146,4830.16,26025.61
43248,L27,11789,A16,B25,C35,PCS,851,6.92,D,C04,5.388146,5888.92,31730.36
43248,L27,11789,A16,B25,C35,PCS,503,6.92,D,C04,5.388146,3480.76,18754.84
43248,L27,11789,A16,B25,C35,PCS,966,6.92,D,C04,5.388146,6684.72,36018.25
43248,L27,11789,A16,B25,C35,PCS,543,6.92,D,C04,5.388146,3757.56,20246.28
43248,L27,11789,A16,B25,C35,PCS,243,6.92,D,C04,5.388146,1681.56,9060.49
43248,L27,11789,A16,B25,C35,PCS,11,6.92,D,C04,5.388146,76.12,410.15
43248,L27,11789,A16,B25,C35,PCS,116,6.92,D,C04,5.388146,802.72,4325.17
43248,L27,11789,A16,B25,C35,PCS,263,6.92,D,C04,5.388146,1819.96,9806.21
43232,L27,11792,A11,B30,C39,PCS,946,9.41,D,C06,3.547054,8901.86,31575.38
43232,L27,11792,A11,B30,C39,PCS,11,9.41,D,C06,3.547054,103.51,367.16
43232,L27,11792,A11,B30,C39,PCS,198,9.41,D,C06,3.547054,1863.18,6608.8
43232,L27,11792,A11,B30,C39,PCS,712,9.41,D,C06,3.547054,6699.92,23764.98
43232,L27,11792,A11,B30,C39,PCS,562,9.41,D,C06,3.547054,5288.42,18758.31
43232,L27,11792,A11,B30,C39,PCS,636,9.41,D,C06,3.547054,5984.76,21228.27
43232,L27,11792,A11,B30,C39,PCS,872,9.41,D,C06,3.547054,8205.52,29105.42
43232,L27,11792,A11,B30,C39,PCS,92,9.41,D,C06,3.547054,865.72,3070.76
43232,L27,11792,A11,B30,C39,PCS,257,9.41,D,C06,3.547054,2418.37,8578.09
43232,L27,11792,A11,B30,C39,PCS,274,9.41,D,C06,3.547054,2578.34,9145.51
43236,L27,11894,A11,B25,C40,PCS,335,1.61,D,C05,3.40242,539.35,1835.1
43236,L27,11894,A11,B25,C40,PCS,840,1.61,D,C05,3.40242,1352.4,4601.43
43236,L27,11894,A11,B25,C40,PCS,597,1.61,D,C05,3.40242,961.17,3270.3
43236,L27,11894,A11,B25,C40,PCS,847,1.61,D,C05,3.40242,1363.67,4639.78
43236,L27,11894,A11,B25,C40,PCS,26,1.61,D,C05,3.40242,41.86,142.43
43236,L27,11894,A11,B25,C40,PCS,456,1.61,D,C05,3.40242,734.16,2497.92
43236,L27,11894,A11,B25,C40,PCS,322,1.61,D,C05,3.40242,518.42,1763.88
43236,L27,11894,A11,B25,C40,PCS,819,1.61,D,C05,3.40242,1318.59,4486.4
43236,L27,11894,A11,B25,C40,PCS,409,1.61,D,C05,3.40242,658.49,2240.46
43236,L27,11894,A11,B25,C40,PCS,261,1.61,D,C05,3.40242,420.21,1429.73
43232,L27,12069,A13,B25,C32,PCS,387,2.46,D,C10,8.657656,952.02,8242.26
43232,L27,12069,A13,B25,C32,PCS,690,2.46,D,C10,8.657656,1697.4,14695.51
43232,L27,12069,A13,B25,C32,PCS,581,2.46,D,C10,8.657656,1429.26,12374.04
43232,L27,12069,A13,B25,C32,PCS,456,2.46,D,C10,8.657656,1121.76,9711.81
43232,L27,12069,A13,B25,C32,PCS,566,2.46,D,C10,8.657656,1392.36,12054.57
43232,L27,12069,A13,B25,C32,PCS,578,2.46,D,C10,8.657656,1421.88,12310.15
43232,L27,12069,A13,B25,C32,PCS,100,2.46,D,C10,8.657656,246,2129.78
43232,L27,12069,A13,B25,C32,PCS,379,2.46,D,C10,8.657656,932.34,8071.88
43232,L27,12069,A13,B25,C32,PCS,439,2.46,D,C10,8.657656,1079.94,9349.75
43232,L27,12069,A13,B25,C32,PCS,389,2.46,D,C10,8.657656,956.94,8284.86
43248,L27,12302,A17,B21,C37,PCS,444,2.47,D,C01,6.825646,1096.68,7485.55
43248,L27,12302,A17,B21,C37,PCS,128,2.47,D,C01,6.825646,316.16,2158
43248,L27,12302,A17,B21,C37,PCS,523,2.47,D,C01,6.825646,1291.81,8817.44
43248,L27,12302,A17,B21,C37,PCS,523,2.47,D,C01,6.825646,1291.81,8817.44
43248,L27,12302,A17,B21,C37,PCS,187,2.47,D,C01,6.825646,461.89,3152.7
43248,L27,12302,A17,B21,C37,PCS,837,2.47,D,C01,6.825646,2067.39,14111.27
43248,L27,12302,A17,B21,C37,PCS,97,2.47,D,C01,6.825646,239.59,1635.36
43248,L27,12302,A17,B21,C37,PCS,638,2.47,D,C01,6.825646,1575.86,10756.26
43248,L27,12302,A17,B21,C37,PCS,64,2.47,D,C01,6.825646,158.08,1079
43248,L27,12302,A17,B21,C37,PCS,193,2.47,D,C01,6.825646,476.71,3253.85
43238,L27,12306,A11,B29,C40,PCS,657,2.11,D,C06,3.547054,1386.27,4917.17
43238,L27,12306,A11,B29,C40,PCS,916,2.11,D,C06,3.547054,1932.76,6855.6
43238,L27,12306,A11,B29,C40,PCS,559,2.11,D,C06,3.547054,1179.49,4183.71
43238,L27,12306,A11,B29,C40,PCS,782,2.11,D,C06,3.547054,1650.02,5852.71
43238,L27,12306,A11,B29,C40,PCS,762,2.11,D,C06,3.547054,1607.82,5703.02
43238,L27,12306,A11,B29,C40,PCS,792,2.11,D,C06,3.547054,1671.12,5927.55
43238,L27,12306,A11,B29,C40,PCS,603,2.11,D,C06,3.547054,1272.33,4513.02
43238,L27,12306,A11,B29,C40,PCS,492,2.11,D,C06,3.547054,1038.12,3682.27
43238,L27,12306,A11,B29,C40,PCS,855,2.11,D,C06,3.547054,1804.05,6399.06
43238,L27,12306,A11,B29,C40,PCS,936,2.11,D,C06,3.547054,1974.96,7005.29
43244,L27,12313,A17,B30,C39,PCS,393,1.54,C,C09,1.199464,605.22,725.94
43244,L27,12313,A17,B30,C39,PCS,817,1.54,C,C09,1.199464,1258.18,1509.14
43244,L27,12313,A17,B30,C39,PCS,234,1.54,C,C09,1.199464,360.36,432.24
43244,L27,12313,A17,B30,C39,PCS,421,1.54,C,C09,1.199464,648.34,777.66
43244,L27,12313,A17,B30,C39,PCS,561,1.54,C,C09,1.199464,863.94,1036.26
43244,L27,12313,A17,B30,C39,PCS,841,1.54,C,C09,1.199464,1295.14,1553.47
43244,L27,12313,A17,B30,C39,PCS,457,1.54,C,C09,1.199464,703.78,844.16
43244,L27,12313,A17,B30,C39,PCS,152,1.54,C,C09,1.199464,234.08,280.77
43244,L27,12313,A17,B30,C39,PCS,748,1.54,C,C09,1.199464,1151.92,1381.69
43244,L27,12313,A17,B30,C39,PCS,259,1.54,C,C09,1.199464,398.86,478.42
43235,L27,12509,A12,B20,C32,PCS,62,4.41,D,C08,1.496196,273.42,409.09
43235,L27,12509,A12,B20,C32,PCS,76,4.41,D,C08,1.496196,335.16,501.47
43235,L27,12509,A12,B20,C32,PCS,144,4.41,D,C08,1.496196,635.04,950.14
43235,L27,12509,A12,B20,C32,PCS,830,4.41,D,C08,1.496196,3660.3,5476.53
43235,L27,12509,A12,B20,C32,PCS,8,4.41,D,C08,1.496196,35.28,52.79
43235,L27,12509,A12,B20,C32,PCS,931,4.41,D,C08,1.496196,4105.71,6142.95
43235,L27,12509,A12,B20,C32,PCS,496,4.41,D,C08,1.496196,2187.36,3272.72
43235,L27,12509,A12,B20,C32,PCS,674,4.41,D,C08,1.496196,2972.34,4447.2
43235,L27,12509,A12,B20,C32,PCS,331,4.41,D,C08,1.496196,1459.71,2184.01
43235,L27,12509,A12,B20,C32,PCS,931,4.41,D,C08,1.496196,4105.71,6142.95
43243,L27,12561,A20,B26,C30,PCS,575,3.62,C,C10,8.657656,2081.5,18020.91
43243,L27,12561,A20,B26,C30,PCS,866,3.62,C,C10,8.657656,3134.92,27141.06
43243,L27,12561,A20,B26,C30,PCS,433,3.62,C,C10,8.657656,1567.46,13570.53
43243,L27,12561,A20,B26,C30,PCS,451,3.62,C,C10,8.657656,1632.62,14134.66
43243,L27,12561,A20,B26,C30,PCS,665,3.62,C,C10,8.657656,2407.3,20841.58
43243,L27,12561,A20,B26,C30,PCS,431,3.62,C,C10,8.657656,1560.22,13507.85
43243,L27,12561,A20,B26,C30,PCS,304,3.62,C,C10,8.657656,1100.48,9527.58
43243,L27,12561,A20,B26,C30,PCS,108,3.62,C,C10,8.657656,390.96,3384.8
43243,L27,12561,A20,B26,C30,PCS,869,3.62,C,C10,8.657656,3145.78,27235.08
43243,L27,12561,A20,B26,C30,PCS,98,3.62,C,C10,8.657656,354.76,3071.39
43236,L27,13199,A19,B22,C38,PCS,465,5.67,C,C06,3.547054,2636.55,9351.99
43236,L27,13199,A19,B22,C38,PCS,864,5.67,C,C06,3.547054,4898.88,17376.59
43236,L27,13199,A19,B22,C38,PCS,918,5.67,C,C06,3.547054,5205.06,18462.63
43236,L27,13199,A19,B22,C38,PCS,319,5.67,C,C06,3.547054,1808.73,6415.66
43236,L27,13199,A19,B22,C38,PCS,475,5.67,C,C06,3.547054,2693.25,9553.1
43236,L27,13199,A19,B22,C38,PCS,232,5.67,C,C06,3.547054,1315.44,4665.94
43236,L27,13199,A19,B22,C38,PCS,394,5.67,C,C06,3.547054,2233.98,7924.05
43236,L27,13199,A19,B22,C38,PCS,239,5.67,C,C06,3.547054,1355.13,4806.72
43236,L27,13199,A19,B22,C38,PCS,959,5.67,C,C06,3.547054,5437.53,19287.21
43236,L27,13199,A19,B22,C38,PCS,455,5.67,C,C06,3.547054,2579.85,9150.87
43248,L27,13228,A12,B24,C40,PCS,870,7.88,D,C08,1.496196,6855.6,10257.32
43248,L27,13228,A12,B24,C40,PCS,884,7.88,D,C08,1.496196,6965.92,10422.38
43248,L27,13228,A12,B24,C40,PCS,600,7.88,D,C08,1.496196,4728,7074.01
43248,L27,13228,A12,B24,C40,PCS,679,7.88,D,C08,1.496196,5350.52,8005.43
43248,L27,13228,A12,B24,C40,PCS,878,7.88,D,C08,1.496196,6918.64,10351.64
43248,L27,13228,A12,B24,C40,PCS,563,7.88,D,C08,1.496196,4436.44,6637.78
43248,L27,13228,A12,B24,C40,PCS,627,7.88,D,C08,1.496196,4940.76,7392.35
43248,L27,13228,A12,B24,C40,PCS,731,7.88,D,C08,1.496196,5760.28,8618.51
43248,L27,13228,A12,B24,C40,PCS,86,7.88,D,C08,1.496196,677.68,1013.94
43248,L27,13228,A12,B24,C40,PCS,261,7.88,D,C08,1.496196,2056.68,3077.2
43235,L27,13417,A12,B24,C35,PCS,260,4.41,D,C08,1.496196,1146.6,1715.54
43235,L27,13417,A12,B24,C35,PCS,491,4.41,D,C08,1.496196,2165.31,3239.73
43235,L27,13417,A12,B24,C35,PCS,154,4.41,D,C08,1.496196,679.14,1016.13
43235,L27,13417,A12,B24,C35,PCS,769,4.41,D,C08,1.496196,3391.29,5074.03
43235,L27,13417,A12,B24,C35,PCS,397,4.41,D,C08,1.496196,1750.77,2619.5
43235,L27,13417,A12,B24,C35,PCS,283,4.41,D,C08,1.496196,1248.03,1867.3
43235,L27,13417,A12,B24,C35,PCS,995,4.41,D,C08,1.496196,4387.95,6565.23
43235,L27,13417,A12,B24,C35,PCS,386,4.41,D,C08,1.496196,1702.26,2546.91
43235,L27,13417,A12,B24,C35,PCS,181,4.41,D,C08,1.496196,798.21,1194.28
43235,L27,13417,A12,B24,C35,PCS,500,4.41,D,C08,1.496196,2205,3299.11
43248,L27,13461,A17,B30,C30,PCS,57,5.01,C,C03,7.133317,285.57,2037.06
43248,L27,13461,A17,B30,C30,PCS,180,5.01,C,C03,7.133317,901.8,6432.83
43248,L27,13461,A17,B30,C30,PCS,998,5.01,C,C03,7.133317,4999.98,35666.44
43248,L27,13461,A17,B30,C30,PCS,573,5.01,C,C03,7.133317,2870.73,20477.83
43248,L27,13461,A17,B30,C30,PCS,165,5.01,C,C03,7.133317,826.65,5896.76
43248,L27,13461,A17,B30,C30,PCS,523,5.01,C,C03,7.133317,2620.23,18690.93
43248,L27,13461,A17,B30,C30,PCS,25,5.01,C,C03,7.133317,125.25,893.45
43248,L27,13461,A17,B30,C30,PCS,253,5.01,C,C03,7.133317,1267.53,9041.69
43248,L27,13461,A17,B30,C30,PCS,775,5.01,C,C03,7.133317,3882.75,27696.89
43248,L27,13461,A17,B30,C30,PCS,766,5.01,C,C03,7.133317,3837.66,27375.25
43240,L27,13538,A19,B27,C38,PCS,984,4.82,D,C07,1.358577,4742.88,6443.57
43240,L27,13538,A19,B27,C38,PCS,780,4.82,D,C07,1.358577,3759.6,5107.71
43240,L27,13538,A19,B27,C38,PCS,245,4.82,D,C07,1.358577,1180.9,1604.34
43240,L27,13538,A19,B27,C38,PCS,901,4.82,D,C07,1.358577,4342.82,5900.06
43240,L27,13538,A19,B27,C38,PCS,983,4.82,D,C07,1.358577,4738.06,6437.02
43240,L27,13538,A19,B27,C38,PCS,244,4.82,D,C07,1.358577,1176.08,1597.8
43240,L27,13538,A19,B27,C38,PCS,587,4.82,D,C07,1.358577,2829.34,3843.88
43240,L27,13538,A19,B27,C38,PCS,447,4.82,D,C07,1.358577,2154.54,2927.11
43240,L27,13538,A19,B27,C38,PCS,388,4.82,D,C07,1.358577,1870.16,2540.76
43240,L27,13538,A19,B27,C38,PCS,803,4.82,D,C07,1.358577,3870.46,5258.32
43250,L27,13566,A16,B20,C37,PCS,610,8.94,D,C10,8.657656,5453.4,47213.66
43250,L27,13566,A16,B20,C37,PCS,411,8.94,D,C10,8.657656,3674.34,31811.17
43250,L27,13566,A16,B20,C37,PCS,313,8.94,D,C10,8.657656,2798.22,24226.03
43250,L27,13566,A16,B20,C37,PCS,363,8.94,D,C10,8.657656,3245.22,28096
43250,L27,13566,A16,B20,C37,PCS,644,8.94,D,C10,8.657656,5757.36,49845.24
43250,L27,13566,A16,B20,C37,PCS,857,8.94,D,C10,8.657656,7661.58,66331.32
43250,L27,13566,A16,B20,C37,PCS,31,8.94,D,C10,8.657656,277.14,2399.38
43250,L27,13566,A16,B20,C37,PCS,94,8.94,D,C10,8.657656,840.36,7275.55
43250,L27,13566,A16,B20,C37,PCS,375,8.94,D,C10,8.657656,3352.5,29024.79
43250,L27,13566,A16,B20,C37,PCS,55,8.94,D,C10,8.657656,491.7,4256.97
43221,L27,13595,A20,B22,C40,PCS,317,1.33,D,C04,5.388146,421.61,2271.7
43221,L27,13595,A20,B22,C40,PCS,954,1.33,D,C04,5.388146,1268.82,6836.59
43221,L27,13595,A20,B22,C40,PCS,92,1.33,D,C04,5.388146,122.36,659.29
43221,L27,13595,A20,B22,C40,PCS,884,1.33,D,C04,5.388146,1175.72,6334.95
43221,L27,13595,A20,B22,C40,PCS,641,1.33,D,C04,5.388146,852.53,4593.56
43221,L27,13595,A20,B22,C40,PCS,570,1.33,D,C04,5.388146,758.1,4084.75
43221,L27,13595,A20,B22,C40,PCS,881,1.33,D,C04,5.388146,1171.73,6313.45
43221,L27,13595,A20,B22,C40,PCS,559,1.33,D,C04,5.388146,743.47,4005.92
43221,L27,13595,A20,B22,C40,PCS,752,1.33,D,C04,5.388146,1000.16,5389.01
43221,L27,13595,A20,B22,C40,PCS,779,1.33,D,C04,5.388146,1036.07,5582.5
43237,L27,13903,A16,B26,C35,PCS,476,1.72,C,C06,3.547054,818.72,2904.04
43237,L27,13903,A16,B26,C35,PCS,124,1.72,C,C06,3.547054,213.28,756.52
43237,L27,13903,A16,B26,C35,PCS,525,1.72,C,C06,3.547054,903,3202.99
43237,L27,13903,A16,B26,C35,PCS,704,1.72,C,C06,3.547054,1210.88,4295.06
43237,L27,13903,A16,B26,C35,PCS,877,1.72,C,C06,3.547054,1508.44,5350.52
43237,L27,13903,A16,B26,C35,PCS,677,1.72,C,C06,3.547054,1164.44,4130.33
43237,L27,13903,A16,B26,C35,PCS,874,1.72,C,C06,3.547054,1503.28,5332.22
43237,L27,13903,A16,B26,C35,PCS,860,1.72,C,C06,3.547054,1479.2,5246.8
43237,L27,13903,A16,B26,C35,PCS,259,1.72,C,C06,3.547054,445.48,1580.14
43237,L27,13903,A16,B26,C35,PCS,511,1.72,C,C06,3.547054,878.92,3117.58
43234,L27,13937,A18,B30,C31,PCS,85,6.52,C,C08,1.496196,554.2,829.19
43234,L27,13937,A18,B30,C31,PCS,561,6.52,C,C08,1.496196,3657.72,5472.67
43234,L27,13937,A18,B30,C31,PCS,402,6.52,C,C08,1.496196,2621.04,3921.59
43234,L27,13937,A18,B30,C31,PCS,451,6.52,C,C08,1.496196,2940.52,4399.59
43234,L27,13937,A18,B30,C31,PCS,490,6.52,C,C08,1.496196,3194.8,4780.05
43234,L27,13937,A18,B30,C31,PCS,786,6.52,C,C08,1.496196,5124.72,7667.59
43234,L27,13937,A18,B30,C31,PCS,119,6.52,C,C08,1.496196,775.88,1160.87
43234,L27,13937,A18,B30,C31,PCS,428,6.52,C,C08,1.496196,2790.56,4175.22
43234,L27,13937,A18,B30,C31,PCS,634,6.52,C,C08,1.496196,4133.68,6184.8
43234,L27,13937,A18,B30,C31,PCS,643,6.52,C,C08,1.496196,4192.36,6272.59
43232,L27,13982,A18,B24,C37,PCS,247,3.6,D,C06,3.547054,889.2,3154.04
43222,L27,13982,A16,B24,C33,PCS,724,7.35,D,C05,3.40242,5321.4,18105.64
43232,L27,13982,A18,B24,C37,PCS,725,3.6,D,C06,3.547054,2610,9257.81
43222,L27,13982,A16,B24,C33,PCS,964,7.35,D,C05,3.40242,7085.4,24107.51
43232,L27,13982,A18,B24,C37,PCS,867,3.6,D,C06,3.547054,3121.2,11071.06
43222,L27,13982,A16,B24,C33,PCS,450,7.35,D,C05,3.40242,3307.5,11253.5
43232,L27,13982,A18,B24,C37,PCS,390,3.6,D,C06,3.547054,1404,4980.06
43222,L27,13982,A16,B24,C33,PCS,220,7.35,D,C05,3.40242,1617,5501.71
43232,L27,13982,A18,B24,C37,PCS,620,3.6,D,C06,3.547054,2232,7917.02
43222,L27,13982,A16,B24,C33,PCS,818,7.35,D,C05,3.40242,6012.3,20456.37
43232,L27,13982,A18,B24,C37,PCS,788,3.6,D,C06,3.547054,2836.8,10062.28
43222,L27,13982,A16,B24,C33,PCS,47,7.35,D,C05,3.40242,345.45,1175.37
43232,L27,13982,A18,B24,C37,PCS,100,3.6,D,C06,3.547054,360,1276.94
43222,L27,13982,A16,B24,C33,PCS,128,7.35,D,C05,3.40242,940.8,3201
43232,L27,13982,A18,B24,C37,PCS,713,3.6,D,C06,3.547054,2566.8,9104.58
43222,L27,13982,A16,B24,C33,PCS,618,7.35,D,C05,3.40242,4542.3,15454.81
43232,L27,13982,A18,B24,C37,PCS,505,3.6,D,C06,3.547054,1818,6448.54
43222,L27,13982,A16,B24,C33,PCS,740,7.35,D,C05,3.40242,5439,18505.76
43232,L27,13982,A18,B24,C37,PCS,486,3.6,D,C06,3.547054,1749.6,6205.93
43222,L27,13982,A16,B24,C33,PCS,787,7.35,D,C05,3.40242,5784.45,19681.13
43251,L27,13984,A16,B22,C40,PCS,81,9.17,D,C07,1.358577,742.77,1009.11
43251,L27,13984,A16,B22,C40,PCS,284,9.17,D,C07,1.358577,2604.28,3538.11
43251,L27,13984,A16,B22,C40,PCS,354,9.17,D,C07,1.358577,3246.18,4410.19
43251,L27,13984,A16,B22,C40,PCS,53,9.17,D,C07,1.358577,486.01,660.28
43251,L27,13984,A16,B22,C40,PCS,321,9.17,D,C07,1.358577,2943.57,3999.07
43251,L27,13984,A16,B22,C40,PCS,853,9.17,D,C07,1.358577,7822.01,10626.8
43251,L27,13984,A16,B22,C40,PCS,988,9.17,D,C07,1.358577,9059.96,12308.65
43251,L27,13984,A16,B22,C40,PCS,578,9.17,D,C07,1.358577,5300.26,7200.81
43251,L27,13984,A16,B22,C40,PCS,305,9.17,D,C07,1.358577,2796.85,3799.74
43251,L27,13984,A16,B22,C40,PCS,781,9.17,D,C07,1.358577,7161.77,9729.82
43250,L27,14075,A20,B21,C39,PCS,822,3.53,D,C08,1.496196,2901.66,4341.45
43250,L27,14075,A20,B21,C39,PCS,500,3.53,D,C08,1.496196,1765,2640.79
43250,L27,14075,A20,B21,C39,PCS,256,3.53,D,C08,1.496196,903.68,1352.08
43250,L27,14075,A20,B21,C39,PCS,718,3.53,D,C08,1.496196,2534.54,3792.17
43250,L27,14075,A20,B21,C39,PCS,212,3.53,D,C08,1.496196,748.36,1119.69
43250,L27,14075,A20,B21,C39,PCS,605,3.53,D,C08,1.496196,2135.65,3195.35
43250,L27,14075,A20,B21,C39,PCS,542,3.53,D,C08,1.496196,1913.26,2862.61
43250,L27,14075,A20,B21,C39,PCS,750,3.53,D,C08,1.496196,2647.5,3961.18
43250,L27,14075,A20,B21,C39,PCS,167,3.53,D,C08,1.496196,589.51,882.02
43250,L27,14075,A20,B21,C39,PCS,493,3.53,D,C08,1.496196,1740.29,2603.81
43245,L27,14187,A15,B27,C39,PCS,437,7.71,D,C02,9.912483,3369.27,33397.83
43245,L27,14187,A15,B27,C39,PCS,643,7.71,D,C02,9.912483,4957.53,49141.43
43245,L27,14187,A15,B27,C39,PCS,524,7.71,D,C02,9.912483,4040.04,40046.83
43245,L27,14187,A15,B27,C39,PCS,735,7.71,D,C02,9.912483,5666.85,56172.55
43245,L27,14187,A15,B27,C39,PCS,749,7.71,D,C02,9.912483,5774.79,57242.51
43245,L27,14187,A15,B27,C39,PCS,534,7.71,D,C02,9.912483,4117.14,40811.08
43245,L27,14187,A15,B27,C39,PCS,330,7.71,D,C02,9.912483,2544.3,25220.33
43245,L27,14187,A15,B27,C39,PCS,325,7.71,D,C02,9.912483,2505.75,24838.2
43245,L27,14187,A15,B27,C39,PCS,927,7.71,D,C02,9.912483,7147.17,70846.2
43245,L27,14187,A15,B27,C39,PCS,305,7.71,D,C02,9.912483,2351.55,23309.7
43250,L27,14235,A19,B28,C34,PCS,655,3.53,C,C08,1.496196,2312.15,3459.43
43250,L27,14235,A19,B28,C34,PCS,328,3.53,C,C08,1.496196,1157.84,1732.36
43250,L27,14235,A19,B28,C34,PCS,211,3.53,C,C08,1.496196,744.83,1114.41
43250,L27,14235,A19,B28,C34,PCS,260,3.53,C,C08,1.496196,917.8,1373.21
43250,L27,14235,A19,B28,C34,PCS,119,3.53,C,C08,1.496196,420.07,628.51
43250,L27,14235,A19,B28,C34,PCS,902,3.53,C,C08,1.496196,3184.06,4763.98
43250,L27,14235,A19,B28,C34,PCS,59,3.53,C,C08,1.496196,208.27,311.61
43250,L27,14235,A19,B28,C34,PCS,734,3.53,C,C08,1.496196,2591.02,3876.67
43250,L27,14235,A19,B28,C34,PCS,985,3.53,C,C08,1.496196,3477.05,5202.35
43250,L27,14235,A19,B28,C34,PCS,724,3.53,C,C08,1.496196,2555.72,3823.86
43249,L27,14501,A12,B21,C31,PCS,994,9.47,D,C10,8.657656,9413.18,81496.07
43249,L27,14501,A12,B21,C31,PCS,926,9.47,D,C10,8.657656,8769.22,75920.89
43249,L27,14501,A12,B21,C31,PCS,278,9.47,D,C10,8.657656,2632.66,22792.66
43249,L27,14501,A12,B21,C31,PCS,412,9.47,D,C10,8.657656,3901.64,33779.06
43249,L27,14501,A12,B21,C31,PCS,579,9.47,D,C10,8.657656,5483.13,47471.05
43249,L27,14501,A12,B21,C31,PCS,364,9.47,D,C10,8.657656,3447.08,29843.63
43249,L27,14501,A12,B21,C31,PCS,356,9.47,D,C10,8.657656,3371.32,29187.73
43249,L27,14501,A12,B21,C31,PCS,207,9.47,D,C10,8.657656,1960.29,16971.52
43249,L27,14501,A12,B21,C31,PCS,421,9.47,D,C10,8.657656,3986.87,34516.95
43249,L27,14501,A12,B21,C31,PCS,697,9.47,D,C10,8.657656,6600.59,57145.64
43245,L27,14552,A17,B20,C34,PCS,43,2.53,D,C07,1.358577,108.79,147.8
43245,L27,14552,A17,B20,C34,PCS,199,2.53,D,C07,1.358577,503.47,684
43245,L27,14552,A17,B20,C34,PCS,172,2.53,D,C07,1.358577,435.16,591.2
43245,L27,14552,A17,B20,C34,PCS,668,2.53,D,C07,1.358577,1690.04,2296.05
43245,L27,14552,A17,B20,C34,PCS,317,2.53,D,C07,1.358577,802.01,1089.59
43245,L27,14552,A17,B20,C34,PCS,505,2.53,D,C07,1.358577,1277.65,1735.79
43245,L27,14552,A17,B20,C34,PCS,367,2.53,D,C07,1.358577,928.51,1261.45
43245,L27,14552,A17,B20,C34,PCS,189,2.53,D,C07,1.358577,478.17,649.63
43245,L27,14552,A17,B20,C34,PCS,668,2.53,D,C07,1.358577,1690.04,2296.05
43245,L27,14552,A17,B20,C34,PCS,107,2.53,D,C07,1.358577,270.71,367.78
43247,L27,14579,A14,B26,C40,PCS,105,4.51,C,C07,1.358577,473.55,643.35
43247,L27,14579,A14,B26,C40,PCS,323,4.51,C,C07,1.358577,1456.73,1979.08
43247,L27,14579,A14,B26,C40,PCS,815,4.51,C,C07,1.358577,3675.65,4993.65
43247,L27,14579,A14,B26,C40,PCS,523,4.51,C,C07,1.358577,2358.73,3204.52
43247,L27,14579,A14,B26,C40,PCS,435,4.51,C,C07,1.358577,1961.85,2665.32
43247,L27,14579,A14,B26,C40,PCS,198,4.51,C,C07,1.358577,892.98,1213.18
43247,L27,14579,A14,B26,C40,PCS,242,4.51,C,C07,1.358577,1091.42,1482.78
43247,L27,14579,A14,B26,C40,PCS,611,4.51,C,C07,1.358577,2755.61,3743.71
43247,L27,14579,A14,B26,C40,PCS,419,4.51,C,C07,1.358577,1889.69,2567.29
43247,L27,14579,A14,B26,C40,PCS,413,4.51,C,C07,1.358577,1862.63,2530.53
43251,L27,14602,A15,B23,C34,PCS,861,6.54,D,C10,8.657656,5630.94,48750.74
43251,L27,14602,A15,B23,C34,PCS,279,6.54,D,C10,8.657656,1824.66,15797.28
43251,L27,14602,A15,B23,C34,PCS,782,6.54,D,C10,8.657656,5114.28,44277.68
43251,L27,14602,A15,B23,C34,PCS,37,6.54,D,C10,8.657656,241.98,2094.98
43251,L27,14602,A15,B23,C34,PCS,248,6.54,D,C10,8.657656,1621.92,14042.03
43251,L27,14602,A15,B23,C34,PCS,906,6.54,D,C10,8.657656,5925.24,51298.69
43251,L27,14602,A15,B23,C34,PCS,578,6.54,D,C10,8.657656,3780.12,32726.98
43251,L27,14602,A15,B23,C34,PCS,922,6.54,D,C10,8.657656,6029.88,52204.63
43251,L27,14602,A15,B23,C34,PCS,663,6.54,D,C10,8.657656,4336.02,37539.77
43251,L27,14602,A15,B23,C34,PCS,747,6.54,D,C10,8.657656,4885.38,42295.94
43237,L27,14957,A15,B27,C31,PCS,142,1.37,D,C06,3.547054,194.54,690.04
43237,L27,14957,A15,B27,C31,PCS,108,1.37,D,C06,3.547054,147.96,524.82
43237,L27,14957,A15,B27,C31,PCS,935,1.37,D,C06,3.547054,1280.95,4543.6
43237,L27,14957,A15,B27,C31,PCS,32,1.37,D,C06,3.547054,43.84,155.5
43237,L27,14957,A15,B27,C31,PCS,82,1.37,D,C06,3.547054,112.34,398.48
43237,L27,14957,A15,B27,C31,PCS,470,1.37,D,C06,3.547054,643.9,2283.95
43237,L27,14957,A15,B27,C31,PCS,316,1.37,D,C06,3.547054,432.92,1535.59
43237,L27,14957,A15,B27,C31,PCS,14,1.37,D,C06,3.547054,19.18,68.03
43237,L27,14957,A15,B27,C31,PCS,790,1.37,D,C06,3.547054,1082.3,3838.98
43237,L27,14957,A15,B27,C31,PCS,533,1.37,D,C06,3.547054,730.21,2590.09
43234,L27,14975,A11,B28,C38,PCS,668,8.55,D,C08,1.496196,5711.4,8545.37
43234,L27,14975,A11,B28,C38,PCS,341,8.55,D,C08,1.496196,2915.55,4362.23
43234,L27,14975,A11,B28,C38,PCS,689,8.55,D,C08,1.496196,5890.95,8814.02
43234,L27,14975,A11,B28,C38,PCS,199,8.55,D,C08,1.496196,1701.45,2545.7
43234,L27,14975,A11,B28,C38,PCS,721,8.55,D,C08,1.496196,6164.55,9223.38
43234,L27,14975,A11,B28,C38,PCS,643,8.55,D,C08,1.496196,5497.65,8225.56
43234,L27,14975,A11,B28,C38,PCS,941,8.55,D,C08,1.496196,8045.55,12037.72
43234,L27,14975,A11,B28,C38,PCS,909,8.55,D,C08,1.496196,7771.95,11628.36
43234,L27,14975,A11,B28,C38,PCS,498,8.55,D,C08,1.496196,4257.9,6370.65
43234,L27,14975,A11,B28,C38,PCS,29,8.55,D,C08,1.496196,247.95,370.98
43239,L27,14979,A12,B27,C34,PCS,562,9.8,D,C10,8.657656,5507.6,47682.91
43239,L27,14979,A12,B27,C34,PCS,438,9.8,D,C10,8.657656,4292.4,37162.12
43239,L27,14979,A12,B27,C34,PCS,724,9.8,D,C10,8.657656,7095.2,61427.8
43239,L27,14979,A12,B27,C34,PCS,439,9.8,D,C10,8.657656,4302.2,37246.97
43239,L27,14979,A12,B27,C34,PCS,73,9.8,D,C10,8.657656,715.4,6193.69
43239,L27,14979,A12,B27,C34,PCS,525,9.8,D,C10,8.657656,5145,44543.64
43239,L27,14979,A12,B27,C34,PCS,532,9.8,D,C10,8.657656,5213.6,45137.56
43239,L27,14979,A12,B27,C34,PCS,451,9.8,D,C10,8.657656,4419.8,38265.11
43239,L27,14979,A12,B27,C34,PCS,610,9.8,D,C10,8.657656,5978,51755.47
43239,L27,14979,A12,B27,C34,PCS,939,9.8,D,C10,8.657656,9202.2,79669.48
43247,L27,15005,A15,B28,C38,PCS,757,4.51,C,C07,1.358577,3414.07,4638.28
43247,L27,15005,A15,B28,C38,PCS,37,4.51,C,C07,1.358577,166.87,226.71
43247,L27,15005,A15,B28,C38,PCS,26,4.51,C,C07,1.358577,117.26,159.31
43247,L27,15005,A15,B28,C38,PCS,654,4.51,C,C07,1.358577,2949.54,4007.18
43247,L27,15005,A15,B28,C38,PCS,370,4.51,C,C07,1.358577,1668.7,2267.06
43247,L27,15005,A15,B28,C38,PCS,261,4.51,C,C07,1.358577,1177.11,1599.19
43247,L27,15005,A15,B28,C38,PCS,138,4.51,C,C07,1.358577,622.38,845.55
43247,L27,15005,A15,B28,C38,PCS,189,4.51,C,C07,1.358577,852.39,1158.04
43247,L27,15005,A15,B28,C38,PCS,598,4.51,C,C07,1.358577,2696.98,3664.05
43247,L27,15005,A15,B28,C38,PCS,179,4.51,C,C07,1.358577,807.29,1096.77
43225,L27,15030,A15,B27,C36,PCS,897,2.85,C,C08,1.496196,2556.45,3824.95
43225,L27,15030,A15,B27,C36,PCS,534,2.85,C,C08,1.496196,1521.9,2277.06
43225,L27,15030,A15,B27,C36,PCS,623,2.85,C,C08,1.496196,1775.55,2656.57
43225,L27,15030,A15,B27,C36,PCS,759,2.85,C,C08,1.496196,2163.15,3236.5
43225,L27,15030,A15,B27,C36,PCS,208,2.85,C,C08,1.496196,592.8,886.94
43225,L27,15030,A15,B27,C36,PCS,378,2.85,C,C08,1.496196,1077.3,1611.85
43225,L27,15030,A15,B27,C36,PCS,362,2.85,C,C08,1.496196,1031.7,1543.63
43225,L27,15030,A15,B27,C36,PCS,22,2.85,C,C08,1.496196,62.7,93.81
43225,L27,15030,A15,B27,C36,PCS,788,2.85,C,C08,1.496196,2245.8,3360.16
43225,L27,15030,A15,B27,C36,PCS,82,2.85,C,C08,1.496196,233.7,349.66
43222,L27,15288,A17,B25,C37,PCS,612,8.83,C,C04,5.388146,5403.96,29117.33
43222,L27,15288,A17,B25,C37,PCS,420,8.83,C,C04,5.388146,3708.6,19982.48
43222,L27,15288,A17,B25,C37,PCS,619,8.83,C,C04,5.388146,5465.77,29450.37
43222,L27,15288,A17,B25,C37,PCS,866,8.83,C,C04,5.388146,7646.78,41201.97
43222,L27,15288,A17,B25,C37,PCS,704,8.83,C,C04,5.388146,6216.32,33494.44
43222,L27,15288,A17,B25,C37,PCS,413,8.83,C,C04,5.388146,3646.79,19649.44
43222,L27,15288,A17,B25,C37,PCS,327,8.83,C,C04,5.388146,2887.41,15557.79
43222,L27,15288,A17,B25,C37,PCS,769,8.83,C,C04,5.388146,6790.27,36586.97
43222,L27,15288,A17,B25,C37,PCS,182,8.83,C,C04,5.388146,1607.06,8659.07
43222,L27,15288,A17,B25,C37,PCS,633,8.83,C,C04,5.388146,5589.39,30116.45
43247,L27,15423,A16,B26,C34,PCS,669,6.37,D,C03,7.133317,4261.53,30398.84
43247,L27,15423,A16,B26,C34,PCS,607,6.37,D,C03,7.133317,3866.59,27581.61
43247,L27,15423,A16,B26,C34,PCS,547,6.37,D,C03,7.133317,3484.39,24855.26
43247,L27,15423,A16,B26,C34,PCS,414,6.37,D,C03,7.133317,2637.18,18811.84
43247,L27,15423,A16,B26,C34,PCS,907,6.37,D,C03,7.133317,5777.59,41213.38
43247,L27,15423,A16,B26,C34,PCS,520,6.37,D,C03,7.133317,3312.4,23628.4
43247,L27,15423,A16,B26,C34,PCS,192,6.37,D,C03,7.133317,1223.04,8724.33
43247,L27,15423,A16,B26,C34,PCS,357,6.37,D,C03,7.133317,2274.09,16221.8
43247,L27,15423,A16,B26,C34,PCS,220,6.37,D,C03,7.133317,1401.4,9996.63
43247,L27,15423,A16,B26,C34,PCS,348,6.37,D,C03,7.133317,2216.76,15812.85
43243,L27,15475,A13,B29,C31,PCS,825,3.62,C,C10,8.657656,2986.5,25856.09
43243,L27,15475,A13,B29,C31,PCS,439,3.62,C,C10,8.657656,1589.18,13758.57
43243,L27,15475,A13,B29,C31,PCS,815,3.62,C,C10,8.657656,2950.3,25542.68
43243,L27,15475,A13,B29,C31,PCS,623,3.62,C,C10,8.657656,2255.26,19525.27
43243,L27,15475,A13,B29,C31,PCS,527,3.62,C,C10,8.657656,1907.74,16516.56
43243,L27,15475,A13,B29,C31,PCS,475,3.62,C,C10,8.657656,1719.5,14886.84
43243,L27,15475,A13,B29,C31,PCS,615,3.62,C,C10,8.657656,2226.3,19274.54
43243,L27,15475,A13,B29,C31,PCS,174,3.62,C,C10,8.657656,629.88,5453.28
43243,L27,15475,A13,B29,C31,PCS,861,3.62,C,C10,8.657656,3116.82,26984.36
43243,L27,15475,A13,B29,C31,PCS,796,3.62,C,C10,8.657656,2881.52,24947.21
43230,L27,15526,A19,B20,C37,PCS,160,2.84,C,C04,5.388146,454.4,2448.37
43230,L27,15526,A19,B20,C37,PCS,452,2.84,C,C04,5.388146,1283.68,6916.66
43230,L27,15526,A19,B20,C37,PCS,32,2.84,C,C04,5.388146,90.88,489.67
43230,L27,15526,A19,B20,C37,PCS,271,2.84,C,C04,5.388146,769.64,4146.93
43230,L27,15526,A19,B20,C37,PCS,606,2.84,C,C04,5.388146,1721.04,9273.21
43230,L27,15526,A19,B20,C37,PCS,499,2.84,C,C04,5.388146,1417.16,7635.86
43230,L27,15526,A19,B20,C37,PCS,75,2.84,C,C04,5.388146,213,1147.68
43230,L27,15526,A19,B20,C37,PCS,636,2.84,C,C04,5.388146,1806.24,9732.28
43230,L27,15526,A19,B20,C37,PCS,538,2.84,C,C04,5.388146,1527.92,8232.66
43230,L27,15526,A19,B20,C37,PCS,645,2.84,C,C04,5.388146,1831.8,9870.01
43240,L27,15624,A20,B20,C35,PCS,447,3.32,C,C01,6.825646,1484.04,10129.53
43240,L27,15624,A20,B20,C35,PCS,34,3.32,C,C01,6.825646,112.88,770.48
43240,L27,15624,A20,B20,C35,PCS,455,3.32,C,C01,6.825646,1510.6,10310.82
43240,L27,15624,A20,B20,C35,PCS,743,3.32,C,C01,6.825646,2466.76,16837.23
43240,L27,15624,A20,B20,C35,PCS,186,3.32,C,C01,6.825646,617.52,4214.97
43240,L27,15624,A20,B20,C35,PCS,789,3.32,C,C01,6.825646,2619.48,17879.64
43240,L27,15624,A20,B20,C35,PCS,762,3.32,C,C01,6.825646,2529.84,17267.79
43240,L27,15624,A20,B20,C35,PCS,475,3.32,C,C01,6.825646,1577,10764.04
43240,L27,15624,A20,B20,C35,PCS,415,3.32,C,C01,6.825646,1377.8,9404.38
43240,L27,15624,A20,B20,C35,PCS,457,3.32,C,C01,6.825646,1517.24,10356.14
43244,L27,15672,A10,B23,C40,PCS,757,1.85,C,C05,3.40242,1400.45,4764.92
43244,L27,15672,A10,B23,C40,PCS,609,1.85,C,C05,3.40242,1126.65,3833.34
43244,L27,15672,A10,B23,C40,PCS,714,1.85,C,C05,3.40242,1320.9,4494.26
43244,L27,15672,A10,B23,C40,PCS,303,1.85,C,C05,3.40242,560.55,1907.23
43244,L27,15672,A10,B23,C40,PCS,531,1.85,C,C05,3.40242,982.35,3342.37
43244,L27,15672,A10,B23,C40,PCS,734,1.85,C,C05,3.40242,1357.9,4620.15
43244,L27,15672,A10,B23,C40,PCS,58,1.85,C,C05,3.40242,107.3,365.08
43244,L27,15672,A10,B23,C40,PCS,487,1.85,C,C05,3.40242,900.95,3065.41
43244,L27,15672,A10,B23,C40,PCS,957,1.85,C,C05,3.40242,1770.45,6023.81
43244,L27,15672,A10,B23,C40,PCS,731,1.85,C,C05,3.40242,1352.35,4601.26
43232,L27,15791,A12,B20,C30,PCS,844,3.6,C,C06,3.547054,3038.4,10777.37
43232,L27,15791,A12,B20,C30,PCS,18,3.6,C,C06,3.547054,64.8,229.85
43232,L27,15791,A12,B20,C30,PCS,883,3.6,C,C06,3.547054,3178.8,11275.38
43232,L27,15791,A12,B20,C30,PCS,194,3.6,C,C06,3.547054,698.4,2477.26
43232,L27,15791,A12,B20,C30,PCS,450,3.6,C,C06,3.547054,1620,5746.23
43232,L27,15791,A12,B20,C30,PCS,822,3.6,C,C06,3.547054,2959.2,10496.44
43232,L27,15791,A12,B20,C30,PCS,112,3.6,C,C06,3.547054,403.2,1430.17
43232,L27,15791,A12,B20,C30,PCS,408,3.6,C,C06,3.547054,1468.8,5209.91
43232,L27,15791,A12,B20,C30,PCS,392,3.6,C,C06,3.547054,1411.2,5005.6
43232,L27,15791,A12,B20,C30,PCS,15,3.6,C,C06,3.547054,54,191.54
43232,L27,16078,A16,B22,C30,PCS,382,9.41,D,C06,3.547054,3594.62,12750.31
43232,L27,16078,A16,B22,C30,PCS,851,9.41,D,C06,3.547054,8007.91,28404.49
43232,L27,16078,A16,B22,C30,PCS,932,9.41,D,C06,3.547054,8770.12,31108.09
43232,L27,16078,A16,B22,C30,PCS,806,9.41,D,C06,3.547054,7584.46,26902.49
43232,L27,16078,A16,B22,C30,PCS,837,9.41,D,C06,3.547054,7876.17,27937.2
43232,L27,16078,A16,B22,C30,PCS,469,9.41,D,C06,3.547054,4413.29,15654.18
43232,L27,16078,A16,B22,C30,PCS,670,9.41,D,C06,3.547054,6304.7,22363.11
43232,L27,16078,A16,B22,C30,PCS,940,9.41,D,C06,3.547054,8845.4,31375.11
43232,L27,16078,A16,B22,C30,PCS,141,9.41,D,C06,3.547054,1326.81,4706.27
43232,L27,16078,A16,B22,C30,PCS,444,9.41,D,C06,3.547054,4178.04,14819.73
43251,L27,16095,A15,B27,C36,PCS,370,7.71,D,C06,3.547054,2852.7,10118.68
43251,L27,16095,A15,B27,C36,PCS,71,7.71,D,C06,3.547054,547.41,1941.69
43251,L27,16095,A15,B27,C36,PCS,610,7.71,D,C06,3.547054,4703.1,16682.15
43251,L27,16095,A15,B27,C36,PCS,789,7.71,D,C06,3.547054,6083.19,21577.4
43251,L27,16095,A15,B27,C36,PCS,260,7.71,D,C06,3.547054,2004.6,7110.42
43251,L27,16095,A15,B27,C36,PCS,712,7.71,D,C06,3.547054,5489.52,19471.62
43251,L27,16095,A15,B27,C36,PCS,787,7.71,D,C06,3.547054,6067.77,21522.71
43251,L27,16095,A15,B27,C36,PCS,512,7.71,D,C06,3.547054,3947.52,14002.07
43251,L27,16095,A15,B27,C36,PCS,331,7.71,D,C06,3.547054,2552.01,9052.12
43251,L27,16095,A15,B27,C36,PCS,273,7.71,D,C06,3.547054,2104.83,7465.95
43250,L27,16118,A17,B21,C40,PCS,788,8.95,D,C10,8.657656,7052.6,61058.98
43250,L27,16118,A17,B21,C40,PCS,415,8.95,D,C10,8.657656,3714.25,32156.7
43250,L27,16118,A17,B21,C40,PCS,888,8.95,D,C10,8.657656,7947.6,68807.59
43250,L27,16118,A17,B21,C40,PCS,554,8.95,D,C10,8.657656,4958.3,42927.26
43250,L27,16118,A17,B21,C40,PCS,285,8.95,D,C10,8.657656,2550.75,22083.52
43250,L27,16118,A17,B21,C40,PCS,525,8.95,D,C10,8.657656,4698.75,40680.16
43250,L27,16118,A17,B21,C40,PCS,383,8.95,D,C10,8.657656,3427.85,29677.15
43250,L27,16118,A17,B21,C40,PCS,880,8.95,D,C10,8.657656,7876,68187.7
43250,L27,16118,A17,B21,C40,PCS,677,8.95,D,C10,8.657656,6059.15,52458.04
43250,L27,16118,A17,B21,C40,PCS,706,8.95,D,C10,8.657656,6318.7,54705.13
43227,L27,16151,A10,B27,C39,PCS,302,5.73,D,C06,3.547054,1730.46,6138.04
43227,L27,16151,A10,B27,C39,PCS,745,5.73,D,C06,3.547054,4268.85,15141.84
43227,L27,16151,A10,B27,C39,PCS,341,5.73,D,C06,3.547054,1953.93,6930.7
43227,L27,16151,A10,B27,C39,PCS,782,5.73,D,C06,3.547054,4480.86,15893.85
43227,L27,16151,A10,B27,C39,PCS,299,5.73,D,C06,3.547054,1713.27,6077.06
43227,L27,16151,A10,B27,C39,PCS,15,5.73,D,C06,3.547054,85.95,304.87
43227,L27,16151,A10,B27,C39,PCS,604,5.73,D,C06,3.547054,3460.92,12276.07
43227,L27,16151,A10,B27,C39,PCS,369,5.73,D,C06,3.547054,2114.37,7499.78
43227,L27,16151,A10,B27,C39,PCS,747,5.73,D,C06,3.547054,4280.31,15182.49
43227,L27,16151,A10,B27,C39,PCS,595,5.73,D,C06,3.547054,3409.35,12093.15
43250,L27,16189,A12,B25,C30,PCS,73,8.95,C,C10,8.657656,653.35,5656.48
43250,L27,16189,A12,B25,C30,PCS,525,8.95,C,C10,8.657656,4698.75,40680.16
43250,L27,16189,A12,B25,C30,PCS,850,8.95,C,C10,8.657656,7607.5,65863.12
43250,L27,16189,A12,B25,C30,PCS,44,8.95,C,C10,8.657656,393.8,3409.38
43250,L27,16189,A12,B25,C30,PCS,958,8.95,C,C10,8.657656,8574.1,74231.61
43250,L27,16189,A12,B25,C30,PCS,954,8.95,C,C10,8.657656,8538.3,73921.66
43250,L27,16189,A12,B25,C30,PCS,332,8.95,C,C10,8.657656,2971.4,25725.36
43250,L27,16189,A12,B25,C30,PCS,759,8.95,C,C10,8.657656,6793.05,58811.89
43250,L27,16189,A12,B25,C30,PCS,862,8.95,C,C10,8.657656,7714.9,66792.95
43250,L27,16189,A12,B25,C30,PCS,752,8.95,C,C10,8.657656,6730.4,58269.49
43223,L27,16190,A13,B28,C30,PCS,113,6.45,D,C03,7.133317,728.85,5199.12
43223,L27,16190,A13,B28,C30,PCS,52,6.45,D,C03,7.133317,335.4,2392.51
43223,L27,16190,A13,B28,C30,PCS,131,6.45,D,C03,7.133317,844.95,6027.3
43223,L27,16190,A13,B28,C30,PCS,985,6.45,D,C03,7.133317,6353.25,45319.75
43223,L27,16190,A13,B28,C30,PCS,672,6.45,D,C03,7.133317,4334.4,30918.65
43223,L27,16190,A13,B28,C30,PCS,213,6.45,D,C03,7.133317,1373.85,9800.11
43223,L27,16190,A13,B28,C30,PCS,824,6.45,D,C03,7.133317,5314.8,37912.15
43223,L27,16190,A13,B28,C30,PCS,582,6.45,D,C03,7.133317,3753.9,26777.76
43223,L27,16190,A13,B28,C30,PCS,887,6.45,D,C03,7.133317,5721.15,40810.78
43223,L27,16190,A13,B28,C30,PCS,360,6.45,D,C03,7.133317,2322,16563.56
43223,L27,16362,A11,B28,C40,PCS,805,9.12,D,C10,8.657656,7341.6,63561.05
43223,L27,16362,A11,B28,C40,PCS,297,9.12,D,C10,8.657656,2708.64,23450.47
43223,L27,16362,A11,B28,C40,PCS,379,9.12,D,C10,8.657656,3456.48,29925.01
43223,L27,16362,A11,B28,C40,PCS,338,9.12,D,C10,8.657656,3082.56,26687.74
43223,L27,16362,A11,B28,C40,PCS,16,9.12,D,C10,8.657656,145.92,1263.33
43223,L27,16362,A11,B28,C40,PCS,276,9.12,D,C10,8.657656,2517.12,21792.36
43223,L27,16362,A11,B28,C40,PCS,460,9.12,D,C10,8.657656,4195.2,36320.6
43223,L27,16362,A11,B28,C40,PCS,927,9.12,D,C10,8.657656,8454.24,73193.9
43223,L27,16362,A11,B28,C40,PCS,377,9.12,D,C10,8.657656,3438.24,29767.1
43223,L27,16362,A11,B28,C40,PCS,219,9.12,D,C10,8.657656,1997.28,17291.76
43250,L27,16572,A19,B26,C38,PCS,756,3.53,D,C08,1.496196,2668.68,3992.87
43250,L27,16572,A19,B26,C38,PCS,385,3.53,D,C08,1.496196,1359.05,2033.41
43250,L27,16572,A19,B26,C38,PCS,381,3.53,D,C08,1.496196,1344.93,2012.28
43250,L27,16572,A19,B26,C38,PCS,32,3.53,D,C08,1.496196,112.96,169.01
43250,L27,16572,A19,B26,C38,PCS,866,3.53,D,C08,1.496196,3056.98,4573.84
43250,L27,16572,A19,B26,C38,PCS,366,3.53,D,C08,1.496196,1291.98,1933.06
43250,L27,16572,A19,B26,C38,PCS,760,3.53,D,C08,1.496196,2682.8,4013.99
43250,L27,16572,A19,B26,C38,PCS,764,3.53,D,C08,1.496196,2696.92,4035.12
43250,L27,16572,A19,B26,C38,PCS,786,3.53,D,C08,1.496196,2774.58,4151.32
43250,L27,16572,A19,B26,C38,PCS,983,3.53,D,C08,1.496196,3469.99,5191.79
43224,L27,16664,A10,B28,C32,PCS,331,1.88,C,C01,6.825646,622.28,4247.46
43224,L27,16664,A10,B28,C32,PCS,147,1.88,C,C01,6.825646,276.36,1886.34
43224,L27,16664,A10,B28,C32,PCS,60,1.88,C,C01,6.825646,112.8,769.93
43224,L27,16664,A10,B28,C32,PCS,34,1.88,C,C01,6.825646,63.92,436.3
43224,L27,16664,A10,B28,C32,PCS,860,1.88,C,C01,6.825646,1616.8,11035.7
43224,L27,16664,A10,B28,C32,PCS,248,1.88,C,C01,6.825646,466.24,3182.39
43224,L27,16664,A10,B28,C32,PCS,739,1.88,C,C01,6.825646,1389.32,9483.01
43224,L27,16664,A10,B28,C32,PCS,245,1.88,C,C01,6.825646,460.6,3143.89
43224,L27,16664,A10,B28,C32,PCS,188,1.88,C,C01,6.825646,353.44,2412.46
43224,L27,16664,A10,B28,C32,PCS,904,1.88,C,C01,6.825646,1699.52,11600.32
43248,L27,16742,A12,B28,C31,PCS,863,7.88,D,C08,1.496196,6800.44,10174.79
43248,L27,16742,A12,B28,C31,PCS,904,7.88,D,C08,1.496196,7123.52,10658.18
43248,L27,16742,A12,B28,C31,PCS,890,7.88,D,C08,1.496196,7013.2,10493.12
43248,L27,16742,A12,B28,C31,PCS,648,7.88,D,C08,1.496196,5106.24,7639.94
43248,L27,16742,A12,B28,C31,PCS,231,7.88,D,C08,1.496196,1820.28,2723.5
43248,L27,16742,A12,B28,C31,PCS,934,7.88,D,C08,1.496196,7359.92,11011.88
43248,L27,16742,A12,B28,C31,PCS,514,7.88,D,C08,1.496196,4050.32,6060.07
43248,L27,16742,A12,B28,C31,PCS,6,7.88,D,C08,1.496196,47.28,70.74
43248,L27,16742,A12,B28,C31,PCS,728,7.88,D,C08,1.496196,5736.64,8583.14
43248,L27,16742,A12,B28,C31,PCS,583,7.88,D,C08,1.496196,4594.04,6873.58
43250,L27,16771,A18,B25,C38,PCS,927,3.53,C,C08,1.496196,3272.31,4896.02
43250,L27,16771,A18,B25,C38,PCS,179,3.53,C,C08,1.496196,631.87,945.4
43250,L27,16771,A18,B25,C38,PCS,551,3.53,C,C08,1.496196,1945.03,2910.15
43250,L27,16771,A18,B25,C38,PCS,35,3.53,C,C08,1.496196,123.55,184.86
43250,L27,16771,A18,B25,C38,PCS,951,3.53,C,C08,1.496196,3357.03,5022.77
43250,L27,16771,A18,B25,C38,PCS,210,3.53,C,C08,1.496196,741.3,1109.13
43250,L27,16771,A18,B25,C38,PCS,178,3.53,C,C08,1.496196,628.34,940.12
43250,L27,16771,A18,B25,C38,PCS,996,3.53,C,C08,1.496196,3515.88,5260.45
43250,L27,16771,A18,B25,C38,PCS,64,3.53,C,C08,1.496196,225.92,338.02
43250,L27,16771,A18,B25,C38,PCS,82,3.53,C,C08,1.496196,289.46,433.09
43221,L27,17116,A17,B25,C40,PCS,620,1.33,C,C04,5.388146,824.6,4443.07
43221,L27,17116,A17,B25,C40,PCS,192,1.33,C,C04,5.388146,255.36,1375.92
43221,L27,17116,A17,B25,C40,PCS,579,1.33,C,C04,5.388146,770.07,4149.25
43221,L27,17116,A17,B25,C40,PCS,828,1.33,C,C04,5.388146,1101.24,5933.64
43221,L27,17116,A17,B25,C40,PCS,42,1.33,C,C04,5.388146,55.86,300.98
43221,L27,17116,A17,B25,C40,PCS,482,1.33,C,C04,5.388146,641.06,3454.12
43221,L27,17116,A17,B25,C40,PCS,65,1.33,C,C04,5.388146,86.45,465.81
43221,L27,17116,A17,B25,C40,PCS,386,1.33,C,C04,5.388146,513.38,2766.17
43221,L27,17116,A17,B25,C40,PCS,274,1.33,C,C04,5.388146,364.42,1963.55
43221,L27,17116,A17,B25,C40,PCS,167,1.33,C,C04,5.388146,222.11,1196.76
43245,L27,17136,A15,B24,C35,PCS,20,7.86,D,C04,5.388146,157.2,847.02
43245,L27,17136,A15,B24,C35,PCS,674,7.86,D,C04,5.388146,5297.64,28544.46
43245,L27,17136,A15,B24,C35,PCS,402,7.86,D,C04,5.388146,3159.72,17025.03
43245,L27,17136,A15,B24,C35,PCS,84,7.86,D,C04,5.388146,660.24,3557.47
43245,L27,17136,A15,B24,C35,PCS,242,7.86,D,C04,5.388146,1902.12,10248.9
43245,L27,17136,A15,B24,C35,PCS,117,7.86,D,C04,5.388146,919.62,4955.05
43245,L27,17136,A15,B24,C35,PCS,733,7.86,D,C04,5.388146,5761.38,31043.16
43245,L27,17136,A15,B24,C35,PCS,477,7.86,D,C04,5.388146,3749.22,20201.34
43245,L27,17136,A15,B24,C35,PCS,870,7.86,D,C04,5.388146,6838.2,36845.22
43245,L27,17136,A15,B24,C35,PCS,821,7.86,D,C04,5.388146,6453.06,34770.03
43237,L27,17150,A13,B24,C34,PCS,891,9.6,D,C06,3.547054,8553.6,30340.08
43237,L27,17150,A13,B24,C34,PCS,830,9.6,D,C06,3.547054,7968,28262.93
43237,L27,17150,A13,B24,C34,PCS,654,9.6,D,C06,3.547054,6278.4,22269.82
43237,L27,17150,A13,B24,C34,PCS,216,9.6,D,C06,3.547054,2073.6,7355.17
43237,L27,17150,A13,B24,C34,PCS,294,9.6,D,C06,3.547054,2822.4,10011.21
43237,L27,17150,A13,B24,C34,PCS,206,9.6,D,C06,3.547054,1977.6,7014.65
43237,L27,17150,A13,B24,C34,PCS,3,9.6,D,C06,3.547054,28.8,102.16
43237,L27,17150,A13,B24,C34,PCS,996,9.6,D,C06,3.547054,9561.6,33915.51
43237,L27,17150,A13,B24,C34,PCS,357,9.6,D,C06,3.547054,3427.2,12156.46
43237,L27,17150,A13,B24,C34,PCS,353,9.6,D,C06,3.547054,3388.8,12020.26
43222,L27,17168,A10,B28,C33,PCS,819,8.83,D,C04,5.388146,7231.77,38965.83
43222,L27,17168,A10,B28,C33,PCS,320,8.83,D,C04,5.388146,2825.6,15224.75
43222,L27,17168,A10,B28,C33,PCS,233,8.83,D,C04,5.388146,2057.39,11085.52
43222,L27,17168,A10,B28,C33,PCS,791,8.83,D,C04,5.388146,6984.53,37633.67
43222,L27,17168,A10,B28,C33,PCS,16,8.83,D,C04,5.388146,141.28,761.24
43222,L27,17168,A10,B28,C33,PCS,920,8.83,D,C04,5.388146,8123.6,43771.14
43222,L27,17168,A10,B28,C33,PCS,448,8.83,D,C04,5.388146,3955.84,21314.64
43222,L27,17168,A10,B28,C33,PCS,918,8.83,D,C04,5.388146,8105.94,43675.99
43222,L27,17168,A10,B28,C33,PCS,745,8.83,D,C04,5.388146,6578.35,35445.11
43222,L27,17168,A10,B28,C33,PCS,449,8.83,D,C04,5.388146,3964.67,21362.22
43230,L27,17207,A13,B27,C31,PCS,601,2.84,D,C04,5.388146,1706.84,9196.7
43230,L27,17207,A13,B27,C31,PCS,277,2.84,D,C04,5.388146,786.68,4238.75
43230,L27,17207,A13,B27,C31,PCS,765,2.84,D,C04,5.388146,2172.6,11706.29
43230,L27,17207,A13,B27,C31,PCS,458,2.84,D,C04,5.388146,1300.72,7008.47
43230,L27,17207,A13,B27,C31,PCS,74,2.84,D,C04,5.388146,210.16,1132.37
43230,L27,17207,A13,B27,C31,PCS,727,2.84,D,C04,5.388146,2064.68,11124.8
43230,L27,17207,A13,B27,C31,PCS,358,2.84,D,C04,5.388146,1016.72,5478.24
43230,L27,17207,A13,B27,C31,PCS,26,2.84,D,C04,5.388146,73.84,397.86
43230,L27,17207,A13,B27,C31,PCS,924,2.84,D,C04,5.388146,2624.16,14139.36
43230,L27,17207,A13,B27,C31,PCS,128,2.84,D,C04,5.388146,363.52,1958.7
43224,L27,17316,A19,B30,C35,PCS,548,9.55,C,C10,8.657656,5233.4,45308.98
43224,L27,17316,A19,B30,C35,PCS,323,9.55,C,C10,8.657656,3084.65,26705.84
43224,L27,17316,A19,B30,C35,PCS,627,9.55,C,C10,8.657656,5987.85,51840.75
43224,L27,17316,A19,B30,C35,PCS,403,9.55,C,C10,8.657656,3848.65,33320.29
43224,L27,17316,A19,B30,C35,PCS,150,9.55,C,C10,8.657656,1432.5,12402.09
43224,L27,17316,A19,B30,C35,PCS,920,9.55,C,C10,8.657656,8786,76066.17
43224,L27,17316,A19,B30,C35,PCS,869,9.55,C,C10,8.657656,8298.95,71849.45
43224,L27,17316,A19,B30,C35,PCS,926,9.55,C,C10,8.657656,8843.3,76562.25
43224,L27,17316,A19,B30,C35,PCS,341,9.55,C,C10,8.657656,3256.55,28194.09
43224,L27,17316,A19,B30,C35,PCS,918,9.55,C,C10,8.657656,8766.9,75900.8
43222,L27,17332,A17,B25,C38,PCS,598,8.83,C,C04,5.388146,5280.34,28451.24
43222,L27,17332,A17,B25,C38,PCS,995,8.83,C,C04,5.388146,8785.85,47339.44
43222,L27,17332,A17,B25,C38,PCS,403,8.83,C,C04,5.388146,3558.49,19173.66
43222,L27,17332,A17,B25,C38,PCS,847,8.83,C,C04,5.388146,7479.01,40298
43222,L27,17332,A17,B25,C38,PCS,828,8.83,C,C04,5.388146,7311.24,39394.03
43222,L27,17332,A17,B25,C38,PCS,233,8.83,C,C04,5.388146,2057.39,11085.52
43222,L27,17332,A17,B25,C38,PCS,551,8.83,C,C04,5.388146,4865.33,26215.11
43222,L27,17332,A17,B25,C38,PCS,545,8.83,C,C04,5.388146,4812.35,25929.64
43222,L27,17332,A17,B25,C38,PCS,580,8.83,C,C04,5.388146,5121.4,27594.85
43222,L27,17332,A17,B25,C38,PCS,569,8.83,C,C04,5.388146,5024.27,27071.5
43244,L27,17515,A14,B22,C34,PCS,940,1.54,C,C09,1.199464,1447.6,1736.34
43244,L27,17515,A14,B22,C34,PCS,661,1.54,C,C09,1.199464,1017.94,1220.98
43244,L27,17515,A14,B22,C34,PCS,582,1.54,C,C09,1.199464,896.28,1075.06
43244,L27,17515,A14,B22,C34,PCS,798,1.54,C,C09,1.199464,1228.92,1474.05
43244,L27,17515,A14,B22,C34,PCS,28,1.54,C,C09,1.199464,43.12,51.72
43244,L27,17515,A14,B22,C34,PCS,485,1.54,C,C09,1.199464,746.9,895.88
43244,L27,17515,A14,B22,C34,PCS,912,1.54,C,C09,1.199464,1404.48,1684.62
43244,L27,17515,A14,B22,C34,PCS,490,1.54,C,C09,1.199464,754.6,905.12
43244,L27,17515,A14,B22,C34,PCS,632,1.54,C,C09,1.199464,973.28,1167.41
43244,L27,17515,A14,B22,C34,PCS,207,1.54,C,C09,1.199464,318.78,382.37
43251,L27,17599,A15,B25,C35,PCS,656,7.71,C,C06,3.547054,5057.76,17940.15
43251,L27,17599,A15,B25,C35,PCS,526,7.71,C,C06,3.547054,4055.46,14384.94
43251,L27,17599,A15,B25,C35,PCS,508,7.71,C,C06,3.547054,3916.68,13892.68
43251,L27,17599,A15,B25,C35,PCS,315,7.71,C,C06,3.547054,2428.65,8614.55
43251,L27,17599,A15,B25,C35,PCS,834,7.71,C,C06,3.547054,6430.14,22808.05
43251,L27,17599,A15,B25,C35,PCS,517,7.71,C,C06,3.547054,3986.07,14138.81
43251,L27,17599,A15,B25,C35,PCS,973,7.71,C,C06,3.547054,7501.83,26609.4
43251,L27,17599,A15,B25,C35,PCS,847,7.71,C,C06,3.547054,6530.37,23163.58
43251,L27,17599,A15,B25,C35,PCS,108,7.71,C,C06,3.547054,832.68,2953.56
43251,L27,17599,A15,B25,C35,PCS,554,7.71,C,C06,3.547054,4271.34,15150.67
43247,L27,17655,A14,B24,C32,PCS,560,8.32,C,C03,7.133317,4659.2,33235.55
43247,L27,17655,A14,B24,C32,PCS,769,8.32,C,C03,7.133317,6398.08,45639.53
43247,L27,17655,A14,B24,C32,PCS,37,8.32,C,C03,7.133317,307.84,2195.92
43247,L27,17655,A14,B24,C32,PCS,601,8.32,C,C03,7.133317,5000.32,35668.87
43247,L27,17655,A14,B24,C32,PCS,319,8.32,C,C03,7.133317,2654.08,18932.39
43247,L27,17655,A14,B24,C32,PCS,494,8.32,C,C03,7.133317,4110.08,29318.5
43247,L27,17655,A14,B24,C32,PCS,695,8.32,C,C03,7.133317,5782.4,41247.69
43247,L27,17655,A14,B24,C32,PCS,802,8.32,C,C03,7.133317,6672.64,47598.06
43247,L27,17655,A14,B24,C32,PCS,544,8.32,C,C03,7.133317,4526.08,32285.96
43247,L27,17655,A14,B24,C32,PCS,703,8.32,C,C03,7.133317,5848.96,41722.49
43243,L27,17668,A14,B26,C30,PCS,96,8.82,C,C06,3.547054,846.72,3003.36
43243,L27,17668,A14,B26,C30,PCS,932,8.82,C,C06,3.547054,8220.24,29157.64
43243,L27,17668,A14,B26,C30,PCS,241,8.82,C,C06,3.547054,2125.62,7539.69
43243,L27,17668,A14,B26,C30,PCS,171,8.82,C,C06,3.547054,1508.22,5349.74
43243,L27,17668,A14,B26,C30,PCS,299,8.82,C,C06,3.547054,2637.18,9354.22
43243,L27,17668,A14,B26,C30,PCS,603,8.82,C,C06,3.547054,5318.46,18864.86
43243,L27,17668,A14,B26,C30,PCS,62,8.82,C,C06,3.547054,546.84,1939.67
43243,L27,17668,A14,B26,C30,PCS,551,8.82,C,C06,3.547054,4859.82,17238.04
43243,L27,17668,A14,B26,C30,PCS,44,8.82,C,C06,3.547054,388.08,1376.54
43243,L27,17668,A14,B26,C30,PCS,765,8.82,C,C06,3.547054,6747.3,23933.04
43245,L27,17698,A11,B28,C39,PCS,816,7.71,C,C02,9.912483,6291.36,62363
43245,L27,17698,A11,B28,C39,PCS,9,7.71,C,C02,9.912483,69.39,687.83
43245,L27,17698,A11,B28,C39,PCS,551,7.71,C,C02,9.912483,4248.21,42110.31
43245,L27,17698,A11,B28,C39,PCS,304,7.71,C,C02,9.912483,2343.84,23233.27
43245,L27,17698,A11,B28,C39,PCS,360,7.71,C,C02,9.912483,2775.6,27513.09
43245,L27,17698,A11,B28,C39,PCS,301,7.71,C,C02,9.912483,2320.71,23004
43245,L27,17698,A11,B28,C39,PCS,748,7.71,C,C02,9.912483,5767.08,57166.08
43245,L27,17698,A11,B28,C39,PCS,154,7.71,C,C02,9.912483,1187.34,11769.49
43245,L27,17698,A11,B28,C39,PCS,839,7.71,C,C02,9.912483,6468.69,64120.78
43245,L27,17698,A11,B28,C39,PCS,543,7.71,C,C02,9.912483,4186.53,41498.91
43244,L27,17723,A18,B22,C30,PCS,63,1.85,D,C05,3.40242,116.55,396.55
43244,L27,17723,A18,B22,C30,PCS,186,1.85,D,C05,3.40242,344.1,1170.77
43244,L27,17723,A18,B22,C30,PCS,467,1.85,D,C05,3.40242,863.95,2939.52
43244,L27,17723,A18,B22,C30,PCS,129,1.85,D,C05,3.40242,238.65,811.99
43244,L27,17723,A18,B22,C30,PCS,486,1.85,D,C05,3.40242,899.1,3059.12
43244,L27,17723,A18,B22,C30,PCS,453,1.85,D,C05,3.40242,838.05,2851.4
43244,L27,17723,A18,B22,C30,PCS,455,1.85,D,C05,3.40242,841.75,2863.99
43244,L27,17723,A18,B22,C30,PCS,888,1.85,D,C05,3.40242,1642.8,5589.5
43244,L27,17723,A18,B22,C30,PCS,510,1.85,D,C05,3.40242,943.5,3210.18
43244,L27,17723,A18,B22,C30,PCS,125,1.85,D,C05,3.40242,231.25,786.81
43248,L27,18057,A17,B28,C31,PCS,316,7.88,C,C08,1.496196,2490.08,3725.65
43248,L27,18057,A17,B28,C31,PCS,299,7.88,C,C08,1.496196,2356.12,3525.22
43248,L27,18057,A17,B28,C31,PCS,903,7.88,C,C08,1.496196,7115.64,10646.39
43248,L27,18057,A17,B28,C31,PCS,858,7.88,C,C08,1.496196,6761.04,10115.84
43248,L27,18057,A17,B28,C31,PCS,833,7.88,C,C08,1.496196,6564.04,9821.09
43248,L27,18057,A17,B28,C31,PCS,798,7.88,C,C08,1.496196,6288.24,9408.44
43248,L27,18057,A17,B28,C31,PCS,368,7.88,C,C08,1.496196,2899.84,4338.73
43248,L27,18057,A17,B28,C31,PCS,548,7.88,C,C08,1.496196,4318.24,6460.93
43248,L27,18057,A17,B28,C31,PCS,558,7.88,C,C08,1.496196,4397.04,6578.83
43248,L27,18057,A17,B28,C31,PCS,713,7.88,C,C08,1.496196,5618.44,8406.29
43226,L27,18084,A16,B25,C36,PCS,285,4.04,C,C10,8.657656,1151.4,9968.43
43226,L27,18084,A16,B25,C36,PCS,451,4.04,C,C10,8.657656,1822.04,15774.6
43226,L27,18084,A16,B25,C36,PCS,97,4.04,C,C10,8.657656,391.88,3392.76
43226,L27,18084,A16,B25,C36,PCS,852,4.04,C,C10,8.657656,3442.08,29800.34
43226,L27,18084,A16,B25,C36,PCS,337,4.04,C,C10,8.657656,1361.48,11787.23
43226,L27,18084,A16,B25,C36,PCS,435,4.04,C,C10,8.657656,1757.4,15214.96
43226,L27,18084,A16,B25,C36,PCS,644,4.04,C,C10,8.657656,2601.76,22525.14
43226,L27,18084,A16,B25,C36,PCS,797,4.04,C,C10,8.657656,3219.88,27876.61
43226,L27,18084,A16,B25,C36,PCS,354,4.04,C,C10,8.657656,1430.16,12381.83
43226,L27,18084,A16,B25,C36,PCS,381,4.04,C,C10,8.657656,1539.24,13326.21
43244,L27,18132,A13,B25,C35,PCS,899,1.54,C,C09,1.199464,1384.46,1660.61
43244,L27,18132,A13,B25,C35,PCS,643,1.54,C,C09,1.199464,990.22,1187.73
43244,L27,18132,A13,B25,C35,PCS,327,1.54,C,C09,1.199464,503.58,604.03
43244,L27,18132,A13,B25,C35,PCS,406,1.54,C,C09,1.199464,625.24,749.95
43244,L27,18132,A13,B25,C35,PCS,205,1.54,C,C09,1.199464,315.7,378.67
43244,L27,18132,A13,B25,C35,PCS,508,1.54,C,C09,1.199464,782.32,938.36
43244,L27,18132,A13,B25,C35,PCS,597,1.54,C,C09,1.199464,919.38,1102.76
43244,L27,18132,A13,B25,C35,PCS,477,1.54,C,C09,1.199464,734.58,881.1
43244,L27,18132,A13,B25,C35,PCS,421,1.54,C,C09,1.199464,648.34,777.66
43244,L27,18132,A13,B25,C35,PCS,748,1.54,C,C09,1.199464,1151.92,1381.69
43249,L27,18204,A15,B22,C33,PCS,454,9.47,D,C10,8.657656,4299.38,37222.55
43249,L27,18204,A15,B22,C33,PCS,48,9.47,D,C10,8.657656,454.56,3935.42
43249,L27,18204,A15,B22,C33,PCS,105,9.47,D,C10,8.657656,994.35,8608.74
43249,L27,18204,A15,B22,C33,PCS,926,9.47,D,C10,8.657656,8769.22,75920.89
43249,L27,18204,A15,B22,C33,PCS,949,9.47,D,C10,8.657656,8987.03,77806.61
43249,L27,18204,A15,B22,C33,PCS,262,9.47,D,C10,8.657656,2481.14,21480.86
43249,L27,18204,A15,B22,C33,PCS,9,9.47,D,C10,8.657656,85.23,737.89
43249,L27,18204,A15,B22,C33,PCS,273,9.47,D,C10,8.657656,2585.31,22382.72
43249,L27,18204,A15,B22,C33,PCS,534,9.47,D,C10,8.657656,5056.98,43781.59
43249,L27,18204,A15,B22,C33,PCS,935,9.47,D,C10,8.657656,8854.45,76658.78
43250,L27,18213,A14,B21,C30,PCS,985,8.94,D,C10,8.657656,8805.9,76238.45
43250,L27,18213,A14,B21,C30,PCS,785,8.94,D,C10,8.657656,7017.9,60758.56
43250,L27,18213,A14,B21,C30,PCS,102,8.94,D,C10,8.657656,911.88,7894.74
43250,L27,18213,A14,B21,C30,PCS,954,8.94,D,C10,8.657656,8528.76,73839.07
43250,L27,18213,A14,B21,C30,PCS,585,8.94,D,C10,8.657656,5229.9,45278.68
43250,L27,18213,A14,B21,C30,PCS,786,8.94,D,C10,8.657656,7026.84,60835.96
43250,L27,18213,A14,B21,C30,PCS,811,8.94,D,C10,8.657656,7250.34,62770.95
43250,L27,18213,A14,B21,C30,PCS,171,8.94,D,C10,8.657656,1528.74,13235.31
43250,L27,18213,A14,B21,C30,PCS,910,8.94,D,C10,8.657656,8135.4,70433.49
43250,L27,18213,A14,B21,C30,PCS,734,8.94,D,C10,8.657656,6561.96,56811.19
43236,L27,18674,A17,B24,C36,PCS,472,1.61,D,C05,3.40242,759.92,2585.57
43236,L27,18674,A17,B24,C36,PCS,513,1.61,D,C05,3.40242,825.93,2810.16
43236,L27,18674,A17,B24,C36,PCS,297,1.61,D,C05,3.40242,478.17,1626.94
43236,L27,18674,A17,B24,C36,PCS,375,1.61,D,C05,3.40242,603.75,2054.21
43236,L27,18674,A17,B24,C36,PCS,147,1.61,D,C05,3.40242,236.67,805.25
43236,L27,18674,A17,B24,C36,PCS,172,1.61,D,C05,3.40242,276.92,942.2
43236,L27,18674,A17,B24,C36,PCS,552,1.61,D,C05,3.40242,888.72,3023.8
43236,L27,18674,A17,B24,C36,PCS,368,1.61,D,C05,3.40242,592.48,2015.87
43236,L27,18674,A17,B24,C36,PCS,422,1.61,D,C05,3.40242,679.42,2311.67
43236,L27,18674,A17,B24,C36,PCS,250,1.61,D,C05,3.40242,402.5,1369.47
43221,L27,18719,A17,B27,C31,PCS,850,4.36,C,C01,6.825646,3706,25295.84
43221,L27,18719,A17,B27,C31,PCS,997,4.36,C,C01,6.825646,4346.92,29670.54
43221,L27,18719,A17,B27,C31,PCS,744,4.36,C,C01,6.825646,3243.84,22141.3
43221,L27,18719,A17,B27,C31,PCS,631,4.36,C,C01,6.825646,2751.16,18778.44
43221,L27,18719,A17,B27,C31,PCS,87,4.36,C,C01,6.825646,379.32,2589.1
43221,L27,18719,A17,B27,C31,PCS,30,4.36,C,C01,6.825646,130.8,892.79
43221,L27,18719,A17,B27,C31,PCS,566,4.36,C,C01,6.825646,2467.76,16844.06
43221,L27,18719,A17,B27,C31,PCS,720,4.36,C,C01,6.825646,3139.2,21427.07
43221,L27,18719,A17,B27,C31,PCS,79,4.36,C,C01,6.825646,344.44,2351.03
43221,L27,18719,A17,B27,C31,PCS,768,4.36,C,C01,6.825646,3348.48,22855.54
43222,L27,18739,A20,B29,C37,PCS,19,4.77,D,C05,3.40242,90.63,308.36
43222,L27,18739,A20,B29,C37,PCS,114,4.77,D,C05,3.40242,543.78,1850.17
43222,L27,18739,A20,B29,C37,PCS,662,4.77,D,C05,3.40242,3157.74,10743.96
43222,L27,18739,A20,B29,C37,PCS,382,4.77,D,C05,3.40242,1822.14,6199.69
43222,L27,18739,A20,B29,C37,PCS,686,4.77,D,C05,3.40242,3272.22,11133.47
43222,L27,18739,A20,B29,C37,PCS,150,4.77,D,C05,3.40242,715.5,2434.43
43222,L27,18739,A20,B29,C37,PCS,193,4.77,D,C05,3.40242,920.61,3132.3
43222,L27,18739,A20,B29,C37,PCS,573,4.77,D,C05,3.40242,2733.21,9299.53
43222,L27,18739,A20,B29,C37,PCS,535,4.77,D,C05,3.40242,2551.95,8682.81
43222,L27,18739,A20,B29,C37,PCS,173,4.77,D,C05,3.40242,825.21,2807.71
43222,L27,18777,A17,B21,C37,PCS,933,9.51,D,C06,3.547054,8872.83,31472.41
43222,L27,18777,A17,B21,C37,PCS,222,9.51,D,C06,3.547054,2111.22,7488.61
43222,L27,18777,A17,B21,C37,PCS,517,9.51,D,C06,3.547054,4916.67,17439.69
43222,L27,18777,A17,B21,C37,PCS,865,9.51,D,C06,3.547054,8226.15,29178.6
43222,L27,18777,A17,B21,C37,PCS,519,9.51,D,C06,3.547054,4935.69,17507.16
43222,L27,18777,A17,B21,C37,PCS,610,9.51,D,C06,3.547054,5801.1,20576.81
43222,L27,18777,A17,B21,C37,PCS,208,9.51,D,C06,3.547054,1978.08,7016.36
43222,L27,18777,A17,B21,C37,PCS,195,9.51,D,C06,3.547054,1854.45,6577.83
43222,L27,18777,A17,B21,C37,PCS,672,9.51,D,C06,3.547054,6390.72,22668.23
43222,L27,18777,A17,B21,C37,PCS,484,9.51,D,C06,3.547054,4602.84,16326.52
43227,L27,18978,A14,B30,C34,PCS,901,5.73,D,C06,3.547054,5162.73,18312.48
43227,L27,18978,A14,B30,C34,PCS,456,5.73,D,C06,3.547054,2612.88,9268.03
43227,L27,18978,A14,B30,C34,PCS,497,5.73,D,C06,3.547054,2847.81,10101.34
43227,L27,18978,A14,B30,C34,PCS,305,5.73,D,C06,3.547054,1747.65,6199.01
43227,L27,18978,A14,B30,C34,PCS,734,5.73,D,C06,3.547054,4205.82,14918.27
43227,L27,18978,A14,B30,C34,PCS,613,5.73,D,C06,3.547054,3512.49,12458.99
43227,L27,18978,A14,B30,C34,PCS,896,5.73,D,C06,3.547054,5134.08,18210.86
43227,L27,18978,A14,B30,C34,PCS,627,5.73,D,C06,3.547054,3592.71,12743.54
43227,L27,18978,A14,B30,C34,PCS,541,5.73,D,C06,3.547054,3099.93,10995.62
43227,L27,18978,A14,B30,C34,PCS,534,5.73,D,C06,3.547054,3059.82,10853.35
43226,L27,19011,A19,B20,C38,PCS,332,5.31,C,C10,8.657656,1762.92,15262.75
43226,L27,19011,A19,B20,C38,PCS,570,5.31,C,C10,8.657656,3026.7,26204.13
43226,L27,19011,A19,B20,C38,PCS,911,5.31,C,C10,8.657656,4837.41,41880.63
43226,L27,19011,A19,B20,C38,PCS,671,5.31,C,C10,8.657656,3563.01,30847.31
43226,L27,19011,A19,B20,C38,PCS,256,5.31,C,C10,8.657656,1359.36,11768.87
43226,L27,19011,A19,B20,C38,PCS,951,5.31,C,C10,8.657656,5049.81,43719.52
43226,L27,19011,A19,B20,C38,PCS,852,5.31,C,C10,8.657656,4524.12,39168.27
43226,L27,19011,A19,B20,C38,PCS,760,5.31,C,C10,8.657656,4035.6,34938.84
43226,L27,19011,A19,B20,C38,PCS,552,5.31,C,C10,8.657656,2931.12,25376.63
43226,L27,19011,A19,B20,C38,PCS,66,5.31,C,C10,8.657656,350.46,3034.16
43225,L27,19014,A14,B30,C37,PCS,746,5.42,C,C08,1.496196,4043.32,6049.6
43225,L27,19014,A14,B30,C37,PCS,851,5.42,C,C08,1.496196,4612.42,6901.08
43225,L27,19014,A14,B30,C37,PCS,857,5.42,C,C08,1.496196,4644.94,6949.74
43225,L27,19014,A14,B30,C37,PCS,249,5.42,C,C08,1.496196,1349.58,2019.24
43225,L27,19014,A14,B30,C37,PCS,29,5.42,C,C08,1.496196,157.18,235.17
43225,L27,19014,A14,B30,C37,PCS,240,5.42,C,C08,1.496196,1300.8,1946.25
43225,L27,19014,A14,B30,C37,PCS,3,5.42,C,C08,1.496196,16.26,24.33
43225,L27,19014,A14,B30,C37,PCS,384,5.42,C,C08,1.496196,2081.28,3114
43225,L27,19014,A14,B30,C37,PCS,899,5.42,C,C08,1.496196,4872.58,7290.33
43225,L27,19014,A14,B30,C37,PCS,478,5.42,C,C08,1.496196,2590.76,3876.28
43237,L27,19062,A19,B30,C39,PCS,937,1.37,C,C06,3.547054,1283.69,4553.32
43237,L27,19062,A19,B30,C39,PCS,97,1.37,C,C06,3.547054,132.89,471.37
43237,L27,19062,A19,B30,C39,PCS,564,1.37,C,C06,3.547054,772.68,2740.74
43237,L27,19062,A19,B30,C39,PCS,229,1.37,C,C06,3.547054,313.73,1112.82
43237,L27,19062,A19,B30,C39,PCS,788,1.37,C,C06,3.547054,1079.56,3829.26
43237,L27,19062,A19,B30,C39,PCS,263,1.37,C,C06,3.547054,360.31,1278.04
43237,L27,19062,A19,B30,C39,PCS,842,1.37,C,C06,3.547054,1153.54,4091.67
43237,L27,19062,A19,B30,C39,PCS,906,1.37,C,C06,3.547054,1241.22,4402.67
43237,L27,19062,A19,B30,C39,PCS,176,1.37,C,C06,3.547054,241.12,855.27
43237,L27,19062,A19,B30,C39,PCS,676,1.37,C,C06,3.547054,926.12,3285
43247,L27,19078,A14,B28,C35,PCS,23,6.37,C,C03,7.133317,146.51,1045.1
43247,L27,19078,A14,B28,C35,PCS,502,6.37,C,C03,7.133317,3197.74,22810.49
43247,L27,19078,A14,B28,C35,PCS,439,6.37,C,C03,7.133317,2796.43,19947.82
43247,L27,19078,A14,B28,C35,PCS,489,6.37,C,C03,7.133317,3114.93,22219.78
43247,L27,19078,A14,B28,C35,PCS,981,6.37,C,C03,7.133317,6248.97,44575.88
43247,L27,19078,A14,B28,C35,PCS,348,6.37,C,C03,7.133317,2216.76,15812.85
43247,L27,19078,A14,B28,C35,PCS,670,6.37,C,C03,7.133317,4267.9,30444.28
43247,L27,19078,A14,B28,C35,PCS,499,6.37,C,C03,7.133317,3178.63,22674.18
43247,L27,19078,A14,B28,C35,PCS,903,6.37,C,C03,7.133317,5752.11,41031.62
43247,L27,19078,A14,B28,C35,PCS,832,6.37,C,C03,7.133317,5299.84,37805.44
43231,L27,19259,A14,B26,C39,PCS,940,2.04,C,C08,1.496196,1917.6,2869.11
43231,L27,19259,A14,B26,C39,PCS,929,2.04,C,C08,1.496196,1895.16,2835.53
43231,L27,19259,A14,B26,C39,PCS,716,2.04,C,C08,1.496196,1460.64,2185.4
43231,L27,19259,A14,B26,C39,PCS,110,2.04,C,C08,1.496196,224.4,335.75
43231,L27,19259,A14,B26,C39,PCS,63,2.04,C,C08,1.496196,128.52,192.29
43231,L27,19259,A14,B26,C39,PCS,194,2.04,C,C08,1.496196,395.76,592.13
43231,L27,19259,A14,B26,C39,PCS,467,2.04,C,C08,1.496196,952.68,1425.4
43231,L27,19259,A14,B26,C39,PCS,788,2.04,C,C08,1.496196,1607.52,2405.16
43231,L27,19259,A14,B26,C39,PCS,564,2.04,C,C08,1.496196,1150.56,1721.46
43231,L27,19259,A14,B26,C39,PCS,996,2.04,C,C08,1.496196,2031.84,3040.03
43239,L27,19622,A16,B28,C31,PCS,21,5.33,C,C08,1.496196,111.93,167.47
43239,L27,19622,A16,B28,C31,PCS,730,5.33,C,C08,1.496196,3890.9,5821.55
43239,L27,19622,A16,B28,C31,PCS,973,5.33,C,C08,1.496196,5186.09,7759.41
43239,L27,19622,A16,B28,C31,PCS,785,5.33,C,C08,1.496196,4184.05,6260.16
43239,L27,19622,A16,B28,C31,PCS,920,5.33,C,C08,1.496196,4903.6,7336.75
43239,L27,19622,A16,B28,C31,PCS,246,5.33,C,C08,1.496196,1311.18,1961.78
43239,L27,19622,A16,B28,C31,PCS,322,5.33,C,C08,1.496196,1716.26,2567.86
43239,L27,19622,A16,B28,C31,PCS,922,5.33,C,C08,1.496196,4914.26,7352.7
43239,L27,19622,A16,B28,C31,PCS,760,5.33,C,C08,1.496196,4050.8,6060.79
43239,L27,19622,A16,B28,C31,PCS,486,5.33,C,C08,1.496196,2590.38,3875.72
43234,L27,19964,A17,B24,C33,PCS,647,9.39,C,C05,3.40242,6075.33,20670.82
43234,L27,19964,A17,B24,C33,PCS,27,9.39,C,C05,3.40242,253.53,862.62
43234,L27,19964,A17,B24,C33,PCS,665,9.39,C,C05,3.40242,6244.35,21245.9
43234,L27,19964,A17,B24,C33,PCS,232,9.39,C,C05,3.40242,2178.48,7412.1
43234,L27,19964,A17,B24,C33,PCS,619,9.39,C,C05,3.40242,5812.41,19776.26
43234,L27,19964,A17,B24,C33,PCS,143,9.39,C,C05,3.40242,1342.77,4568.67
43234,L27,19964,A17,B24,C33,PCS,217,9.39,C,C05,3.40242,2037.63,6932.87
43234,L27,19964,A17,B24,C33,PCS,412,9.39,C,C05,3.40242,3868.68,13162.87
43234,L27,19964,A17,B24,C33,PCS,864,9.39,C,C05,3.40242,8112.96,27603.7
43234,L27,19964,A17,B24,C33,PCS,683,9.39,C,C05,3.40242,6413.37,21820.98
43240,L27,19980,A12,B23,C31,PCS,551,9.94,D,C07,1.358577,5476.94,7440.84
43240,L27,19980,A12,B23,C31,PCS,945,9.94,D,C07,1.358577,9393.3,12761.52
43240,L27,19980,A12,B23,C31,PCS,807,9.94,D,C07,1.358577,8021.58,10897.93
43240,L27,19980,A12,B23,C31,PCS,128,9.94,D,C07,1.358577,1272.32,1728.54
43240,L27,19980,A12,B23,C31,PCS,571,9.94,D,C07,1.358577,5675.74,7710.93
43240,L27,19980,A12,B23,C31,PCS,193,9.94,D,C07,1.358577,1918.42,2606.32
43240,L27,19980,A12,B23,C31,PCS,308,9.94,D,C07,1.358577,3061.52,4159.31
43240,L27,19980,A12,B23,C31,PCS,336,9.94,D,C07,1.358577,3339.84,4537.43
43240,L27,19980,A12,B23,C31,PCS,31,9.94,D,C07,1.358577,308.14,418.63
43240,L27,19980,A12,B23,C31,PCS,308,9.94,D,C07,1.358577,3061.52,4159.31
43221,L27,19994,A13,B30,C36,PCS,287,1.33,D,C04,5.388146,381.71,2056.71
43221,L27,19994,A13,B30,C36,PCS,996,1.33,D,C04,5.388146,1324.68,7137.57
43221,L27,19994,A13,B30,C36,PCS,568,1.33,D,C04,5.388146,755.44,4070.42
43221,L27,19994,A13,B30,C36,PCS,133,1.33,D,C04,5.388146,176.89,953.11
43221,L27,19994,A13,B30,C36,PCS,345,1.33,D,C04,5.388146,458.85,2472.35
43221,L27,19994,A13,B30,C36,PCS,292,1.33,D,C04,5.388146,388.36,2092.54
43221,L27,19994,A13,B30,C36,PCS,435,1.33,D,C04,5.388146,578.55,3117.31
43221,L27,19994,A13,B30,C36,PCS,237,1.33,D,C04,5.388146,315.21,1698.4
43221,L27,19994,A13,B30,C36,PCS,315,1.33,D,C04,5.388146,418.95,2257.36
43221,L27,19994,A13,B30,C36,PCS,661,1.33,D,C04,5.388146,879.13,4736.88
43274,L27,10079,A18,B20,C40,PCS,923,7.84,D,C04,5.388146,7236.32,38990.35
43274,L27,10079,A18,B20,C40,PCS,714,7.84,D,C04,5.388146,5597.76,30161.55
43274,L27,10079,A18,B20,C40,PCS,973,7.84,D,C04,5.388146,7628.32,41102.5
43274,L27,10079,A18,B20,C40,PCS,48,7.84,D,C04,5.388146,376.32,2027.67
43274,L27,10079,A18,B20,C40,PCS,57,7.84,D,C04,5.388146,446.88,2407.85
43274,L27,10079,A18,B20,C40,PCS,806,7.84,D,C04,5.388146,6319.04,34047.91
43274,L27,10079,A18,B20,C40,PCS,923,7.84,D,C04,5.388146,7236.32,38990.35
43274,L27,10079,A18,B20,C40,PCS,727,7.84,D,C04,5.388146,5699.68,30710.71
43274,L27,10079,A18,B20,C40,PCS,593,7.84,D,C04,5.388146,4649.12,25050.14
43274,L27,10079,A18,B20,C40,PCS,407,7.84,D,C04,5.388146,3190.88,17192.93
43259,L27,10146,A19,B22,C37,PCS,311,1.55,C,C04,5.388146,482.05,2597.36
43259,L27,10146,A19,B22,C37,PCS,686,1.55,C,C04,5.388146,1063.3,5729.22
43259,L27,10146,A19,B22,C37,PCS,111,1.55,C,C04,5.388146,172.05,927.03
43259,L27,10146,A19,B22,C37,PCS,718,1.55,C,C04,5.388146,1112.9,5996.47
43259,L27,10146,A19,B22,C37,PCS,643,1.55,C,C04,5.388146,996.65,5370.1
43259,L27,10146,A19,B22,C37,PCS,177,1.55,C,C04,5.388146,274.35,1478.24
43259,L27,10146,A19,B22,C37,PCS,760,1.55,C,C04,5.388146,1178,6347.24
43259,L27,10146,A19,B22,C37,PCS,23,1.55,C,C04,5.388146,35.65,192.09
43259,L27,10146,A19,B22,C37,PCS,874,1.55,C,C04,5.388146,1354.7,7299.32
43259,L27,10146,A19,B22,C37,PCS,168,1.55,C,C04,5.388146,260.4,1403.07
43266,L27,10148,A17,B27,C30,PCS,511,9.33,D,C08,1.496196,4767.63,7133.31
43266,L27,10148,A17,B27,C30,PCS,395,9.33,D,C08,1.496196,3685.35,5514.01
43266,L27,10148,A17,B27,C30,PCS,827,9.33,D,C08,1.496196,7715.91,11544.51
43266,L27,10148,A17,B27,C30,PCS,452,9.33,D,C08,1.496196,4217.16,6309.7
43266,L27,10148,A17,B27,C30,PCS,340,9.33,D,C08,1.496196,3172.2,4746.23
43266,L27,10148,A17,B27,C30,PCS,853,9.33,D,C08,1.496196,7958.49,11907.46
43266,L27,10148,A17,B27,C30,PCS,720,9.33,D,C08,1.496196,6717.6,10050.85
43266,L27,10148,A17,B27,C30,PCS,202,9.33,D,C08,1.496196,1884.66,2819.82
43266,L27,10148,A17,B27,C30,PCS,21,9.33,D,C08,1.496196,195.93,293.15
43266,L27,10148,A17,B27,C30,PCS,566,9.33,D,C08,1.496196,5280.78,7901.08
43281,L27,10171,A13,B28,C35,PCS,779,8.64,C,C04,5.388146,6730.56,36265.24
43281,L27,10171,A13,B28,C35,PCS,846,8.64,C,C04,5.388146,7309.44,39384.33
43281,L27,10171,A13,B28,C35,PCS,605,8.64,C,C04,5.388146,5227.2,28164.92
43281,L27,10171,A13,B28,C35,PCS,100,8.64,C,C04,5.388146,864,4655.36
43281,L27,10171,A13,B28,C35,PCS,158,8.64,C,C04,5.388146,1365.12,7355.47
43281,L27,10171,A13,B28,C35,PCS,353,8.64,C,C04,5.388146,3049.92,16433.41
43281,L27,10171,A13,B28,C35,PCS,459,8.64,C,C04,5.388146,3965.76,21368.09
43281,L27,10171,A13,B28,C35,PCS,552,8.64,C,C04,5.388146,4769.28,25697.58
43281,L27,10171,A13,B28,C35,PCS,290,8.64,C,C04,5.388146,2505.6,13500.54
43281,L27,10171,A13,B28,C35,PCS,366,8.64,C,C04,5.388146,3162.24,17038.61
43271,L27,10262,A20,B26,C34,PCS,766,5.87,C,C10,8.657656,4496.42,38928.46
43271,L27,10262,A20,B26,C34,PCS,398,5.87,C,C10,8.657656,2336.26,20226.54
43271,L27,10262,A20,B26,C34,PCS,794,5.87,C,C10,8.657656,4660.78,40351.43
43271,L27,10262,A20,B26,C34,PCS,545,5.87,C,C10,8.657656,3199.15,27697.14
43271,L27,10262,A20,B26,C34,PCS,339,5.87,C,C10,8.657656,1989.93,17228.13
43271,L27,10262,A20,B26,C34,PCS,731,5.87,C,C10,8.657656,4290.97,37149.74
43271,L27,10262,A20,B26,C34,PCS,913,5.87,C,C10,8.657656,5359.31,46399.06
43271,L27,10262,A20,B26,C34,PCS,48,5.87,C,C10,8.657656,281.76,2439.38
43271,L27,10262,A20,B26,C34,PCS,290,5.87,C,C10,8.657656,1702.3,14737.93
43271,L27,10262,A20,B26,C34,PCS,692,5.87,C,C10,8.657656,4062.04,35167.74
43255,L27,10330,A18,B23,C40,PCS,471,5.14,D,C07,1.358577,2420.94,3289.03
43255,L27,10330,A18,B23,C40,PCS,23,5.14,D,C07,1.358577,118.22,160.61
43255,L27,10330,A18,B23,C40,PCS,300,5.14,D,C07,1.358577,1542,2094.93
43255,L27,10330,A18,B23,C40,PCS,558,5.14,D,C07,1.358577,2868.12,3896.56
43255,L27,10330,A18,B23,C40,PCS,585,5.14,D,C07,1.358577,3006.9,4085.11
43255,L27,10330,A18,B23,C40,PCS,968,5.14,D,C07,1.358577,4975.52,6759.63
43255,L27,10330,A18,B23,C40,PCS,681,5.14,D,C07,1.358577,3500.34,4755.48
43255,L27,10330,A18,B23,C40,PCS,5,5.14,D,C07,1.358577,25.7,34.92
43255,L27,10330,A18,B23,C40,PCS,73,5.14,D,C07,1.358577,375.22,509.77
43255,L27,10330,A18,B23,C40,PCS,821,5.14,D,C07,1.358577,4219.94,5733.11
43268,L27,10484,A19,B27,C32,PCS,184,3.48,C,C09,1.199464,640.32,768.04
43268,L27,10484,A19,B27,C32,PCS,295,3.48,C,C09,1.199464,1026.6,1231.37
43268,L27,10484,A19,B27,C32,PCS,931,3.48,C,C09,1.199464,3239.88,3886.12
43268,L27,10484,A19,B27,C32,PCS,505,3.48,C,C09,1.199464,1757.4,2107.94
43268,L27,10484,A19,B27,C32,PCS,745,3.48,C,C09,1.199464,2592.6,3109.73
43268,L27,10484,A19,B27,C32,PCS,70,3.48,C,C09,1.199464,243.6,292.19
43268,L27,10484,A19,B27,C32,PCS,555,3.48,C,C09,1.199464,1931.4,2316.64
43268,L27,10484,A19,B27,C32,PCS,787,3.48,C,C09,1.199464,2738.76,3285.04
43268,L27,10484,A19,B27,C32,PCS,93,3.48,C,C09,1.199464,323.64,388.19
43268,L27,10484,A19,B27,C32,PCS,357,3.48,C,C09,1.199464,1242.36,1490.17
43277,L27,10582,A16,B27,C35,PCS,961,7.63,D,C04,5.388146,7332.43,39508.2
43277,L27,10582,A16,B27,C35,PCS,355,7.63,D,C04,5.388146,2708.65,14594.6
43277,L27,10582,A16,B27,C35,PCS,551,7.63,D,C04,5.388146,4204.13,22652.47
43277,L27,10582,A16,B27,C35,PCS,805,7.63,D,C04,5.388146,6142.15,33094.8
43277,L27,10582,A16,B27,C35,PCS,970,7.63,D,C04,5.388146,7401.1,39878.21
43277,L27,10582,A16,B27,C35,PCS,549,7.63,D,C04,5.388146,4188.87,22570.24
43277,L27,10582,A16,B27,C35,PCS,861,7.63,D,C04,5.388146,6569.43,35397.05
43277,L27,10582,A16,B27,C35,PCS,506,7.63,D,C04,5.388146,3860.78,20802.45
43277,L27,10582,A16,B27,C35,PCS,722,7.63,D,C04,5.388146,5508.86,29682.54
43277,L27,10582,A16,B27,C35,PCS,527,7.63,D,C04,5.388146,4021.01,21665.79
43258,L27,10603,A11,B21,C33,PCS,584,4.87,C,C03,7.133317,2844.08,20287.72
43258,L27,10603,A11,B21,C33,PCS,969,4.87,C,C03,7.133317,4719.03,33662.34
43258,L27,10603,A11,B21,C33,PCS,579,4.87,C,C03,7.133317,2819.73,20114.03
43258,L27,10603,A11,B21,C33,PCS,190,4.87,C,C03,7.133317,925.3,6600.46
43258,L27,10603,A11,B21,C33,PCS,969,4.87,C,C03,7.133317,4719.03,33662.34
43258,L27,10603,A11,B21,C33,PCS,862,4.87,C,C03,7.133317,4197.94,29945.24
43258,L27,10603,A11,B21,C33,PCS,31,4.87,C,C03,7.133317,150.97,1076.92
43258,L27,10603,A11,B21,C33,PCS,967,4.87,C,C03,7.133317,4709.29,33592.86
43258,L27,10603,A11,B21,C33,PCS,420,4.87,C,C03,7.133317,2045.4,14590.49
43258,L27,10603,A11,B21,C33,PCS,430,4.87,C,C03,7.133317,2094.1,14937.88
43276,L27,10746,A11,B26,C35,PCS,340,7.74,C,C10,8.657656,2631.6,22783.49
43276,L27,10746,A11,B26,C35,PCS,795,7.74,C,C10,8.657656,6153.3,53273.15
43276,L27,10746,A11,B26,C35,PCS,174,7.74,C,C10,8.657656,1346.76,11659.78
43276,L27,10746,A11,B26,C35,PCS,772,7.74,C,C10,8.657656,5975.28,51731.92
43276,L27,10746,A11,B26,C35,PCS,23,7.74,C,C10,8.657656,178.02,1541.24
43276,L27,10746,A11,B26,C35,PCS,238,7.74,C,C10,8.657656,1842.12,15948.44
43276,L27,10746,A11,B26,C35,PCS,875,7.74,C,C10,8.657656,6772.5,58633.98
43276,L27,10746,A11,B26,C35,PCS,568,7.74,C,C10,8.657656,4396.32,38061.83
43276,L27,10746,A11,B26,C35,PCS,217,7.74,C,C10,8.657656,1679.58,14541.23
43276,L27,10746,A11,B26,C35,PCS,77,7.74,C,C10,8.657656,595.98,5159.79
43267,L27,10855,A17,B21,C30,PCS,736,6.38,D,C09,1.199464,4695.68,5632.3
43267,L27,10855,A17,B21,C30,PCS,491,6.38,D,C09,1.199464,3132.58,3757.42
43267,L27,10855,A17,B21,C30,PCS,806,6.38,D,C09,1.199464,5142.28,6167.98
43267,L27,10855,A17,B21,C30,PCS,493,6.38,D,C09,1.199464,3145.34,3772.72
43267,L27,10855,A17,B21,C30,PCS,380,6.38,D,C09,1.199464,2424.4,2907.98
43267,L27,10855,A17,B21,C30,PCS,482,6.38,D,C09,1.199464,3075.16,3688.54
43267,L27,10855,A17,B21,C30,PCS,578,6.38,D,C09,1.199464,3687.64,4423.19
43267,L27,10855,A17,B21,C30,PCS,756,6.38,D,C09,1.199464,4823.28,5785.35
43267,L27,10855,A17,B21,C30,PCS,270,6.38,D,C09,1.199464,1722.6,2066.2
43267,L27,10855,A17,B21,C30,PCS,832,6.38,D,C09,1.199464,5308.16,6366.95
43259,L27,10981,A17,B27,C35,PCS,161,3.86,C,C05,3.40242,621.46,2114.47
43259,L27,10981,A17,B27,C35,PCS,460,3.86,C,C05,3.40242,1775.6,6041.34
43259,L27,10981,A17,B27,C35,PCS,828,3.86,C,C05,3.40242,3196.08,10874.41
43259,L27,10981,A17,B27,C35,PCS,544,3.86,C,C05,3.40242,2099.84,7144.54
43259,L27,10981,A17,B27,C35,PCS,842,3.86,C,C05,3.40242,3250.12,11058.27
43259,L27,10981,A17,B27,C35,PCS,381,3.86,C,C05,3.40242,1470.66,5003.8
43259,L27,10981,A17,B27,C35,PCS,444,3.86,C,C05,3.40242,1713.84,5831.2
43259,L27,10981,A17,B27,C35,PCS,32,3.86,C,C05,3.40242,123.52,420.27
43259,L27,10981,A17,B27,C35,PCS,174,3.86,C,C05,3.40242,671.64,2285.2
43259,L27,10981,A17,B27,C35,PCS,115,3.86,C,C05,3.40242,443.9,1510.33
43261,L27,10983,A17,B20,C38,PCS,895,3.63,D,C04,5.388146,3248.85,17505.28
43261,L27,10983,A17,B20,C38,PCS,71,3.63,D,C04,5.388146,257.73,1388.69
43261,L27,10983,A17,B20,C38,PCS,999,3.63,D,C04,5.388146,3626.37,19539.41
43261,L27,10983,A17,B20,C38,PCS,530,3.63,D,C04,5.388146,1923.9,10366.25
43261,L27,10983,A17,B20,C38,PCS,615,3.63,D,C04,5.388146,2232.45,12028.77
43261,L27,10983,A17,B20,C38,PCS,666,3.63,D,C04,5.388146,2417.58,13026.27
43261,L27,10983,A17,B20,C38,PCS,280,3.63,D,C04,5.388146,1016.4,5476.51
43261,L27,10983,A17,B20,C38,PCS,15,3.63,D,C04,5.388146,54.45,293.38
43261,L27,10983,A17,B20,C38,PCS,322,3.63,D,C04,5.388146,1168.86,6297.99
43261,L27,10983,A17,B20,C38,PCS,885,3.63,D,C04,5.388146,3212.55,17309.69
43273,L27,11012,A13,B30,C35,PCS,653,6.9,C,C04,5.388146,4505.7,24277.37
43273,L27,11012,A13,B30,C35,PCS,85,6.9,C,C04,5.388146,586.5,3160.15
43273,L27,11012,A13,B30,C35,PCS,547,6.9,C,C04,5.388146,3774.3,20336.48
43273,L27,11012,A13,B30,C35,PCS,608,6.9,C,C04,5.388146,4195.2,22604.35
43273,L27,11012,A13,B30,C35,PCS,793,6.9,C,C04,5.388146,5471.7,29482.32
43273,L27,11012,A13,B30,C35,PCS,781,6.9,C,C04,5.388146,5388.9,29036.18
43273,L27,11012,A13,B30,C35,PCS,749,6.9,C,C04,5.388146,5168.1,27846.48
43273,L27,11012,A13,B30,C35,PCS,788,6.9,C,C04,5.388146,5437.2,29296.43
43273,L27,11012,A13,B30,C35,PCS,364,6.9,C,C04,5.388146,2511.6,13532.87
43273,L27,11012,A13,B30,C35,PCS,171,6.9,C,C04,5.388146,1179.9,6357.47
43268,L27,11039,A16,B25,C30,PCS,803,9.37,D,C03,7.133317,7524.11,53671.86
43268,L27,11039,A16,B25,C30,PCS,327,9.37,D,C03,7.133317,3063.99,21856.41
43268,L27,11039,A16,B25,C30,PCS,562,9.37,D,C03,7.133317,5265.94,37563.62
43268,L27,11039,A16,B25,C30,PCS,395,9.37,D,C03,7.133317,3701.15,26401.48
43268,L27,11039,A16,B25,C30,PCS,160,9.37,D,C03,7.133317,1499.2,10694.27
43268,L27,11039,A16,B25,C30,PCS,904,9.37,D,C03,7.133317,8470.48,60422.62
43268,L27,11039,A16,B25,C30,PCS,629,9.37,D,C03,7.133317,5893.73,42041.84
43268,L27,11039,A16,B25,C30,PCS,712,9.37,D,C03,7.133317,6671.44,47589.5
43268,L27,11039,A16,B25,C30,PCS,4,9.37,D,C03,7.133317,37.48,267.36
43268,L27,11039,A16,B25,C30,PCS,449,9.37,D,C03,7.133317,4207.13,30010.79
43266,L27,11070,A13,B22,C39,PCS,242,9.33,D,C08,1.496196,2257.86,3378.2
43266,L27,11070,A13,B22,C39,PCS,235,9.33,D,C08,1.496196,2192.55,3280.48
43266,L27,11070,A13,B22,C39,PCS,965,9.33,D,C08,1.496196,9003.45,13470.93
43266,L27,11070,A13,B22,C39,PCS,402,9.33,D,C08,1.496196,3750.66,5611.72
43266,L27,11070,A13,B22,C39,PCS,358,9.33,D,C08,1.496196,3340.14,4997.5
43266,L27,11070,A13,B22,C39,PCS,56,9.33,D,C08,1.496196,522.48,781.73
43266,L27,11070,A13,B22,C39,PCS,806,9.33,D,C08,1.496196,7519.98,11251.36
43266,L27,11070,A13,B22,C39,PCS,112,9.33,D,C08,1.496196,1044.96,1563.46
43266,L27,11070,A13,B22,C39,PCS,398,9.33,D,C08,1.496196,3713.34,5555.88
43266,L27,11070,A13,B22,C39,PCS,258,9.33,D,C08,1.496196,2407.14,3601.55
43269,L27,11101,A16,B22,C39,PCS,569,7.74,D,C01,6.825646,4404.06,30060.55
43269,L27,11101,A16,B22,C39,PCS,560,7.74,D,C01,6.825646,4334.4,29585.08
43269,L27,11101,A16,B22,C39,PCS,819,7.74,D,C01,6.825646,6339.06,43268.18
43269,L27,11101,A16,B22,C39,PCS,353,7.74,D,C01,6.825646,2732.22,18649.17
43269,L27,11101,A16,B22,C39,PCS,684,7.74,D,C01,6.825646,5294.16,36136.06
43269,L27,11101,A16,B22,C39,PCS,17,7.74,D,C01,6.825646,131.58,898.12
43269,L27,11101,A16,B22,C39,PCS,859,7.74,D,C01,6.825646,6648.66,45381.4
43269,L27,11101,A16,B22,C39,PCS,260,7.74,D,C01,6.825646,2012.4,13735.93
43269,L27,11101,A16,B22,C39,PCS,196,7.74,D,C01,6.825646,1517.04,10354.78
43269,L27,11101,A16,B22,C39,PCS,367,7.74,D,C01,6.825646,2840.58,19388.79
43268,L27,11125,A14,B27,C30,PCS,611,3.93,C,C04,5.388146,2401.23,12938.18
43268,L27,11125,A14,B27,C30,PCS,85,3.93,C,C04,5.388146,334.05,1799.91
43268,L27,11125,A14,B27,C30,PCS,35,3.93,C,C04,5.388146,137.55,741.14
43268,L27,11125,A14,B27,C30,PCS,175,3.93,C,C04,5.388146,687.75,3705.7
43268,L27,11125,A14,B27,C30,PCS,528,3.93,C,C04,5.388146,2075.04,11180.62
43268,L27,11125,A14,B27,C30,PCS,881,3.93,C,C04,5.388146,3462.33,18655.54
43268,L27,11125,A14,B27,C30,PCS,130,3.93,C,C04,5.388146,510.9,2752.8
43268,L27,11125,A14,B27,C30,PCS,326,3.93,C,C04,5.388146,1281.18,6903.18
43268,L27,11125,A14,B27,C30,PCS,758,3.93,C,C04,5.388146,2978.94,16050.96
43268,L27,11125,A14,B27,C30,PCS,684,3.93,C,C04,5.388146,2688.12,14483.98
43259,L27,11175,A15,B24,C30,PCS,499,5.79,C,C10,8.657656,2889.21,25013.79
43259,L27,11175,A15,B24,C30,PCS,365,5.79,C,C10,8.657656,2113.35,18296.66
43259,L27,11175,A15,B24,C30,PCS,675,5.79,C,C10,8.657656,3908.25,33836.28
43259,L27,11175,A15,B24,C30,PCS,971,5.79,C,C10,8.657656,5622.09,48674.12
43259,L27,11175,A15,B24,C30,PCS,920,5.79,C,C10,8.657656,5326.8,46117.6
43259,L27,11175,A15,B24,C30,PCS,680,5.79,C,C10,8.657656,3937.2,34086.92
43259,L27,11175,A15,B24,C30,PCS,703,5.79,C,C10,8.657656,4070.37,35239.86
43259,L27,11175,A15,B24,C30,PCS,557,5.79,C,C10,8.657656,3225.03,27921.2
43259,L27,11175,A15,B24,C30,PCS,64,5.79,C,C10,8.657656,370.56,3208.18
43259,L27,11175,A15,B24,C30,PCS,64,5.79,C,C10,8.657656,370.56,3208.18
43281,L27,11382,A15,B22,C37,PCS,679,5.81,C,C07,1.358577,3944.99,5359.57
43281,L27,11382,A15,B22,C37,PCS,307,5.81,C,C07,1.358577,1783.67,2423.25
43281,L27,11382,A15,B22,C37,PCS,541,5.81,C,C07,1.358577,3143.21,4270.29
43281,L27,11382,A15,B22,C37,PCS,313,5.81,C,C07,1.358577,1818.53,2470.61
43281,L27,11382,A15,B22,C37,PCS,745,5.81,C,C07,1.358577,4328.45,5880.53
43281,L27,11382,A15,B22,C37,PCS,383,5.81,C,C07,1.358577,2225.23,3023.15
43281,L27,11382,A15,B22,C37,PCS,31,5.81,C,C07,1.358577,180.11,244.69
43281,L27,11382,A15,B22,C37,PCS,449,5.81,C,C07,1.358577,2608.69,3544.11
43281,L27,11382,A15,B22,C37,PCS,300,5.81,C,C07,1.358577,1743,2368
43281,L27,11382,A15,B22,C37,PCS,607,5.81,C,C07,1.358577,3526.67,4791.25
43259,L27,11388,A12,B23,C31,PCS,389,1.55,D,C04,5.388146,602.95,3248.78
43259,L27,11388,A12,B23,C31,PCS,602,1.55,D,C04,5.388146,933.1,5027.68
43259,L27,11388,A12,B23,C31,PCS,514,1.55,D,C04,5.388146,796.7,4292.74
43259,L27,11388,A12,B23,C31,PCS,365,1.55,D,C04,5.388146,565.75,3048.34
43259,L27,11388,A12,B23,C31,PCS,751,1.55,D,C04,5.388146,1164.05,6272.07
43259,L27,11388,A12,B23,C31,PCS,985,1.55,D,C04,5.388146,1526.75,8226.35
43259,L27,11388,A12,B23,C31,PCS,729,1.55,D,C04,5.388146,1129.95,6088.34
43259,L27,11388,A12,B23,C31,PCS,266,1.55,D,C04,5.388146,412.3,2221.53
43259,L27,11388,A12,B23,C31,PCS,946,1.55,D,C04,5.388146,1466.3,7900.64
43259,L27,11388,A12,B23,C31,PCS,523,1.55,D,C04,5.388146,810.65,4367.9
43255,L27,11714,A11,B28,C38,PCS,520,2.95,C,C09,1.199464,1534,1839.98
43255,L27,11714,A11,B28,C38,PCS,916,2.95,C,C09,1.199464,2702.2,3241.19
43255,L27,11714,A11,B28,C38,PCS,302,2.95,C,C09,1.199464,890.9,1068.6
43255,L27,11714,A11,B28,C38,PCS,768,2.95,C,C09,1.199464,2265.6,2717.51
43255,L27,11714,A11,B28,C38,PCS,181,2.95,C,C09,1.199464,533.95,640.45
43255,L27,11714,A11,B28,C38,PCS,797,2.95,C,C09,1.199464,2351.15,2820.12
43255,L27,11714,A11,B28,C38,PCS,202,2.95,C,C09,1.199464,595.9,714.76
43255,L27,11714,A11,B28,C38,PCS,914,2.95,C,C09,1.199464,2696.3,3234.11
43255,L27,11714,A11,B28,C38,PCS,249,2.95,C,C09,1.199464,734.55,881.07
43255,L27,11714,A11,B28,C38,PCS,276,2.95,C,C09,1.199464,814.2,976.6
43260,L27,11767,A10,B28,C35,PCS,49,9.43,D,C05,3.40242,462.07,1572.16
43260,L27,11767,A10,B28,C35,PCS,366,9.43,D,C05,3.40242,3451.38,11743.04
43260,L27,11767,A10,B28,C35,PCS,465,9.43,D,C05,3.40242,4384.95,14919.44
43260,L27,11767,A10,B28,C35,PCS,393,9.43,D,C05,3.40242,3705.99,12609.33
43260,L27,11767,A10,B28,C35,PCS,994,9.43,D,C05,3.40242,9373.42,31892.31
43260,L27,11767,A10,B28,C35,PCS,286,9.43,D,C05,3.40242,2696.98,9176.26
43260,L27,11767,A10,B28,C35,PCS,372,9.43,D,C05,3.40242,3507.96,11935.55
43260,L27,11767,A10,B28,C35,PCS,648,9.43,D,C05,3.40242,6110.64,20790.96
43260,L27,11767,A10,B28,C35,PCS,944,9.43,D,C05,3.40242,8901.92,30288.07
43260,L27,11767,A10,B28,C35,PCS,696,9.43,D,C05,3.40242,6563.28,22331.04
43271,L27,11768,A18,B29,C33,PCS,955,4.09,C,C05,3.40242,3905.95,13289.68
43271,L27,11768,A18,B29,C33,PCS,778,4.09,C,C05,3.40242,3182.02,10826.57
43271,L27,11768,A18,B29,C33,PCS,324,4.09,C,C05,3.40242,1325.16,4508.75
43271,L27,11768,A18,B29,C33,PCS,688,4.09,C,C05,3.40242,2813.92,9574.14
43271,L27,11768,A18,B29,C33,PCS,273,4.09,C,C05,3.40242,1116.57,3799.04
43271,L27,11768,A18,B29,C33,PCS,703,4.09,C,C05,3.40242,2875.27,9782.88
43271,L27,11768,A18,B29,C33,PCS,112,4.09,C,C05,3.40242,458.08,1558.58
43271,L27,11768,A18,B29,C33,PCS,797,4.09,C,C05,3.40242,3259.73,11090.97
43271,L27,11768,A18,B29,C33,PCS,967,4.09,C,C05,3.40242,3955.03,13456.67
43271,L27,11768,A18,B29,C33,PCS,255,4.09,C,C05,3.40242,1042.95,3548.55
43258,L27,11838,A13,B26,C30,PCS,934,3.6,C,C08,1.496196,3362.4,5030.81
43258,L27,11838,A13,B26,C30,PCS,587,3.6,C,C08,1.496196,2113.2,3161.76
43258,L27,11838,A13,B26,C30,PCS,108,3.6,C,C08,1.496196,388.8,581.72
43258,L27,11838,A13,B26,C30,PCS,584,3.6,C,C08,1.496196,2102.4,3145.6
43258,L27,11838,A13,B26,C30,PCS,113,3.6,C,C08,1.496196,406.8,608.65
43258,L27,11838,A13,B26,C30,PCS,292,3.6,C,C08,1.496196,1051.2,1572.8
43258,L27,11838,A13,B26,C30,PCS,459,3.6,C,C08,1.496196,1652.4,2472.31
43258,L27,11838,A13,B26,C30,PCS,699,3.6,C,C08,1.496196,2516.4,3765.03
43258,L27,11838,A13,B26,C30,PCS,626,3.6,C,C08,1.496196,2253.6,3371.83
43258,L27,11838,A13,B26,C30,PCS,32,3.6,C,C08,1.496196,115.2,172.36
43254,L27,11921,A17,B20,C30,PCS,654,8.23,D,C08,1.496196,5382.42,8053.16
43254,L27,11921,A17,B20,C30,PCS,372,8.23,D,C08,1.496196,3061.56,4580.69
43254,L27,11921,A17,B20,C30,PCS,614,8.23,D,C08,1.496196,5053.22,7560.61
43254,L27,11921,A17,B20,C30,PCS,350,8.23,D,C08,1.496196,2880.5,4309.79
43254,L27,11921,A17,B20,C30,PCS,65,8.23,D,C08,1.496196,534.95,800.39
43254,L27,11921,A17,B20,C30,PCS,920,8.23,D,C08,1.496196,7571.6,11328.6
43254,L27,11921,A17,B20,C30,PCS,157,8.23,D,C08,1.496196,1292.11,1933.25
43254,L27,11921,A17,B20,C30,PCS,114,8.23,D,C08,1.496196,938.22,1403.76
43254,L27,11921,A17,B20,C30,PCS,616,8.23,D,C08,1.496196,5069.68,7585.23
43254,L27,11921,A17,B20,C30,PCS,262,8.23,D,C08,1.496196,2156.26,3226.19
43259,L27,11927,A20,B28,C33,PCS,674,8.82,C,C09,1.199464,5944.68,7130.43
43259,L27,11927,A20,B28,C33,PCS,270,8.82,C,C09,1.199464,2381.4,2856.4
43259,L27,11927,A20,B28,C33,PCS,442,8.82,C,C09,1.199464,3898.44,4676.04
43259,L27,11927,A20,B28,C33,PCS,114,8.82,C,C09,1.199464,1005.48,1206.04
43259,L27,11927,A20,B28,C33,PCS,460,8.82,C,C09,1.199464,4057.2,4866.47
43259,L27,11927,A20,B28,C33,PCS,969,8.82,C,C09,1.199464,8546.58,10251.32
43259,L27,11927,A20,B28,C33,PCS,827,8.82,C,C09,1.199464,7294.14,8749.06
43259,L27,11927,A20,B28,C33,PCS,625,8.82,C,C09,1.199464,5512.5,6612.05
43259,L27,11927,A20,B28,C33,PCS,994,8.82,C,C09,1.199464,8767.08,10515.8
43259,L27,11927,A20,B28,C33,PCS,630,8.82,C,C09,1.199464,5556.6,6664.94
43269,L27,11932,A18,B28,C40,PCS,823,7.43,D,C07,1.358577,6114.89,8307.55
43269,L27,11932,A18,B28,C40,PCS,371,7.43,D,C07,1.358577,2756.53,3744.96
43269,L27,11932,A18,B28,C40,PCS,640,7.43,D,C07,1.358577,4755.2,6460.31
43269,L27,11932,A18,B28,C40,PCS,841,7.43,D,C07,1.358577,6248.63,8489.24
43269,L27,11932,A18,B28,C40,PCS,572,7.43,D,C07,1.358577,4249.96,5773.9
43269,L27,11932,A18,B28,C40,PCS,329,7.43,D,C07,1.358577,2444.47,3321
43269,L27,11932,A18,B28,C40,PCS,795,7.43,D,C07,1.358577,5906.85,8024.91
43269,L27,11932,A18,B28,C40,PCS,417,7.43,D,C07,1.358577,3098.31,4209.29
43269,L27,11932,A18,B28,C40,PCS,850,7.43,D,C07,1.358577,6315.5,8580.09
43269,L27,11932,A18,B28,C40,PCS,385,7.43,D,C07,1.358577,2860.55,3886.28
43256,L27,11970,A17,B24,C33,PCS,571,7.92,C,C04,5.388146,4522.32,24366.92
43256,L27,11970,A17,B24,C33,PCS,380,7.92,C,C04,5.388146,3009.6,16216.16
43256,L27,11970,A17,B24,C33,PCS,615,7.92,C,C04,5.388146,4870.8,26244.58
43256,L27,11970,A17,B24,C33,PCS,614,7.92,C,C04,5.388146,4862.88,26201.91
43256,L27,11970,A17,B24,C33,PCS,319,7.92,C,C04,5.388146,2526.48,13613.04
43256,L27,11970,A17,B24,C33,PCS,998,7.92,C,C04,5.388146,7904.16,42588.77
43256,L27,11970,A17,B24,C33,PCS,661,7.92,C,C04,5.388146,5235.12,28207.59
43256,L27,11970,A17,B24,C33,PCS,503,7.92,C,C04,5.388146,3983.76,21465.08
43256,L27,11970,A17,B24,C33,PCS,647,7.92,C,C04,5.388146,5124.24,27610.15
43256,L27,11970,A17,B24,C33,PCS,475,7.92,C,C04,5.388146,3762,20270.21
43274,L27,12012,A10,B21,C33,PCS,827,7.84,C,C04,5.388146,6483.68,34935.01
43274,L27,12012,A10,B21,C33,PCS,391,7.84,C,C04,5.388146,3065.44,16517.04
43274,L27,12012,A10,B21,C33,PCS,894,7.84,C,C04,5.388146,7008.96,37765.3
43274,L27,12012,A10,B21,C33,PCS,234,7.84,C,C04,5.388146,1834.56,9884.88
43274,L27,12012,A10,B21,C33,PCS,442,7.84,C,C04,5.388146,3465.28,18671.43
43274,L27,12012,A10,B21,C33,PCS,743,7.84,C,C04,5.388146,5825.12,31386.6
43274,L27,12012,A10,B21,C33,PCS,826,7.84,C,C04,5.388146,6475.84,34892.77
43274,L27,12012,A10,B21,C33,PCS,824,7.84,C,C04,5.388146,6460.16,34808.29
43274,L27,12012,A10,B21,C33,PCS,639,7.84,C,C04,5.388146,5009.76,26993.32
43274,L27,12012,A10,B21,C33,PCS,20,7.84,C,C04,5.388146,156.8,844.86
43280,L27,12183,A17,B23,C36,PCS,428,2.5,D,C04,5.388146,1070,5765.32
43280,L27,12183,A17,B23,C36,PCS,260,2.5,D,C04,5.388146,650,3502.29
43280,L27,12183,A17,B23,C36,PCS,326,2.5,D,C04,5.388146,815,4391.34
43280,L27,12183,A17,B23,C36,PCS,122,2.5,D,C04,5.388146,305,1643.38
43280,L27,12183,A17,B23,C36,PCS,331,2.5,D,C04,5.388146,827.5,4458.69
43280,L27,12183,A17,B23,C36,PCS,901,2.5,D,C04,5.388146,2252.5,12136.8
43280,L27,12183,A17,B23,C36,PCS,960,2.5,D,C04,5.388146,2400,12931.55
43280,L27,12183,A17,B23,C36,PCS,101,2.5,D,C04,5.388146,252.5,1360.51
43280,L27,12183,A17,B23,C36,PCS,652,2.5,D,C04,5.388146,1630,8782.68
43280,L27,12183,A17,B23,C36,PCS,74,2.5,D,C04,5.388146,185,996.81
43273,L27,12200,A15,B27,C31,PCS,29,1.95,D,C08,1.496196,56.55,84.61
43273,L27,12200,A15,B27,C31,PCS,535,1.95,D,C08,1.496196,1043.25,1560.91
43273,L27,12200,A15,B27,C31,PCS,222,1.95,D,C08,1.496196,432.9,647.7
43273,L27,12200,A15,B27,C31,PCS,224,1.95,D,C08,1.496196,436.8,653.54
43273,L27,12200,A15,B27,C31,PCS,701,1.95,D,C08,1.496196,1366.95,2045.23
43273,L27,12200,A15,B27,C31,PCS,141,1.95,D,C08,1.496196,274.95,411.38
43273,L27,12200,A15,B27,C31,PCS,937,1.95,D,C08,1.496196,1827.15,2733.77
43273,L27,12200,A15,B27,C31,PCS,812,1.95,D,C08,1.496196,1583.4,2369.08
43273,L27,12200,A15,B27,C31,PCS,159,1.95,D,C08,1.496196,310.05,463.9
43273,L27,12200,A15,B27,C31,PCS,157,1.95,D,C08,1.496196,306.15,458.06
43281,L27,12205,A18,B23,C34,PCS,276,3.05,C,C09,1.199464,841.8,1009.71
43281,L27,12205,A18,B23,C34,PCS,895,3.05,C,C09,1.199464,2729.75,3274.24
43281,L27,12205,A18,B23,C34,PCS,284,3.05,C,C09,1.199464,866.2,1038.98
43281,L27,12205,A18,B23,C34,PCS,686,3.05,C,C09,1.199464,2092.3,2509.64
43281,L27,12205,A18,B23,C34,PCS,505,3.05,C,C09,1.199464,1540.25,1847.47
43281,L27,12205,A18,B23,C34,PCS,717,3.05,C,C09,1.199464,2186.85,2623.05
43281,L27,12205,A18,B23,C34,PCS,473,3.05,C,C09,1.199464,1442.65,1730.41
43281,L27,12205,A18,B23,C34,PCS,6,3.05,C,C09,1.199464,18.3,21.95
43281,L27,12205,A18,B23,C34,PCS,395,3.05,C,C09,1.199464,1204.75,1445.05
43281,L27,12205,A18,B23,C34,PCS,579,3.05,C,C09,1.199464,1765.95,2118.19
43281,L27,12746,A14,B28,C33,PCS,388,9.12,D,C02,9.912483,3538.56,35075.92
43281,L27,12746,A14,B28,C33,PCS,836,9.12,D,C02,9.912483,7624.32,75575.94
43281,L27,12746,A14,B28,C33,PCS,91,9.12,D,C02,9.912483,829.92,8226.57
43281,L27,12746,A14,B28,C33,PCS,581,9.12,D,C02,9.912483,5298.72,52523.47
43281,L27,12746,A14,B28,C33,PCS,884,9.12,D,C02,9.912483,8062.08,79915.23
43281,L27,12746,A14,B28,C33,PCS,530,9.12,D,C02,9.912483,4833.6,47912.98
43281,L27,12746,A14,B28,C33,PCS,670,9.12,D,C02,9.912483,6110.4,60569.24
43281,L27,12746,A14,B28,C33,PCS,679,9.12,D,C02,9.912483,6192.48,61382.85
43281,L27,12746,A14,B28,C33,PCS,789,9.12,D,C02,9.912483,7195.68,71327.06
43281,L27,12746,A14,B28,C33,PCS,782,9.12,D,C02,9.912483,7131.84,70694.24
43258,L27,13262,A15,B21,C40,PCS,926,1.74,D,C03,7.133317,1611.24,11493.49
43258,L27,13262,A15,B21,C40,PCS,883,1.74,D,C03,7.133317,1536.42,10959.77
43258,L27,13262,A15,B21,C40,PCS,129,1.74,D,C03,7.133317,224.46,1601.14
43258,L27,13262,A15,B21,C40,PCS,441,1.74,D,C03,7.133317,767.34,5473.68
43258,L27,13262,A15,B21,C40,PCS,249,1.74,D,C03,7.133317,433.26,3090.58
43258,L27,13262,A15,B21,C40,PCS,936,1.74,D,C03,7.133317,1628.64,11617.61
43258,L27,13262,A15,B21,C40,PCS,567,1.74,D,C03,7.133317,986.58,7037.59
43258,L27,13262,A15,B21,C40,PCS,459,1.74,D,C03,7.133317,798.66,5697.09
43258,L27,13262,A15,B21,C40,PCS,237,1.74,D,C03,7.133317,412.38,2941.64
43258,L27,13262,A15,B21,C40,PCS,739,1.74,D,C03,7.133317,1285.86,9172.45
43277,L27,13648,A10,B28,C38,PCS,384,7.63,C,C04,5.388146,2929.92,15786.84
43277,L27,13648,A10,B28,C38,PCS,448,7.63,C,C04,5.388146,3418.24,18417.98
43277,L27,13648,A10,B28,C38,PCS,311,7.63,C,C04,5.388146,2372.93,12785.69
43277,L27,13648,A10,B28,C38,PCS,282,7.63,C,C04,5.388146,2151.66,11593.46
43277,L27,13648,A10,B28,C38,PCS,508,7.63,C,C04,5.388146,3876.04,20884.67
43277,L27,13648,A10,B28,C38,PCS,551,7.63,C,C04,5.388146,4204.13,22652.47
43277,L27,13648,A10,B28,C38,PCS,260,7.63,C,C04,5.388146,1983.8,10689
43277,L27,13648,A10,B28,C38,PCS,953,7.63,C,C04,5.388146,7271.39,39179.31
43277,L27,13648,A10,B28,C38,PCS,922,7.63,C,C04,5.388146,7034.86,37904.85
43277,L27,13648,A10,B28,C38,PCS,743,7.63,C,C04,5.388146,5669.09,30545.88
43274,L27,13649,A13,B27,C34,PCS,206,4.03,C,C02,9.912483,830.18,8229.15
43274,L27,13649,A13,B27,C34,PCS,893,4.03,C,C02,9.912483,3598.79,35672.94
43274,L27,13649,A13,B27,C34,PCS,595,4.03,C,C02,9.912483,2397.85,23768.65
43274,L27,13649,A13,B27,C34,PCS,149,4.03,C,C02,9.912483,600.47,5952.15
43274,L27,13649,A13,B27,C34,PCS,974,4.03,C,C02,9.912483,3925.22,38908.68
43274,L27,13649,A13,B27,C34,PCS,789,4.03,C,C02,9.912483,3179.67,31518.42
43274,L27,13649,A13,B27,C34,PCS,365,4.03,C,C02,9.912483,1470.95,14580.77
43274,L27,13649,A13,B27,C34,PCS,418,4.03,C,C02,9.912483,1684.54,16697.97
43274,L27,13649,A13,B27,C34,PCS,147,4.03,C,C02,9.912483,592.41,5872.25
43274,L27,13649,A13,B27,C34,PCS,547,4.03,C,C02,9.912483,2204.41,21851.18
43277,L27,13710,A20,B23,C32,PCS,970,7.32,C,C04,5.388146,7100.4,38257.99
43277,L27,13710,A20,B23,C32,PCS,32,7.32,C,C04,5.388146,234.24,1262.12
43277,L27,13710,A20,B23,C32,PCS,218,7.32,C,C04,5.388146,1595.76,8598.19
43277,L27,13710,A20,B23,C32,PCS,701,7.32,C,C04,5.388146,5131.32,27648.3
43277,L27,13710,A20,B23,C32,PCS,824,7.32,C,C04,5.388146,6031.68,32499.57
43277,L27,13710,A20,B23,C32,PCS,214,7.32,C,C04,5.388146,1566.48,8440.42
43277,L27,13710,A20,B23,C32,PCS,740,7.32,C,C04,5.388146,5416.8,29186.51
43277,L27,13710,A20,B23,C32,PCS,61,7.32,C,C04,5.388146,446.52,2405.91
43277,L27,13710,A20,B23,C32,PCS,892,7.32,C,C04,5.388146,6529.44,35181.58
43277,L27,13710,A20,B23,C32,PCS,169,7.32,C,C04,5.388146,1237.08,6665.57
43259,L27,13865,A14,B25,C31,PCS,673,5.79,D,C10,8.657656,3896.67,33736.03
43259,L27,13865,A14,B25,C31,PCS,175,5.79,D,C10,8.657656,1013.25,8772.37
43259,L27,13865,A14,B25,C31,PCS,108,5.79,D,C10,8.657656,625.32,5413.81
43259,L27,13865,A14,B25,C31,PCS,784,5.79,D,C10,8.657656,4539.36,39300.22
43259,L27,13865,A14,B25,C31,PCS,758,5.79,D,C10,8.657656,4388.82,37996.89
43259,L27,13865,A14,B25,C31,PCS,753,5.79,D,C10,8.657656,4359.87,37746.25
43259,L27,13865,A14,B25,C31,PCS,795,5.79,D,C10,8.657656,4603.05,39851.62
43259,L27,13865,A14,B25,C31,PCS,164,5.79,D,C10,8.657656,949.56,8220.96
43259,L27,13865,A14,B25,C31,PCS,374,5.79,D,C10,8.657656,2165.46,18747.81
43259,L27,13865,A14,B25,C31,PCS,105,5.79,D,C10,8.657656,607.95,5263.42
43255,L27,14017,A13,B24,C30,PCS,456,5.95,C,C01,6.825646,2713.2,18519.34
43255,L27,14017,A13,B24,C30,PCS,248,5.95,C,C01,6.825646,1475.6,10071.92
43255,L27,14017,A13,B24,C30,PCS,747,5.95,C,C01,6.825646,4444.65,30337.61
43255,L27,14017,A13,B24,C30,PCS,655,5.95,C,C01,6.825646,3897.25,26601.25
43255,L27,14017,A13,B24,C30,PCS,437,5.95,C,C01,6.825646,2600.15,17747.7
43255,L27,14017,A13,B24,C30,PCS,92,5.95,C,C01,6.825646,547.4,3736.36
43255,L27,14017,A13,B24,C30,PCS,319,5.95,C,C01,6.825646,1898.05,12955.42
43255,L27,14017,A13,B24,C30,PCS,934,5.95,C,C01,6.825646,5557.3,37932.16
43255,L27,14017,A13,B24,C30,PCS,49,5.95,C,C01,6.825646,291.55,1990.02
43255,L27,14017,A13,B24,C30,PCS,68,5.95,C,C01,6.825646,404.6,2761.66
43275,L27,14148,A13,B28,C40,PCS,765,5.91,C,C01,6.825646,4521.15,30859.77
43275,L27,14148,A13,B28,C40,PCS,334,5.91,C,C01,6.825646,1973.94,13473.42
43275,L27,14148,A13,B28,C40,PCS,590,5.91,C,C01,6.825646,3486.9,23800.35
43275,L27,14148,A13,B28,C40,PCS,181,5.91,C,C01,6.825646,1069.71,7301.46
43275,L27,14148,A13,B28,C40,PCS,9,5.91,C,C01,6.825646,53.19,363.06
43275,L27,14148,A13,B28,C40,PCS,14,5.91,C,C01,6.825646,82.74,564.75
43275,L27,14148,A13,B28,C40,PCS,455,5.91,C,C01,6.825646,2689.05,18354.5
43275,L27,14148,A13,B28,C40,PCS,225,5.91,C,C01,6.825646,1329.75,9076.4
43275,L27,14148,A13,B28,C40,PCS,267,5.91,C,C01,6.825646,1577.97,10770.66
43275,L27,14148,A13,B28,C40,PCS,540,5.91,C,C01,6.825646,3191.4,21783.37
43255,L27,14390,A12,B24,C32,PCS,13,5.14,D,C07,1.358577,66.82,90.78
43255,L27,14390,A12,B24,C32,PCS,519,5.14,D,C07,1.358577,2667.66,3624.22
43255,L27,14390,A12,B24,C32,PCS,838,5.14,D,C07,1.358577,4307.32,5851.83
43255,L27,14390,A12,B24,C32,PCS,204,5.14,D,C07,1.358577,1048.56,1424.55
43255,L27,14390,A12,B24,C32,PCS,187,5.14,D,C07,1.358577,961.18,1305.84
43255,L27,14390,A12,B24,C32,PCS,526,5.14,D,C07,1.358577,2703.64,3673.1
43255,L27,14390,A12,B24,C32,PCS,806,5.14,D,C07,1.358577,4142.84,5628.37
43255,L27,14390,A12,B24,C32,PCS,728,5.14,D,C07,1.358577,3741.92,5083.69
43255,L27,14390,A12,B24,C32,PCS,859,5.14,D,C07,1.358577,4415.26,5998.47
43255,L27,14390,A12,B24,C32,PCS,968,5.14,D,C07,1.358577,4975.52,6759.63
43264,L27,14724,A19,B28,C38,PCS,362,3.54,D,C07,1.358577,1281.48,1740.99
43264,L27,14724,A19,B28,C38,PCS,407,3.54,D,C07,1.358577,1440.78,1957.41
43264,L27,14724,A19,B28,C38,PCS,959,3.54,D,C07,1.358577,3394.86,4612.18
43264,L27,14724,A19,B28,C38,PCS,156,3.54,D,C07,1.358577,552.24,750.26
43264,L27,14724,A19,B28,C38,PCS,66,3.54,D,C07,1.358577,233.64,317.42
43264,L27,14724,A19,B28,C38,PCS,723,3.54,D,C07,1.358577,2559.42,3477.17
43264,L27,14724,A19,B28,C38,PCS,123,3.54,D,C07,1.358577,435.42,591.55
43264,L27,14724,A19,B28,C38,PCS,557,3.54,D,C07,1.358577,1971.78,2678.81
43264,L27,14724,A19,B28,C38,PCS,378,3.54,D,C07,1.358577,1338.12,1817.94
43264,L27,14724,A19,B28,C38,PCS,451,3.54,D,C07,1.358577,1596.54,2169.02
43281,L27,14753,A20,B30,C34,PCS,551,9.12,C,C02,9.912483,5025.12,49811.42
43281,L27,14753,A20,B30,C34,PCS,170,9.12,C,C02,9.912483,1550.4,15368.31
43281,L27,14753,A20,B30,C34,PCS,452,9.12,C,C02,9.912483,4122.24,40861.63
43281,L27,14753,A20,B30,C34,PCS,316,9.12,C,C02,9.912483,2881.92,28566.98
43281,L27,14753,A20,B30,C34,PCS,267,9.12,C,C02,9.912483,2435.04,24137.29
43281,L27,14753,A20,B30,C34,PCS,194,9.12,C,C02,9.912483,1769.28,17537.96
43281,L27,14753,A20,B30,C34,PCS,543,9.12,C,C02,9.912483,4952.16,49088.2
43281,L27,14753,A20,B30,C34,PCS,639,9.12,C,C02,9.912483,5827.68,57766.78
43281,L27,14753,A20,B30,C34,PCS,490,9.12,C,C02,9.912483,4468.8,44296.9
43281,L27,14753,A20,B30,C34,PCS,388,9.12,C,C02,9.912483,3538.56,35075.92
43259,L27,14838,A17,B20,C30,PCS,520,5.76,C,C01,6.825646,2995.2,20444.17
43259,L27,14838,A17,B20,C30,PCS,540,5.76,C,C01,6.825646,3110.4,21230.49
43259,L27,14838,A17,B20,C30,PCS,34,5.76,C,C01,6.825646,195.84,1336.73
43259,L27,14838,A17,B20,C30,PCS,77,5.76,C,C01,6.825646,443.52,3027.31
43259,L27,14838,A17,B20,C30,PCS,797,5.76,C,C01,6.825646,4590.72,31334.63
43259,L27,14838,A17,B20,C30,PCS,535,5.76,C,C01,6.825646,3081.6,21033.91
43259,L27,14838,A17,B20,C30,PCS,139,5.76,C,C01,6.825646,800.64,5464.89
43259,L27,14838,A17,B20,C30,PCS,100,5.76,C,C01,6.825646,576,3931.57
43259,L27,14838,A17,B20,C30,PCS,809,5.76,C,C01,6.825646,4659.84,31806.42
43259,L27,14838,A17,B20,C30,PCS,688,5.76,C,C01,6.825646,3962.88,27049.22
43279,L27,14933,A12,B24,C38,PCS,908,2.07,D,C05,3.40242,1879.56,6395.05
43279,L27,14933,A12,B24,C38,PCS,812,2.07,D,C05,3.40242,1680.84,5718.92
43279,L27,14933,A12,B24,C38,PCS,838,2.07,D,C05,3.40242,1734.66,5902.04
43279,L27,14933,A12,B24,C38,PCS,625,2.07,D,C05,3.40242,1293.75,4401.88
43279,L27,14933,A12,B24,C38,PCS,446,2.07,D,C05,3.40242,923.22,3141.18
43279,L27,14933,A12,B24,C38,PCS,339,2.07,D,C05,3.40242,701.73,2387.58
43279,L27,14933,A12,B24,C38,PCS,880,2.07,D,C05,3.40242,1821.6,6197.85
43279,L27,14933,A12,B24,C38,PCS,501,2.07,D,C05,3.40242,1037.07,3528.55
43279,L27,14933,A12,B24,C38,PCS,172,2.07,D,C05,3.40242,356.04,1211.4
43279,L27,14933,A12,B24,C38,PCS,311,2.07,D,C05,3.40242,643.77,2190.38
43278,L27,15138,A20,B26,C38,PCS,870,4.25,C,C04,5.388146,3697.5,19922.67
43278,L27,15138,A20,B26,C38,PCS,825,4.25,C,C04,5.388146,3506.25,18892.19
43278,L27,15138,A20,B26,C38,PCS,454,4.25,C,C04,5.388146,1929.5,10396.43
43278,L27,15138,A20,B26,C38,PCS,428,4.25,C,C04,5.388146,1819,9801.04
43278,L27,15138,A20,B26,C38,PCS,778,4.25,C,C04,5.388146,3306.5,17815.9
43278,L27,15138,A20,B26,C38,PCS,955,4.25,C,C04,5.388146,4058.75,21869.14
43278,L27,15138,A20,B26,C38,PCS,420,4.25,C,C04,5.388146,1785,9617.84
43278,L27,15138,A20,B26,C38,PCS,187,4.25,C,C04,5.388146,794.75,4282.23
43278,L27,15138,A20,B26,C38,PCS,765,4.25,C,C04,5.388146,3251.25,17518.21
43278,L27,15138,A20,B26,C38,PCS,991,4.25,C,C04,5.388146,4211.75,22693.52
43271,L27,15144,A12,B21,C39,PCS,307,4.09,C,C05,3.40242,1255.63,4272.18
43271,L27,15144,A12,B21,C39,PCS,302,4.09,C,C05,3.40242,1235.18,4202.6
43271,L27,15144,A12,B21,C39,PCS,632,4.09,C,C05,3.40242,2584.88,8794.85
43271,L27,15144,A12,B21,C39,PCS,179,4.09,C,C05,3.40242,732.11,2490.95
43271,L27,15144,A12,B21,C39,PCS,134,4.09,C,C05,3.40242,548.06,1864.73
43271,L27,15144,A12,B21,C39,PCS,5,4.09,C,C05,3.40242,20.45,69.58
43271,L27,15144,A12,B21,C39,PCS,69,4.09,C,C05,3.40242,282.21,960.2
43271,L27,15144,A12,B21,C39,PCS,125,4.09,C,C05,3.40242,511.25,1739.49
43271,L27,15144,A12,B21,C39,PCS,66,4.09,C,C05,3.40242,269.94,918.45
43271,L27,15144,A12,B21,C39,PCS,319,4.09,C,C05,3.40242,1304.71,4439.17
43264,L27,15254,A17,B25,C37,PCS,822,3.44,D,C10,8.657656,2827.68,24481.08
43264,L27,15254,A17,B25,C37,PCS,876,3.44,D,C10,8.657656,3013.44,26089.33
43264,L27,15254,A17,B25,C37,PCS,807,3.44,D,C10,8.657656,2776.08,24034.35
43264,L27,15254,A17,B25,C37,PCS,412,3.44,D,C10,8.657656,1417.28,12270.32
43264,L27,15254,A17,B25,C37,PCS,200,3.44,D,C10,8.657656,688,5956.47
43264,L27,15254,A17,B25,C37,PCS,357,3.44,D,C10,8.657656,1228.08,10632.29
43264,L27,15254,A17,B25,C37,PCS,329,3.44,D,C10,8.657656,1131.76,9798.39
43264,L27,15254,A17,B25,C37,PCS,381,3.44,D,C10,8.657656,1310.64,11347.07
43264,L27,15254,A17,B25,C37,PCS,452,3.44,D,C10,8.657656,1554.88,13461.62
43264,L27,15254,A17,B25,C37,PCS,144,3.44,D,C10,8.657656,495.36,4288.66
43256,L27,15349,A15,B22,C36,PCS,582,1.08,D,C05,3.40242,628.56,2138.63
43256,L27,15349,A15,B22,C36,PCS,668,1.08,D,C05,3.40242,721.44,2454.64
43256,L27,15349,A15,B22,C36,PCS,500,1.08,D,C05,3.40242,540,1837.31
43256,L27,15349,A15,B22,C36,PCS,229,1.08,D,C05,3.40242,247.32,841.49
43256,L27,15349,A15,B22,C36,PCS,922,1.08,D,C05,3.40242,995.76,3387.99
43256,L27,15349,A15,B22,C36,PCS,24,1.08,D,C05,3.40242,25.92,88.19
43256,L27,15349,A15,B22,C36,PCS,519,1.08,D,C05,3.40242,560.52,1907.12
43256,L27,15349,A15,B22,C36,PCS,202,1.08,D,C05,3.40242,218.16,742.27
43256,L27,15349,A15,B22,C36,PCS,772,1.08,D,C05,3.40242,833.76,2836.8
43256,L27,15349,A15,B22,C36,PCS,875,1.08,D,C05,3.40242,945,3215.29
43256,L27,15383,A11,B22,C30,PCS,536,7.92,D,C04,5.388146,4245.12,22873.33
43256,L27,15383,A11,B22,C30,PCS,665,7.92,D,C04,5.388146,5266.8,28378.29
43256,L27,15383,A11,B22,C30,PCS,219,7.92,D,C04,5.388146,1734.48,9345.63
43256,L27,15383,A11,B22,C30,PCS,209,7.92,D,C04,5.388146,1655.28,8918.89
43256,L27,15383,A11,B22,C30,PCS,539,7.92,D,C04,5.388146,4268.88,23001.35
43256,L27,15383,A11,B22,C30,PCS,561,7.92,D,C04,5.388146,4443.12,23940.18
43256,L27,15383,A11,B22,C30,PCS,336,7.92,D,C04,5.388146,2661.12,14338.5
43256,L27,15383,A11,B22,C30,PCS,348,7.92,D,C04,5.388146,2756.16,14850.59
43256,L27,15383,A11,B22,C30,PCS,235,7.92,D,C04,5.388146,1861.2,10028.42
43256,L27,15383,A11,B22,C30,PCS,108,7.92,D,C04,5.388146,855.36,4608.8
43277,L27,15418,A20,B21,C36,PCS,563,3.92,C,C05,3.40242,2206.96,7509
43277,L27,15418,A20,B21,C36,PCS,924,3.92,C,C05,3.40242,3622.08,12323.84
43277,L27,15418,A20,B21,C36,PCS,179,3.92,C,C05,3.40242,701.68,2387.41
43277,L27,15418,A20,B21,C36,PCS,657,3.92,C,C05,3.40242,2575.44,8762.73
43277,L27,15418,A20,B21,C36,PCS,212,3.92,C,C05,3.40242,831.04,2827.55
43277,L27,15418,A20,B21,C36,PCS,921,3.92,C,C05,3.40242,3610.32,12283.82
43277,L27,15418,A20,B21,C36,PCS,938,3.92,C,C05,3.40242,3676.96,12510.56
43277,L27,15418,A20,B21,C36,PCS,240,3.92,C,C05,3.40242,940.8,3201
43277,L27,15418,A20,B21,C36,PCS,846,3.92,C,C05,3.40242,3316.32,11283.51
43277,L27,15418,A20,B21,C36,PCS,927,3.92,C,C05,3.40242,3633.84,12363.85
43275,L27,15615,A18,B23,C35,PCS,359,6.11,C,C09,1.199464,2193.49,2631.01
43275,L27,15615,A18,B23,C35,PCS,728,6.11,C,C09,1.199464,4448.08,5335.31
43275,L27,15615,A18,B23,C35,PCS,735,6.11,C,C09,1.199464,4490.85,5386.61
43275,L27,15615,A18,B23,C35,PCS,836,6.11,C,C09,1.199464,5107.96,6126.81
43275,L27,15615,A18,B23,C35,PCS,232,6.11,C,C09,1.199464,1417.52,1700.26
43275,L27,15615,A18,B23,C35,PCS,859,6.11,C,C09,1.199464,5248.49,6295.37
43275,L27,15615,A18,B23,C35,PCS,436,6.11,C,C09,1.199464,2663.96,3195.32
43275,L27,15615,A18,B23,C35,PCS,600,6.11,C,C09,1.199464,3666,4397.24
43275,L27,15615,A18,B23,C35,PCS,472,6.11,C,C09,1.199464,2883.92,3459.16
43275,L27,15615,A18,B23,C35,PCS,255,6.11,C,C09,1.199464,1558.05,1868.82
43256,L27,15664,A14,B22,C35,PCS,933,3.64,C,C10,8.657656,3396.12,29402.44
43256,L27,15664,A14,B22,C35,PCS,519,3.64,C,C10,8.657656,1889.16,16355.7
43256,L27,15664,A14,B22,C35,PCS,691,3.64,C,C10,8.657656,2515.24,21776.08
43256,L27,15664,A14,B22,C35,PCS,274,3.64,C,C10,8.657656,997.36,8634.8
43256,L27,15664,A14,B22,C35,PCS,834,3.64,C,C10,8.657656,3035.76,26282.57
43256,L27,15664,A14,B22,C35,PCS,854,3.64,C,C10,8.657656,3108.56,26912.84
43256,L27,15664,A14,B22,C35,PCS,178,3.64,C,C10,8.657656,647.92,5609.47
43256,L27,15664,A14,B22,C35,PCS,546,3.64,C,C10,8.657656,1987.44,17206.57
43256,L27,15664,A14,B22,C35,PCS,738,3.64,C,C10,8.657656,2686.32,23257.23
43256,L27,15664,A14,B22,C35,PCS,352,3.64,C,C10,8.657656,1281.28,11092.88
43255,L27,15671,A18,B30,C30,PCS,669,5.95,C,C01,6.825646,3980.55,27169.83
43255,L27,15671,A18,B30,C30,PCS,978,5.95,C,C01,6.825646,5819.1,39719.12
43255,L27,15671,A18,B30,C30,PCS,347,5.95,C,C01,6.825646,2064.65,14092.57
43255,L27,15671,A18,B30,C30,PCS,529,5.95,C,C01,6.825646,3147.55,21484.06
43255,L27,15671,A18,B30,C30,PCS,572,5.95,C,C01,6.825646,3403.4,23230.4
43255,L27,15671,A18,B30,C30,PCS,947,5.95,C,C01,6.825646,5634.65,38460.13
43255,L27,15671,A18,B30,C30,PCS,980,5.95,C,C01,6.825646,5831,39800.34
43255,L27,15671,A18,B30,C30,PCS,891,5.95,C,C01,6.825646,5301.45,36185.82
43255,L27,15671,A18,B30,C30,PCS,520,5.95,C,C01,6.825646,3094,21118.55
43255,L27,15671,A18,B30,C30,PCS,900,5.95,C,C01,6.825646,5355,36551.33
43268,L27,16150,A18,B26,C32,PCS,97,3.93,C,C04,5.388146,381.21,2054.02
43268,L27,16150,A18,B26,C32,PCS,856,3.93,C,C04,5.388146,3364.08,18126.15
43268,L27,16150,A18,B26,C32,PCS,153,3.93,C,C04,5.388146,601.29,3239.84
43268,L27,16150,A18,B26,C32,PCS,819,3.93,C,C04,5.388146,3218.67,17342.66
43268,L27,16150,A18,B26,C32,PCS,990,3.93,C,C04,5.388146,3890.7,20963.66
43268,L27,16150,A18,B26,C32,PCS,182,3.93,C,C04,5.388146,715.26,3853.93
43268,L27,16150,A18,B26,C32,PCS,893,3.93,C,C04,5.388146,3509.49,18909.64
43268,L27,16150,A18,B26,C32,PCS,39,3.93,C,C04,5.388146,153.27,825.84
43268,L27,16150,A18,B26,C32,PCS,604,3.93,C,C04,5.388146,2373.72,12789.95
43268,L27,16150,A18,B26,C32,PCS,571,3.93,C,C04,5.388146,2244.03,12091.16
43259,L27,16279,A19,B26,C33,PCS,441,5.79,C,C10,8.657656,2553.39,22106.37
43259,L27,16279,A19,B26,C33,PCS,986,5.79,C,C10,8.657656,5708.94,49426.04
43259,L27,16279,A19,B26,C33,PCS,934,5.79,C,C10,8.657656,5407.86,46819.39
43259,L27,16279,A19,B26,C33,PCS,156,5.79,C,C10,8.657656,903.24,7819.94
43259,L27,16279,A19,B26,C33,PCS,21,5.79,C,C10,8.657656,121.59,1052.68
43259,L27,16279,A19,B26,C33,PCS,218,5.79,C,C10,8.657656,1262.22,10927.87
43259,L27,16279,A19,B26,C33,PCS,986,5.79,C,C10,8.657656,5708.94,49426.04
43259,L27,16279,A19,B26,C33,PCS,206,5.79,C,C10,8.657656,1192.74,10326.33
43259,L27,16279,A19,B26,C33,PCS,667,5.79,C,C10,8.657656,3861.93,33435.26
43259,L27,16279,A19,B26,C33,PCS,750,5.79,C,C10,8.657656,4342.5,37595.87
43259,L27,16323,A11,B23,C31,PCS,510,5.76,D,C01,6.825646,2937.6,20051.02
43259,L27,16323,A11,B23,C31,PCS,634,5.76,D,C01,6.825646,3651.84,24926.17
43259,L27,16323,A11,B23,C31,PCS,111,5.76,D,C01,6.825646,639.36,4364.05
43259,L27,16323,A11,B23,C31,PCS,41,5.76,D,C01,6.825646,236.16,1611.94
43259,L27,16323,A11,B23,C31,PCS,626,5.76,D,C01,6.825646,3605.76,24611.64
43259,L27,16323,A11,B23,C31,PCS,358,5.76,D,C01,6.825646,2062.08,14075.03
43259,L27,16323,A11,B23,C31,PCS,259,5.76,D,C01,6.825646,1491.84,10182.77
43259,L27,16323,A11,B23,C31,PCS,68,5.76,D,C01,6.825646,391.68,2673.47
43259,L27,16323,A11,B23,C31,PCS,845,5.76,D,C01,6.825646,4867.2,33221.78
43259,L27,16323,A11,B23,C31,PCS,48,5.76,D,C01,6.825646,276.48,1887.15
43269,L27,16474,A19,B21,C39,PCS,186,5.57,C,C05,3.40242,1036.02,3524.98
43269,L27,16474,A19,B21,C39,PCS,272,5.57,C,C05,3.40242,1515.04,5154.8
43269,L27,16474,A19,B21,C39,PCS,762,5.57,C,C05,3.40242,4244.34,14441.03
43269,L27,16474,A19,B21,C39,PCS,758,5.57,C,C05,3.40242,4222.06,14365.22
43269,L27,16474,A19,B21,C39,PCS,401,5.57,C,C05,3.40242,2233.57,7599.54
43269,L27,16474,A19,B21,C39,PCS,611,5.57,C,C05,3.40242,3403.27,11579.35
43269,L27,16474,A19,B21,C39,PCS,853,5.57,C,C05,3.40242,4751.21,16165.61
43269,L27,16474,A19,B21,C39,PCS,697,5.57,C,C05,3.40242,3882.29,13209.18
43269,L27,16474,A19,B21,C39,PCS,453,5.57,C,C05,3.40242,2523.21,8585.02
43269,L27,16474,A19,B21,C39,PCS,949,5.57,C,C05,3.40242,5285.93,17984.95
43279,L27,16707,A19,B25,C35,PCS,207,3.78,C,C05,3.40242,782.46,2662.26
43279,L27,16707,A19,B25,C35,PCS,700,3.78,C,C05,3.40242,2646,9002.8
43279,L27,16707,A19,B25,C35,PCS,490,3.78,C,C05,3.40242,1852.2,6301.96
43279,L27,16707,A19,B25,C35,PCS,58,3.78,C,C05,3.40242,219.24,745.95
43279,L27,16707,A19,B25,C35,PCS,210,3.78,C,C05,3.40242,793.8,2700.84
43279,L27,16707,A19,B25,C35,PCS,612,3.78,C,C05,3.40242,2313.36,7871.02
43279,L27,16707,A19,B25,C35,PCS,936,3.78,C,C05,3.40242,3538.08,12038.03
43279,L27,16707,A19,B25,C35,PCS,372,3.78,C,C05,3.40242,1406.16,4784.35
43279,L27,16707,A19,B25,C35,PCS,284,3.78,C,C05,3.40242,1073.52,3652.57
43279,L27,16707,A19,B25,C35,PCS,641,3.78,C,C05,3.40242,2422.98,8244
43270,L27,16732,A16,B23,C38,PCS,653,9.43,C,C10,8.657656,6157.79,53312.03
43270,L27,16732,A16,B23,C38,PCS,206,9.43,C,C10,8.657656,1942.58,16818.19
43270,L27,16732,A16,B23,C38,PCS,306,9.43,C,C10,8.657656,2885.58,24982.36
43270,L27,16732,A16,B23,C38,PCS,994,9.43,C,C10,8.657656,9373.42,81151.85
43270,L27,16732,A16,B23,C38,PCS,493,9.43,C,C10,8.657656,4648.99,40249.36
43270,L27,16732,A16,B23,C38,PCS,185,9.43,C,C10,8.657656,1744.55,15103.71
43270,L27,16732,A16,B23,C38,PCS,313,9.43,C,C10,8.657656,2951.59,25553.85
43270,L27,16732,A16,B23,C38,PCS,323,9.43,C,C10,8.657656,3045.89,26370.27
43270,L27,16732,A16,B23,C38,PCS,348,9.43,C,C10,8.657656,3281.64,28411.31
43270,L27,16732,A16,B23,C38,PCS,993,9.43,C,C10,8.657656,9363.99,81070.2
43281,L27,16841,A20,B27,C38,PCS,715,8.64,D,C04,5.388146,6177.6,33285.81
43281,L27,16841,A20,B27,C38,PCS,571,8.64,D,C04,5.388146,4933.44,26582.1
43281,L27,16841,A20,B27,C38,PCS,674,8.64,D,C04,5.388146,5823.36,31377.11
43281,L27,16841,A20,B27,C38,PCS,59,8.64,D,C04,5.388146,509.76,2746.66
43281,L27,16841,A20,B27,C38,PCS,752,8.64,D,C04,5.388146,6497.28,35008.29
43281,L27,16841,A20,B27,C38,PCS,140,8.64,D,C04,5.388146,1209.6,6517.5
43281,L27,16841,A20,B27,C38,PCS,946,8.64,D,C04,5.388146,8173.44,44039.69
43281,L27,16841,A20,B27,C38,PCS,227,8.64,D,C04,5.388146,1961.28,10567.66
43281,L27,16841,A20,B27,C38,PCS,82,8.64,D,C04,5.388146,708.48,3817.39
43281,L27,16841,A20,B27,C38,PCS,474,8.64,D,C04,5.388146,4095.36,22066.4
43269,L27,17045,A15,B26,C38,PCS,443,5.57,C,C05,3.40242,2467.51,8395.51
43269,L27,17045,A15,B26,C38,PCS,27,5.57,C,C05,3.40242,150.39,511.69
43269,L27,17045,A15,B26,C38,PCS,845,5.57,C,C05,3.40242,4706.65,16014
43269,L27,17045,A15,B26,C38,PCS,267,5.57,C,C05,3.40242,1487.19,5060.04
43269,L27,17045,A15,B26,C38,PCS,254,5.57,C,C05,3.40242,1414.78,4813.68
43269,L27,17045,A15,B26,C38,PCS,468,5.57,C,C05,3.40242,2606.76,8869.29
43269,L27,17045,A15,B26,C38,PCS,978,5.57,C,C05,3.40242,5447.46,18534.55
43269,L27,17045,A15,B26,C38,PCS,695,5.57,C,C05,3.40242,3871.15,13171.28
43269,L27,17045,A15,B26,C38,PCS,322,5.57,C,C05,3.40242,1793.54,6102.38
43269,L27,17045,A15,B26,C38,PCS,757,5.57,C,C05,3.40242,4216.49,14346.27
43281,L27,17115,A14,B25,C33,PCS,183,3.05,D,C09,1.199464,558.15,669.48
43281,L27,17115,A14,B25,C33,PCS,715,3.05,D,C09,1.199464,2180.75,2615.73
43281,L27,17115,A14,B25,C33,PCS,749,3.05,D,C09,1.199464,2284.45,2740.12
43281,L27,17115,A14,B25,C33,PCS,588,3.05,D,C09,1.199464,1793.4,2151.12
43281,L27,17115,A14,B25,C33,PCS,87,3.05,D,C09,1.199464,265.35,318.28
43281,L27,17115,A14,B25,C33,PCS,205,3.05,D,C09,1.199464,625.25,749.96
43281,L27,17115,A14,B25,C33,PCS,197,3.05,D,C09,1.199464,600.85,720.7
43281,L27,17115,A14,B25,C33,PCS,777,3.05,D,C09,1.199464,2369.85,2842.55
43281,L27,17115,A14,B25,C33,PCS,954,3.05,D,C09,1.199464,2909.7,3490.08
43281,L27,17115,A14,B25,C33,PCS,584,3.05,D,C09,1.199464,1781.2,2136.49
43280,L27,17191,A10,B25,C30,PCS,710,2.5,D,C04,5.388146,1775,9563.96
43280,L27,17191,A10,B25,C30,PCS,186,2.5,D,C04,5.388146,465,2505.49
43280,L27,17191,A10,B25,C30,PCS,653,2.5,D,C04,5.388146,1632.5,8796.15
43280,L27,17191,A10,B25,C30,PCS,404,2.5,D,C04,5.388146,1010,5442.03
43280,L27,17191,A10,B25,C30,PCS,697,2.5,D,C04,5.388146,1742.5,9388.84
43280,L27,17191,A10,B25,C30,PCS,548,2.5,D,C04,5.388146,1370,7381.76
43280,L27,17191,A10,B25,C30,PCS,430,2.5,D,C04,5.388146,1075,5792.26
43280,L27,17191,A10,B25,C30,PCS,200,2.5,D,C04,5.388146,500,2694.07
43280,L27,17191,A10,B25,C30,PCS,207,2.5,D,C04,5.388146,517.5,2788.37
43280,L27,17191,A10,B25,C30,PCS,485,2.5,D,C04,5.388146,1212.5,6533.13
43281,L27,17205,A12,B21,C36,PCS,569,3.05,C,C09,1.199464,1735.45,2081.61
43281,L27,17205,A12,B21,C36,PCS,26,3.05,C,C09,1.199464,79.3,95.12
43281,L27,17205,A12,B21,C36,PCS,301,3.05,C,C09,1.199464,918.05,1101.17
43281,L27,17205,A12,B21,C36,PCS,224,3.05,C,C09,1.199464,683.2,819.47
43281,L27,17205,A12,B21,C36,PCS,424,3.05,C,C09,1.199464,1293.2,1551.15
43281,L27,17205,A12,B21,C36,PCS,982,3.05,C,C09,1.199464,2995.1,3592.51
43281,L27,17205,A12,B21,C36,PCS,753,3.05,C,C09,1.199464,2296.65,2754.75
43281,L27,17205,A12,B21,C36,PCS,859,3.05,C,C09,1.199464,2619.95,3142.54
43281,L27,17205,A12,B21,C36,PCS,412,3.05,C,C09,1.199464,1256.6,1507.25
43281,L27,17205,A12,B21,C36,PCS,912,3.05,C,C09,1.199464,2781.6,3336.43
43281,L27,17312,A16,B27,C35,PCS,163,3.05,C,C09,1.199464,497.15,596.31
43281,L27,17312,A16,B27,C35,PCS,830,3.05,C,C09,1.199464,2531.5,3036.44
43281,L27,17312,A16,B27,C35,PCS,155,3.05,C,C09,1.199464,472.75,567.05
43281,L27,17312,A16,B27,C35,PCS,480,3.05,C,C09,1.199464,1464,1756.02
43281,L27,17312,A16,B27,C35,PCS,992,3.05,C,C09,1.199464,3025.6,3629.1
43281,L27,17312,A16,B27,C35,PCS,917,3.05,C,C09,1.199464,2796.85,3354.72
43281,L27,17312,A16,B27,C35,PCS,742,3.05,C,C09,1.199464,2263.1,2714.51
43281,L27,17312,A16,B27,C35,PCS,304,3.05,C,C09,1.199464,927.2,1112.14
43281,L27,17312,A16,B27,C35,PCS,893,3.05,C,C09,1.199464,2723.65,3266.92
43281,L27,17312,A16,B27,C35,PCS,461,3.05,C,C09,1.199464,1406.05,1686.51
43255,L27,17388,A19,B28,C33,PCS,638,7.53,C,C08,1.496196,4804.14,7187.94
43255,L27,17388,A19,B28,C33,PCS,882,7.53,C,C08,1.496196,6641.46,9936.93
43255,L27,17388,A19,B28,C33,PCS,934,7.53,C,C08,1.496196,7033.02,10522.78
43255,L27,17388,A19,B28,C33,PCS,919,7.53,C,C08,1.496196,6920.07,10353.78
43255,L27,17388,A19,B28,C33,PCS,226,7.53,C,C08,1.496196,1701.78,2546.2
43255,L27,17388,A19,B28,C33,PCS,161,7.53,C,C08,1.496196,1212.33,1813.88
43255,L27,17388,A19,B28,C33,PCS,692,7.53,C,C08,1.496196,5210.76,7796.32
43255,L27,17388,A19,B28,C33,PCS,823,7.53,C,C08,1.496196,6197.19,9272.21
43255,L27,17388,A19,B28,C33,PCS,66,7.53,C,C08,1.496196,496.98,743.58
43255,L27,17388,A19,B28,C33,PCS,802,7.53,C,C08,1.496196,6039.06,9035.62
43256,L27,17422,A19,B21,C38,PCS,274,1.08,C,C05,3.40242,295.92,1006.84
43256,L27,17422,A19,B21,C38,PCS,322,1.08,C,C05,3.40242,347.76,1183.23
43256,L27,17422,A19,B21,C38,PCS,206,1.08,C,C05,3.40242,222.48,756.97
43256,L27,17422,A19,B21,C38,PCS,545,1.08,C,C05,3.40242,588.6,2002.66
43256,L27,17422,A19,B21,C38,PCS,698,1.08,C,C05,3.40242,753.84,2564.88
43256,L27,17422,A19,B21,C38,PCS,342,1.08,C,C05,3.40242,369.36,1256.72
43256,L27,17422,A19,B21,C38,PCS,203,1.08,C,C05,3.40242,219.24,745.95
43256,L27,17422,A19,B21,C38,PCS,140,1.08,C,C05,3.40242,151.2,514.45
43256,L27,17422,A19,B21,C38,PCS,520,1.08,C,C05,3.40242,561.6,1910.8
43256,L27,17422,A19,B21,C38,PCS,881,1.08,C,C05,3.40242,951.48,3237.33
43255,L27,17606,A17,B22,C36,PCS,807,5.14,D,C07,1.358577,4147.98,5635.35
43255,L27,17606,A17,B22,C36,PCS,546,5.14,D,C07,1.358577,2806.44,3812.76
43255,L27,17606,A17,B22,C36,PCS,24,5.14,D,C07,1.358577,123.36,167.59
43255,L27,17606,A17,B22,C36,PCS,662,5.14,D,C07,1.358577,3402.68,4622.8
43255,L27,17606,A17,B22,C36,PCS,452,5.14,D,C07,1.358577,2323.28,3156.35
43255,L27,17606,A17,B22,C36,PCS,858,5.14,D,C07,1.358577,4410.12,5991.49
43255,L27,17606,A17,B22,C36,PCS,508,5.14,D,C07,1.358577,2611.12,3547.41
43255,L27,17606,A17,B22,C36,PCS,777,5.14,D,C07,1.358577,3993.78,5425.86
43255,L27,17606,A17,B22,C36,PCS,501,5.14,D,C07,1.358577,2575.14,3498.53
43255,L27,17606,A17,B22,C36,PCS,602,5.14,D,C07,1.358577,3094.28,4203.82
43261,L27,17620,A12,B21,C31,PCS,723,9.6,D,C03,7.133317,6940.8,49510.93
43261,L27,17620,A12,B21,C31,PCS,747,9.6,D,C03,7.133317,7171.2,51154.44
43261,L27,17620,A12,B21,C31,PCS,352,9.6,D,C03,7.133317,3379.2,24104.9
43261,L27,17620,A12,B21,C31,PCS,156,9.6,D,C03,7.133317,1497.6,10682.86
43261,L27,17620,A12,B21,C31,PCS,400,9.6,D,C03,7.133317,3840,27391.94
43261,L27,17620,A12,B21,C31,PCS,642,9.6,D,C03,7.133317,6163.2,43964.06
43261,L27,17620,A12,B21,C31,PCS,792,9.6,D,C03,7.133317,7603.2,54236.04
43261,L27,17620,A12,B21,C31,PCS,417,9.6,D,C03,7.133317,4003.2,28556.09
43261,L27,17620,A12,B21,C31,PCS,582,9.6,D,C03,7.133317,5587.2,39855.27
43261,L27,17620,A12,B21,C31,PCS,198,9.6,D,C03,7.133317,1900.8,13559.01
43267,L27,17949,A16,B26,C39,PCS,762,6.38,C,C09,1.199464,4861.56,5831.27
43267,L27,17949,A16,B26,C39,PCS,820,6.38,C,C09,1.199464,5231.6,6275.12
43267,L27,17949,A16,B26,C39,PCS,611,6.38,C,C09,1.199464,3898.18,4675.73
43267,L27,17949,A16,B26,C39,PCS,655,6.38,C,C09,1.199464,4178.9,5012.44
43267,L27,17949,A16,B26,C39,PCS,899,6.38,C,C09,1.199464,5735.62,6879.67
43267,L27,17949,A16,B26,C39,PCS,170,6.38,C,C09,1.199464,1084.6,1300.94
43267,L27,17949,A16,B26,C39,PCS,119,6.38,C,C09,1.199464,759.22,910.66
43267,L27,17949,A16,B26,C39,PCS,908,6.38,C,C09,1.199464,5793.04,6948.54
43267,L27,17949,A16,B26,C39,PCS,372,6.38,C,C09,1.199464,2373.36,2846.76
43267,L27,17949,A16,B26,C39,PCS,909,6.38,C,C09,1.199464,5799.42,6956.2
43259,L27,18141,A14,B28,C31,PCS,76,5.76,D,C01,6.825646,437.76,2987.99
43259,L27,18141,A14,B28,C31,PCS,45,5.76,D,C01,6.825646,259.2,1769.21
43259,L27,18141,A14,B28,C31,PCS,617,5.76,D,C01,6.825646,3553.92,24257.8
43259,L27,18141,A14,B28,C31,PCS,668,5.76,D,C01,6.825646,3847.68,26262.9
43259,L27,18141,A14,B28,C31,PCS,169,5.76,D,C01,6.825646,973.44,6644.36
43259,L27,18141,A14,B28,C31,PCS,979,5.76,D,C01,6.825646,5639.04,38490.09
43259,L27,18141,A14,B28,C31,PCS,402,5.76,D,C01,6.825646,2315.52,15804.92
43259,L27,18141,A14,B28,C31,PCS,365,5.76,D,C01,6.825646,2102.4,14350.24
43259,L27,18141,A14,B28,C31,PCS,68,5.76,D,C01,6.825646,391.68,2673.47
43259,L27,18141,A14,B28,C31,PCS,686,5.76,D,C01,6.825646,3951.36,26970.58
43281,L27,18182,A12,B29,C37,PCS,679,3.05,C,C09,1.199464,2070.95,2484.03
43281,L27,18182,A12,B29,C37,PCS,335,3.05,C,C09,1.199464,1021.75,1225.55
43281,L27,18182,A12,B29,C37,PCS,776,3.05,C,C09,1.199464,2366.8,2838.89
43281,L27,18182,A12,B29,C37,PCS,585,3.05,C,C09,1.199464,1784.25,2140.14
43281,L27,18182,A12,B29,C37,PCS,569,3.05,C,C09,1.199464,1735.45,2081.61
43281,L27,18182,A12,B29,C37,PCS,641,3.05,C,C09,1.199464,1955.05,2345.01
43281,L27,18182,A12,B29,C37,PCS,844,3.05,C,C09,1.199464,2574.2,3087.66
43281,L27,18182,A12,B29,C37,PCS,107,3.05,C,C09,1.199464,326.35,391.45
43281,L27,18182,A12,B29,C37,PCS,662,3.05,C,C09,1.199464,2019.1,2421.84
43281,L27,18182,A12,B29,C37,PCS,838,3.05,C,C09,1.199464,2555.9,3065.71
43264,L27,18449,A19,B27,C40,PCS,405,2.66,C,C02,9.912483,1077.3,10678.72
43264,L27,18449,A19,B27,C40,PCS,138,2.66,C,C02,9.912483,367.08,3638.67
43264,L27,18449,A19,B27,C40,PCS,330,2.66,C,C02,9.912483,877.8,8701.18
43264,L27,18449,A19,B27,C40,PCS,598,2.66,C,C02,9.912483,1590.68,15767.59
43264,L27,18449,A19,B27,C40,PCS,223,2.66,C,C02,9.912483,593.18,5879.89
43264,L27,18449,A19,B27,C40,PCS,637,2.66,C,C02,9.912483,1694.42,16795.91
43264,L27,18449,A19,B27,C40,PCS,683,2.66,C,C02,9.912483,1816.78,18008.8
43264,L27,18449,A19,B27,C40,PCS,680,2.66,C,C02,9.912483,1808.8,17929.7
43264,L27,18449,A19,B27,C40,PCS,423,2.66,C,C02,9.912483,1125.18,11153.33
43264,L27,18449,A19,B27,C40,PCS,229,2.66,C,C02,9.912483,609.14,6038.09
43259,L27,18496,A11,B20,C35,PCS,968,3.91,C,C02,9.912483,3784.88,37517.56
43259,L27,18496,A11,B20,C35,PCS,970,3.91,C,C02,9.912483,3792.7,37595.07
43259,L27,18496,A11,B20,C35,PCS,681,3.91,C,C02,9.912483,2662.71,26394.07
43259,L27,18496,A11,B20,C35,PCS,132,3.91,C,C02,9.912483,516.12,5116.03
43259,L27,18496,A11,B20,C35,PCS,905,3.91,C,C02,9.912483,3538.55,35075.82
43259,L27,18496,A11,B20,C35,PCS,90,3.91,C,C02,9.912483,351.9,3488.2
43259,L27,18496,A11,B20,C35,PCS,406,3.91,C,C02,9.912483,1587.46,15735.67
43259,L27,18496,A11,B20,C35,PCS,187,3.91,C,C02,9.912483,731.17,7247.71
43259,L27,18496,A11,B20,C35,PCS,919,3.91,C,C02,9.912483,3593.29,35618.43
43259,L27,18496,A11,B20,C35,PCS,556,3.91,C,C02,9.912483,2173.96,21549.34
43275,L27,18572,A17,B20,C40,PCS,49,6.11,D,C09,1.199464,299.39,359.11
43275,L27,18572,A17,B20,C40,PCS,706,6.11,D,C09,1.199464,4313.66,5174.08
43275,L27,18572,A17,B20,C40,PCS,631,6.11,D,C09,1.199464,3855.41,4624.43
43275,L27,18572,A17,B20,C40,PCS,8,6.11,D,C09,1.199464,48.88,58.63
43275,L27,18572,A17,B20,C40,PCS,422,6.11,D,C09,1.199464,2578.42,3092.72
43275,L27,18572,A17,B20,C40,PCS,700,6.11,D,C09,1.199464,4277,5130.11
43275,L27,18572,A17,B20,C40,PCS,525,6.11,D,C09,1.199464,3207.75,3847.58
43275,L27,18572,A17,B20,C40,PCS,568,6.11,D,C09,1.199464,3470.48,4162.72
43275,L27,18572,A17,B20,C40,PCS,573,6.11,D,C09,1.199464,3501.03,4199.36
43275,L27,18572,A17,B20,C40,PCS,918,6.11,D,C09,1.199464,5608.98,6727.77
43259,L27,18681,A12,B22,C38,PCS,150,3.86,C,C05,3.40242,579,1970
43259,L27,18681,A12,B22,C38,PCS,513,3.86,C,C05,3.40242,1980.18,6737.4
43259,L27,18681,A12,B22,C38,PCS,172,3.86,C,C05,3.40242,663.92,2258.93
43259,L27,18681,A12,B22,C38,PCS,571,3.86,C,C05,3.40242,2204.06,7499.14
43259,L27,18681,A12,B22,C38,PCS,525,3.86,C,C05,3.40242,2026.5,6895
43259,L27,18681,A12,B22,C38,PCS,474,3.86,C,C05,3.40242,1829.64,6225.2
43259,L27,18681,A12,B22,C38,PCS,779,3.86,C,C05,3.40242,3006.94,10230.87
43259,L27,18681,A12,B22,C38,PCS,683,3.86,C,C05,3.40242,2636.38,8970.07
43259,L27,18681,A12,B22,C38,PCS,366,3.86,C,C05,3.40242,1412.76,4806.8
43259,L27,18681,A12,B22,C38,PCS,703,3.86,C,C05,3.40242,2713.58,9232.74
43261,L27,18773,A20,B30,C37,PCS,320,3.65,D,C09,1.199464,1168,1400.97
43261,L27,18773,A20,B30,C37,PCS,546,3.65,D,C09,1.199464,1992.9,2390.41
43261,L27,18773,A20,B30,C37,PCS,44,3.65,D,C09,1.199464,160.6,192.63
43261,L27,18773,A20,B30,C37,PCS,333,3.65,D,C09,1.199464,1215.45,1457.89
43261,L27,18773,A20,B30,C37,PCS,189,3.65,D,C09,1.199464,689.85,827.45
43261,L27,18773,A20,B30,C37,PCS,946,3.65,D,C09,1.199464,3452.9,4141.63
43261,L27,18773,A20,B30,C37,PCS,345,3.65,D,C09,1.199464,1259.25,1510.43
43261,L27,18773,A20,B30,C37,PCS,297,3.65,D,C09,1.199464,1084.05,1300.28
43261,L27,18773,A20,B30,C37,PCS,519,3.65,D,C09,1.199464,1894.35,2272.2
43261,L27,18773,A20,B30,C37,PCS,505,3.65,D,C09,1.199464,1843.25,2210.91
43261,L27,18807,A14,B30,C31,PCS,652,3.63,C,C04,5.388146,2366.76,12752.45
43261,L27,18807,A14,B30,C31,PCS,785,3.63,C,C04,5.388146,2849.55,15353.79
43261,L27,18807,A14,B30,C31,PCS,653,3.63,C,C04,5.388146,2370.39,12772.01
43261,L27,18807,A14,B30,C31,PCS,230,3.63,C,C04,5.388146,834.9,4498.56
43261,L27,18807,A14,B30,C31,PCS,748,3.63,C,C04,5.388146,2715.24,14630.11
43261,L27,18807,A14,B30,C31,PCS,981,3.63,C,C04,5.388146,3561.03,19187.35
43261,L27,18807,A14,B30,C31,PCS,262,3.63,C,C04,5.388146,951.06,5124.45
43261,L27,18807,A14,B30,C31,PCS,309,3.63,C,C04,5.388146,1121.67,6043.72
43261,L27,18807,A14,B30,C31,PCS,64,3.63,C,C04,5.388146,232.32,1251.77
43261,L27,18807,A14,B30,C31,PCS,133,3.63,C,C04,5.388146,482.79,2601.34
43273,L27,18827,A18,B24,C36,PCS,481,1.95,D,C08,1.496196,937.95,1403.36
43273,L27,18827,A18,B24,C36,PCS,431,1.95,D,C08,1.496196,840.45,1257.48
43273,L27,18827,A18,B24,C36,PCS,992,1.95,D,C08,1.496196,1934.4,2894.24
43273,L27,18827,A18,B24,C36,PCS,340,1.95,D,C08,1.496196,663,991.98
43273,L27,18827,A18,B24,C36,PCS,240,1.95,D,C08,1.496196,468,700.22
43273,L27,18827,A18,B24,C36,PCS,613,1.95,D,C08,1.496196,1195.35,1788.48
43273,L27,18827,A18,B24,C36,PCS,127,1.95,D,C08,1.496196,247.65,370.53
43273,L27,18827,A18,B24,C36,PCS,726,1.95,D,C08,1.496196,1415.7,2118.16
43273,L27,18827,A18,B24,C36,PCS,188,1.95,D,C08,1.496196,366.6,548.51
43273,L27,18827,A18,B24,C36,PCS,625,1.95,D,C08,1.496196,1218.75,1823.49
43264,L27,18897,A13,B30,C34,PCS,233,3.44,D,C10,8.657656,801.52,6939.28
43264,L27,18897,A13,B30,C34,PCS,695,3.44,D,C10,8.657656,2390.8,20698.72
43264,L27,18897,A13,B30,C34,PCS,32,3.44,D,C10,8.657656,110.08,953.03
43264,L27,18897,A13,B30,C34,PCS,879,3.44,D,C10,8.657656,3023.76,26178.67
43264,L27,18897,A13,B30,C34,PCS,96,3.44,D,C10,8.657656,330.24,2859.1
43264,L27,18897,A13,B30,C34,PCS,844,3.44,D,C10,8.657656,2903.36,25136.29
43264,L27,18897,A13,B30,C34,PCS,490,3.44,D,C10,8.657656,1685.6,14593.34
43264,L27,18897,A13,B30,C34,PCS,958,3.44,D,C10,8.657656,3295.52,28531.48
43264,L27,18897,A13,B30,C34,PCS,510,3.44,D,C10,8.657656,1754.4,15188.99
43264,L27,18897,A13,B30,C34,PCS,806,3.44,D,C10,8.657656,2772.64,24004.56
43257,L27,19009,A11,B26,C34,PCS,721,1.11,D,C04,5.388146,800.31,4312.19
43257,L27,19009,A11,B26,C34,PCS,713,1.11,D,C04,5.388146,791.43,4264.34
43257,L27,19009,A11,B26,C34,PCS,811,1.11,D,C04,5.388146,900.21,4850.46
43257,L27,19009,A11,B26,C34,PCS,130,1.11,D,C04,5.388146,144.3,777.51
43257,L27,19009,A11,B26,C34,PCS,950,1.11,D,C04,5.388146,1054.5,5681.8
43257,L27,19009,A11,B26,C34,PCS,954,1.11,D,C04,5.388146,1058.94,5705.72
43257,L27,19009,A11,B26,C34,PCS,607,1.11,D,C04,5.388146,673.77,3630.37
43257,L27,19009,A11,B26,C34,PCS,380,1.11,D,C04,5.388146,421.8,2272.72
43257,L27,19009,A11,B26,C34,PCS,981,1.11,D,C04,5.388146,1088.91,5867.21
43257,L27,19009,A11,B26,C34,PCS,547,1.11,D,C04,5.388146,607.17,3271.52
43272,L27,19053,A11,B30,C31,PCS,507,4.58,C,C09,1.199464,2322.06,2785.23
43272,L27,19053,A11,B30,C31,PCS,279,4.58,C,C09,1.199464,1277.82,1532.7
43272,L27,19053,A11,B30,C31,PCS,321,4.58,C,C09,1.199464,1470.18,1763.43
43272,L27,19053,A11,B30,C31,PCS,600,4.58,C,C09,1.199464,2748,3296.13
43272,L27,19053,A11,B30,C31,PCS,10,4.58,C,C09,1.199464,45.8,54.94
43272,L27,19053,A11,B30,C31,PCS,956,4.58,C,C09,1.199464,4378.48,5251.83
43272,L27,19053,A11,B30,C31,PCS,417,4.58,C,C09,1.199464,1909.86,2290.81
43272,L27,19053,A11,B30,C31,PCS,123,4.58,C,C09,1.199464,563.34,675.71
43272,L27,19053,A11,B30,C31,PCS,173,4.58,C,C09,1.199464,792.34,950.38
43272,L27,19053,A11,B30,C31,PCS,161,4.58,C,C09,1.199464,737.38,884.46
43263,L27,19076,A13,B26,C39,PCS,374,3.81,D,C10,8.657656,1424.94,12336.64
43263,L27,19076,A13,B26,C39,PCS,581,3.81,D,C10,8.657656,2213.61,19164.67
43263,L27,19076,A13,B26,C39,PCS,769,3.81,D,C10,8.657656,2929.89,25365.98
43263,L27,19076,A13,B26,C39,PCS,364,3.81,D,C10,8.657656,1386.84,12006.78
43263,L27,19076,A13,B26,C39,PCS,689,3.81,D,C10,8.657656,2625.09,22727.13
43263,L27,19076,A13,B26,C39,PCS,194,3.81,D,C10,8.657656,739.14,6399.22
43263,L27,19076,A13,B26,C39,PCS,795,3.81,D,C10,8.657656,3028.95,26223.61
43263,L27,19076,A13,B26,C39,PCS,69,3.81,D,C10,8.657656,262.89,2276.01
43263,L27,19076,A13,B26,C39,PCS,214,3.81,D,C10,8.657656,815.34,7058.93
43263,L27,19076,A13,B26,C39,PCS,312,3.81,D,C10,8.657656,1188.72,10291.53
43279,L27,19118,A20,B23,C31,PCS,22,2.07,C,C05,3.40242,45.54,154.95
43279,L27,19118,A20,B23,C31,PCS,676,2.07,C,C05,3.40242,1399.32,4761.07
43279,L27,19118,A20,B23,C31,PCS,62,2.07,C,C05,3.40242,128.34,436.67
43279,L27,19118,A20,B23,C31,PCS,389,2.07,C,C05,3.40242,805.23,2739.73
43279,L27,19118,A20,B23,C31,PCS,974,2.07,C,C05,3.40242,2016.18,6859.89
43279,L27,19118,A20,B23,C31,PCS,587,2.07,C,C05,3.40242,1215.09,4134.25
43279,L27,19118,A20,B23,C31,PCS,376,2.07,C,C05,3.40242,778.32,2648.17
43279,L27,19118,A20,B23,C31,PCS,181,2.07,C,C05,3.40242,374.67,1274.78
43279,L27,19118,A20,B23,C31,PCS,806,2.07,C,C05,3.40242,1668.42,5676.67
43279,L27,19118,A20,B23,C31,PCS,43,2.07,C,C05,3.40242,89.01,302.85
43270,L27,19119,A11,B22,C36,PCS,475,9.43,D,C10,8.657656,4479.25,38779.81
43270,L27,19119,A11,B22,C36,PCS,767,9.43,D,C10,8.657656,7232.81,62619.18
43270,L27,19119,A11,B22,C36,PCS,166,9.43,D,C10,8.657656,1565.38,13552.52
43270,L27,19119,A11,B22,C36,PCS,643,9.43,D,C10,8.657656,6063.49,52495.61
43270,L27,19119,A11,B22,C36,PCS,361,9.43,D,C10,8.657656,3404.23,29472.65
43270,L27,19119,A11,B22,C36,PCS,145,9.43,D,C10,8.657656,1367.35,11838.05
43270,L27,19119,A11,B22,C36,PCS,767,9.43,D,C10,8.657656,7232.81,62619.18
43270,L27,19119,A11,B22,C36,PCS,362,9.43,D,C10,8.657656,3413.66,29554.29
43270,L27,19119,A11,B22,C36,PCS,261,9.43,D,C10,8.657656,2461.23,21308.48
43270,L27,19119,A11,B22,C36,PCS,190,9.43,D,C10,8.657656,1791.7,15511.92
43277,L27,19123,A18,B26,C35,PCS,729,7.26,D,C08,1.496196,5292.54,7918.68
43277,L27,19123,A18,B26,C35,PCS,102,7.26,D,C08,1.496196,740.52,1107.96
43277,L27,19123,A18,B26,C35,PCS,582,7.26,D,C08,1.496196,4225.32,6321.91
43277,L27,19123,A18,B26,C35,PCS,205,7.26,D,C08,1.496196,1488.3,2226.79
43277,L27,19123,A18,B26,C35,PCS,732,7.26,D,C08,1.496196,5314.32,7951.26
43277,L27,19123,A18,B26,C35,PCS,393,7.26,D,C08,1.496196,2853.18,4268.92
43277,L27,19123,A18,B26,C35,PCS,165,7.26,D,C08,1.496196,1197.9,1792.29
43277,L27,19123,A18,B26,C35,PCS,435,7.26,D,C08,1.496196,3158.1,4725.14
43277,L27,19123,A18,B26,C35,PCS,223,7.26,D,C08,1.496196,1618.98,2422.31
43277,L27,19123,A18,B26,C35,PCS,742,7.26,D,C08,1.496196,5386.92,8059.89
43274,L27,19124,A18,B27,C33,PCS,411,3.45,C,C09,1.199464,1417.95,1700.78
43274,L27,19124,A18,B27,C33,PCS,994,3.45,C,C09,1.199464,3429.3,4113.32
43274,L27,19124,A18,B27,C33,PCS,609,3.45,C,C09,1.199464,2101.05,2520.13
43274,L27,19124,A18,B27,C33,PCS,373,3.45,C,C09,1.199464,1286.85,1543.53
43274,L27,19124,A18,B27,C33,PCS,420,3.45,C,C09,1.199464,1449,1738.02
43274,L27,19124,A18,B27,C33,PCS,478,3.45,C,C09,1.199464,1649.1,1978.04
43274,L27,19124,A18,B27,C33,PCS,73,3.45,C,C09,1.199464,251.85,302.09
43274,L27,19124,A18,B27,C33,PCS,573,3.45,C,C09,1.199464,1976.85,2371.16
43274,L27,19124,A18,B27,C33,PCS,835,3.45,C,C09,1.199464,2880.75,3455.36
43274,L27,19124,A18,B27,C33,PCS,795,3.45,C,C09,1.199464,2742.75,3289.83
43281,L27,19215,A13,B26,C39,PCS,922,8.64,C,C04,5.388146,7966.08,42922.4
43281,L27,19215,A13,B26,C39,PCS,769,8.64,C,C04,5.388146,6644.16,35799.7
43281,L27,19215,A13,B26,C39,PCS,457,8.64,C,C04,5.388146,3948.48,21274.99
43281,L27,19215,A13,B26,C39,PCS,375,8.64,C,C04,5.388146,3240,17457.59
43281,L27,19215,A13,B26,C39,PCS,886,8.64,C,C04,5.388146,7655.04,41246.47
43281,L27,19215,A13,B26,C39,PCS,996,8.64,C,C04,5.388146,8605.44,46367.37
43281,L27,19215,A13,B26,C39,PCS,444,8.64,C,C04,5.388146,3836.16,20669.79
43281,L27,19215,A13,B26,C39,PCS,417,8.64,C,C04,5.388146,3602.88,19412.84
43281,L27,19215,A13,B26,C39,PCS,603,8.64,C,C04,5.388146,5209.92,28071.81
43281,L27,19215,A13,B26,C39,PCS,453,8.64,C,C04,5.388146,3913.92,21088.77
43257,L27,19762,A16,B26,C37,PCS,376,1.11,C,C04,5.388146,417.36,2248.8
43257,L27,19762,A16,B26,C37,PCS,819,1.11,C,C04,5.388146,909.09,4898.31
43257,L27,19762,A16,B26,C37,PCS,248,1.11,C,C04,5.388146,275.28,1483.25
43257,L27,19762,A16,B26,C37,PCS,308,1.11,C,C04,5.388146,341.88,1842.1
43257,L27,19762,A16,B26,C37,PCS,295,1.11,C,C04,5.388146,327.45,1764.35
43257,L27,19762,A16,B26,C37,PCS,952,1.11,C,C04,5.388146,1056.72,5693.76
43257,L27,19762,A16,B26,C37,PCS,289,1.11,C,C04,5.388146,320.79,1728.46
43257,L27,19762,A16,B26,C37,PCS,373,1.11,C,C04,5.388146,414.03,2230.85
43257,L27,19762,A16,B26,C37,PCS,890,1.11,C,C04,5.388146,987.9,5322.95
43257,L27,19762,A16,B26,C37,PCS,243,1.11,C,C04,5.388146,269.73,1453.34
43254,L27,19803,A10,B21,C34,PCS,526,5.16,D,C08,1.496196,2714.16,4060.92
43254,L27,19803,A10,B21,C34,PCS,433,5.16,D,C08,1.496196,2234.28,3342.92
43254,L27,19803,A10,B21,C34,PCS,504,5.16,D,C08,1.496196,2600.64,3891.07
43254,L27,19803,A10,B21,C34,PCS,574,5.16,D,C08,1.496196,2961.84,4431.49
43254,L27,19803,A10,B21,C34,PCS,599,5.16,D,C08,1.496196,3090.84,4624.5
43254,L27,19803,A10,B21,C34,PCS,644,5.16,D,C08,1.496196,3323.04,4971.92
43254,L27,19803,A10,B21,C34,PCS,673,5.16,D,C08,1.496196,3472.68,5195.81
43254,L27,19803,A10,B21,C34,PCS,884,5.16,D,C08,1.496196,4561.44,6824.81
43254,L27,19803,A10,B21,C34,PCS,33,5.16,D,C08,1.496196,170.28,254.77
43254,L27,19803,A10,B21,C34,PCS,544,5.16,D,C08,1.496196,2807.04,4199.88
43258,L27,19861,A16,B27,C34,PCS,987,4.87,D,C03,7.133317,4806.69,34287.64
43258,L27,19861,A16,B27,C34,PCS,380,4.87,D,C03,7.133317,1850.6,13200.92
43258,L27,19861,A16,B27,C34,PCS,165,4.87,D,C03,7.133317,803.55,5731.98
43258,L27,19861,A16,B27,C34,PCS,565,4.87,D,C03,7.133317,2751.55,19627.68
43258,L27,19861,A16,B27,C34,PCS,766,4.87,D,C03,7.133317,3730.42,26610.27
43258,L27,19861,A16,B27,C34,PCS,827,4.87,D,C03,7.133317,4027.49,28729.36
43258,L27,19861,A16,B27,C34,PCS,947,4.87,D,C03,7.133317,4611.89,32898.07
43258,L27,19861,A16,B27,C34,PCS,496,4.87,D,C03,7.133317,2415.52,17230.67
43258,L27,19861,A16,B27,C34,PCS,120,4.87,D,C03,7.133317,584.4,4168.71
43258,L27,19861,A16,B27,C34,PCS,260,4.87,D,C03,7.133317,1266.2,9032.21
43261,L27,19868,A20,B25,C35,PCS,297,3.63,D,C04,5.388146,1078.11,5809.01
43261,L27,19868,A20,B25,C35,PCS,958,3.63,D,C04,5.388146,3477.54,18737.49
43261,L27,19868,A20,B25,C35,PCS,584,3.63,D,C04,5.388146,2119.92,11422.44
43261,L27,19868,A20,B25,C35,PCS,233,3.63,D,C04,5.388146,845.79,4557.24
43261,L27,19868,A20,B25,C35,PCS,977,3.63,D,C04,5.388146,3546.51,19109.11
43261,L27,19868,A20,B25,C35,PCS,98,3.63,D,C04,5.388146,355.74,1916.78
43261,L27,19868,A20,B25,C35,PCS,708,3.63,D,C04,5.388146,2570.04,13847.75
43261,L27,19868,A20,B25,C35,PCS,928,3.63,D,C04,5.388146,3368.64,18150.72
43261,L27,19868,A20,B25,C35,PCS,501,3.63,D,C04,5.388146,1818.63,9799.04
43261,L27,19868,A20,B25,C35,PCS,872,3.63,D,C04,5.388146,3165.36,17055.42
43258,L27,19995,A18,B22,C37,PCS,539,3.42,C,C01,6.825646,1843.38,12582.26
43258,L27,19995,A18,B22,C37,PCS,615,3.42,C,C01,6.825646,2103.3,14356.38
43258,L27,19995,A18,B22,C37,PCS,982,3.42,C,C01,6.825646,3358.44,22923.52
43258,L27,19995,A18,B22,C37,PCS,666,3.42,C,C01,6.825646,2277.72,15546.91
43258,L27,19995,A18,B22,C37,PCS,954,3.42,C,C01,6.825646,3262.68,22269.9
43258,L27,19995,A18,B22,C37,PCS,348,3.42,C,C01,6.825646,1190.16,8123.61
43258,L27,19995,A18,B22,C37,PCS,400,3.42,C,C01,6.825646,1368,9337.48
43258,L27,19995,A18,B22,C37,PCS,121,3.42,C,C01,6.825646,413.82,2824.59
43258,L27,19995,A18,B22,C37,PCS,590,3.42,C,C01,6.825646,2017.8,13772.79
43258,L27,19995,A18,B22,C37,PCS,503,3.42,C,C01,6.825646,1720.26,11741.89
43298,L27,10024,A12,B28,C37,PCS,908,8.96,D,C01,6.825646,8135.68,55531.27
43298,L27,10024,A12,B28,C37,PCS,576,8.96,D,C01,6.825646,5160.96,35226.89
43298,L27,10024,A12,B28,C37,PCS,295,8.96,D,C01,6.825646,2643.2,18041.55
43298,L27,10024,A12,B28,C37,PCS,697,8.96,D,C01,6.825646,6245.12,42626.98
43298,L27,10024,A12,B28,C37,PCS,103,8.96,D,C01,6.825646,922.88,6299.25
43298,L27,10024,A12,B28,C37,PCS,636,8.96,D,C01,6.825646,5698.56,38896.35
43298,L27,10024,A12,B28,C37,PCS,599,8.96,D,C01,6.825646,5367.04,36633.52
43298,L27,10024,A12,B28,C37,PCS,328,8.96,D,C01,6.825646,2938.88,20059.75
43298,L27,10024,A12,B28,C37,PCS,410,8.96,D,C01,6.825646,3673.6,25074.69
43298,L27,10024,A12,B28,C37,PCS,965,8.96,D,C01,6.825646,8646.4,59017.27
43282,L27,10221,A10,B30,C35,PCS,677,7.73,D,C03,7.133317,5233.21,37330.15
43282,L27,10221,A10,B30,C35,PCS,99,7.73,D,C03,7.133317,765.27,5458.91
43282,L27,10221,A10,B30,C35,PCS,487,7.73,D,C03,7.133317,3764.51,26853.44
43282,L27,10221,A10,B30,C35,PCS,831,7.73,D,C03,7.133317,6423.63,45821.79
43282,L27,10221,A10,B30,C35,PCS,75,7.73,D,C03,7.133317,579.75,4135.54
43282,L27,10221,A10,B30,C35,PCS,144,7.73,D,C03,7.133317,1113.12,7940.24
43282,L27,10221,A10,B30,C35,PCS,345,7.73,D,C03,7.133317,2666.85,19023.49
43282,L27,10221,A10,B30,C35,PCS,54,7.73,D,C03,7.133317,417.42,2977.59
43282,L27,10221,A10,B30,C35,PCS,297,7.73,D,C03,7.133317,2295.81,16376.74
43282,L27,10221,A10,B30,C35,PCS,431,7.73,D,C03,7.133317,3331.63,23765.57
43288,L27,10326,A13,B20,C31,PCS,773,7.23,D,C02,9.912483,5588.79,55398.79
43288,L27,10326,A13,B20,C31,PCS,157,7.23,D,C02,9.912483,1135.11,11251.76
43288,L27,10326,A13,B20,C31,PCS,820,7.23,D,C02,9.912483,5928.6,58767.15
43288,L27,10326,A13,B20,C31,PCS,318,7.23,D,C02,9.912483,2299.14,22790.19
43288,L27,10326,A13,B20,C31,PCS,707,7.23,D,C02,9.912483,5111.61,50668.75
43288,L27,10326,A13,B20,C31,PCS,282,7.23,D,C02,9.912483,2038.86,20210.17
43288,L27,10326,A13,B20,C31,PCS,921,7.23,D,C02,9.912483,6658.83,66005.54
43288,L27,10326,A13,B20,C31,PCS,75,7.23,D,C02,9.912483,542.25,5375.04
43288,L27,10326,A13,B20,C31,PCS,416,7.23,D,C02,9.912483,3007.68,29813.58
43288,L27,10326,A13,B20,C31,PCS,9,7.23,D,C02,9.912483,65.07,645.01
43286,L27,10514,A19,B24,C36,PCS,745,9.6,C,C05,3.40242,7152,24334.11
43286,L27,10514,A19,B24,C36,PCS,948,9.6,C,C05,3.40242,9100.8,30964.74
43286,L27,10514,A19,B24,C36,PCS,458,9.6,C,C05,3.40242,4396.8,14959.76
43286,L27,10514,A19,B24,C36,PCS,105,9.6,C,C05,3.40242,1008,3429.64
43286,L27,10514,A19,B24,C36,PCS,934,9.6,C,C05,3.40242,8966.4,30507.46
43286,L27,10514,A19,B24,C36,PCS,919,9.6,C,C05,3.40242,8822.4,30017.51
43286,L27,10514,A19,B24,C36,PCS,990,9.6,C,C05,3.40242,9504,32336.6
43286,L27,10514,A19,B24,C36,PCS,433,9.6,C,C05,3.40242,4156.8,14143.18
43286,L27,10514,A19,B24,C36,PCS,66,9.6,C,C05,3.40242,633.6,2155.77
43286,L27,10514,A19,B24,C36,PCS,656,9.6,C,C05,3.40242,6297.6,21427.08
43283,L27,10572,A15,B26,C39,PCS,96,3.85,C,C09,1.199464,369.6,443.32
43283,L27,10572,A15,B26,C39,PCS,660,3.85,C,C09,1.199464,2541,3047.84
43283,L27,10572,A15,B26,C39,PCS,881,3.85,C,C09,1.199464,3391.85,4068.4
43283,L27,10572,A15,B26,C39,PCS,557,3.85,C,C09,1.199464,2144.45,2572.19
43283,L27,10572,A15,B26,C39,PCS,245,3.85,C,C09,1.199464,943.25,1131.39
43283,L27,10572,A15,B26,C39,PCS,506,3.85,C,C09,1.199464,1948.1,2336.68
43283,L27,10572,A15,B26,C39,PCS,85,3.85,C,C09,1.199464,327.25,392.52
43283,L27,10572,A15,B26,C39,PCS,376,3.85,C,C09,1.199464,1447.6,1736.34
43283,L27,10572,A15,B26,C39,PCS,415,3.85,C,C09,1.199464,1597.75,1916.44
43283,L27,10572,A15,B26,C39,PCS,763,3.85,C,C09,1.199464,2937.55,3523.49
43286,L27,10673,A17,B26,C34,PCS,748,4.39,D,C01,6.825646,3283.72,22413.51
43286,L27,10673,A17,B26,C34,PCS,477,4.39,D,C01,6.825646,2094.03,14293.11
43286,L27,10673,A17,B26,C34,PCS,236,4.39,D,C01,6.825646,1036.04,7071.64
43286,L27,10673,A17,B26,C34,PCS,199,4.39,D,C01,6.825646,873.61,5962.95
43286,L27,10673,A17,B26,C34,PCS,524,4.39,D,C01,6.825646,2300.36,15701.44
43286,L27,10673,A17,B26,C34,PCS,831,4.39,D,C01,6.825646,3648.09,24900.57
43286,L27,10673,A17,B26,C34,PCS,850,4.39,D,C01,6.825646,3731.5,25469.9
43286,L27,10673,A17,B26,C34,PCS,879,4.39,D,C01,6.825646,3858.81,26338.87
43286,L27,10673,A17,B26,C34,PCS,57,4.39,D,C01,6.825646,250.23,1707.98
43286,L27,10673,A17,B26,C34,PCS,264,4.39,D,C01,6.825646,1158.96,7910.65
43283,L27,10833,A13,B30,C40,PCS,763,6.54,D,C03,7.133317,4990.02,35595.39
43283,L27,10833,A13,B30,C40,PCS,835,6.54,D,C03,7.133317,5460.9,38954.33
43283,L27,10833,A13,B30,C40,PCS,538,6.54,D,C03,7.133317,3518.52,25098.72
43283,L27,10833,A13,B30,C40,PCS,571,6.54,D,C03,7.133317,3734.34,26638.23
43283,L27,10833,A13,B30,C40,PCS,389,6.54,D,C03,7.133317,2544.06,18147.59
43283,L27,10833,A13,B30,C40,PCS,883,6.54,D,C03,7.133317,5774.82,41193.62
43283,L27,10833,A13,B30,C40,PCS,460,6.54,D,C03,7.133317,3008.4,21459.87
43283,L27,10833,A13,B30,C40,PCS,441,6.54,D,C03,7.133317,2884.14,20573.48
43283,L27,10833,A13,B30,C40,PCS,39,6.54,D,C03,7.133317,255.06,1819.42
43283,L27,10833,A13,B30,C40,PCS,351,6.54,D,C03,7.133317,2295.54,16374.81
43283,L27,10925,A15,B25,C34,PCS,443,1.72,D,C02,9.912483,761.96,7552.92
43283,L27,10925,A15,B25,C34,PCS,154,1.72,D,C02,9.912483,264.88,2625.62
43283,L27,10925,A15,B25,C34,PCS,336,1.72,D,C02,9.912483,577.92,5728.62
43283,L27,10925,A15,B25,C34,PCS,981,1.72,D,C02,9.912483,1687.32,16725.53
43283,L27,10925,A15,B25,C34,PCS,996,1.72,D,C02,9.912483,1713.12,16981.27
43283,L27,10925,A15,B25,C34,PCS,252,1.72,D,C02,9.912483,433.44,4296.47
43283,L27,10925,A15,B25,C34,PCS,978,1.72,D,C02,9.912483,1682.16,16674.38
43283,L27,10925,A15,B25,C34,PCS,567,1.72,D,C02,9.912483,975.24,9667.05
43283,L27,10925,A15,B25,C34,PCS,198,1.72,D,C02,9.912483,340.56,3375.8
43283,L27,10925,A15,B25,C34,PCS,362,1.72,D,C02,9.912483,622.64,6171.91
43282,L27,10953,A11,B24,C32,PCS,110,1.11,C,C02,9.912483,122.1,1210.31
43282,L27,10953,A11,B24,C32,PCS,810,1.11,C,C02,9.912483,899.1,8912.31
43282,L27,10953,A11,B24,C32,PCS,501,1.11,C,C02,9.912483,556.11,5512.43
43282,L27,10953,A11,B24,C32,PCS,51,1.11,C,C02,9.912483,56.61,561.15
43282,L27,10953,A11,B24,C32,PCS,982,1.11,C,C02,9.912483,1090.02,10804.8
43282,L27,10953,A11,B24,C32,PCS,82,1.11,C,C02,9.912483,91.02,902.23
43282,L27,10953,A11,B24,C32,PCS,358,1.11,C,C02,9.912483,397.38,3939.02
43282,L27,10953,A11,B24,C32,PCS,524,1.11,C,C02,9.912483,581.64,5765.5
43282,L27,10953,A11,B24,C32,PCS,394,1.11,C,C02,9.912483,437.34,4335.13
43282,L27,10953,A11,B24,C32,PCS,975,1.11,C,C02,9.912483,1082.25,10727.78
43292,L27,11139,A19,B23,C37,PCS,726,4.89,D,C05,3.40242,3550.14,12079.07
43292,L27,11139,A19,B23,C37,PCS,326,4.89,D,C05,3.40242,1594.14,5423.93
43292,L27,11139,A19,B23,C37,PCS,277,4.89,D,C05,3.40242,1354.53,4608.68
43292,L27,11139,A19,B23,C37,PCS,688,4.89,D,C05,3.40242,3364.32,11446.83
43292,L27,11139,A19,B23,C37,PCS,990,4.89,D,C05,3.40242,4841.1,16471.46
43292,L27,11139,A19,B23,C37,PCS,397,4.89,D,C05,3.40242,1941.33,6605.22
43292,L27,11139,A19,B23,C37,PCS,357,4.89,D,C05,3.40242,1745.73,5939.71
43292,L27,11139,A19,B23,C37,PCS,526,4.89,D,C05,3.40242,2572.14,8751.5
43292,L27,11139,A19,B23,C37,PCS,613,4.89,D,C05,3.40242,2997.57,10198.99
43292,L27,11139,A19,B23,C37,PCS,255,4.89,D,C05,3.40242,1246.95,4242.65
43284,L27,11713,A11,B26,C38,PCS,90,4.32,D,C05,3.40242,388.8,1322.86
43284,L27,11713,A11,B26,C38,PCS,965,4.32,D,C05,3.40242,4168.8,14184.01
43284,L27,11713,A11,B26,C38,PCS,942,4.32,D,C05,3.40242,4069.44,13845.94
43284,L27,11713,A11,B26,C38,PCS,40,4.32,D,C05,3.40242,172.8,587.94
43284,L27,11713,A11,B26,C38,PCS,621,4.32,D,C05,3.40242,2682.72,9127.74
43284,L27,11713,A11,B26,C38,PCS,156,4.32,D,C05,3.40242,673.92,2292.96
43284,L27,11713,A11,B26,C38,PCS,588,4.32,D,C05,3.40242,2540.16,8642.69
43284,L27,11713,A11,B26,C38,PCS,384,4.32,D,C05,3.40242,1658.88,5644.21
43284,L27,11713,A11,B26,C38,PCS,415,4.32,D,C05,3.40242,1792.8,6099.86
43284,L27,11713,A11,B26,C38,PCS,277,4.32,D,C05,3.40242,1196.64,4071.47
43298,L27,11823,A15,B22,C35,PCS,908,2.79,C,C03,7.133317,2533.32,18070.97
43298,L27,11823,A15,B22,C35,PCS,829,2.79,C,C03,7.133317,2312.91,16498.72
43298,L27,11823,A15,B22,C35,PCS,394,2.79,C,C03,7.133317,1099.26,7841.37
43298,L27,11823,A15,B22,C35,PCS,769,2.79,C,C03,7.133317,2145.51,15304.6
43298,L27,11823,A15,B22,C35,PCS,302,2.79,C,C03,7.133317,842.58,6010.39
43298,L27,11823,A15,B22,C35,PCS,138,2.79,C,C03,7.133317,385.02,2746.47
43298,L27,11823,A15,B22,C35,PCS,224,2.79,C,C03,7.133317,624.96,4458.04
43298,L27,11823,A15,B22,C35,PCS,547,2.79,C,C03,7.133317,1526.13,10886.37
43298,L27,11823,A15,B22,C35,PCS,40,2.79,C,C03,7.133317,111.6,796.08
43298,L27,11823,A15,B22,C35,PCS,814,2.79,C,C03,7.133317,2271.06,16200.19
43292,L27,11920,A16,B24,C30,PCS,254,2.98,C,C09,1.199464,756.92,907.9
43292,L27,11920,A16,B24,C30,PCS,68,2.98,C,C09,1.199464,202.64,243.06
43292,L27,11920,A16,B24,C30,PCS,865,2.98,C,C09,1.199464,2577.7,3091.86
43292,L27,11920,A16,B24,C30,PCS,69,2.98,C,C09,1.199464,205.62,246.63
43292,L27,11920,A16,B24,C30,PCS,859,2.98,C,C09,1.199464,2559.82,3070.41
43292,L27,11920,A16,B24,C30,PCS,592,2.98,C,C09,1.199464,1764.16,2116.05
43292,L27,11920,A16,B24,C30,PCS,366,2.98,C,C09,1.199464,1090.68,1308.23
43292,L27,11920,A16,B24,C30,PCS,735,2.98,C,C09,1.199464,2190.3,2627.19
43292,L27,11920,A16,B24,C30,PCS,613,2.98,C,C09,1.199464,1826.74,2191.11
43292,L27,11920,A16,B24,C30,PCS,195,2.98,C,C09,1.199464,581.1,697.01
43291,L27,12122,A14,B23,C33,PCS,321,3.48,C,C01,6.825646,1117.08,7624.79
43291,L27,12122,A14,B23,C33,PCS,378,3.48,C,C01,6.825646,1315.44,8978.73
43291,L27,12122,A14,B23,C33,PCS,498,3.48,C,C01,6.825646,1733.04,11829.12
43291,L27,12122,A14,B23,C33,PCS,666,3.48,C,C01,6.825646,2317.68,15819.66
43291,L27,12122,A14,B23,C33,PCS,183,3.48,C,C01,6.825646,636.84,4346.84
43291,L27,12122,A14,B23,C33,PCS,554,3.48,C,C01,6.825646,1927.92,13159.3
43291,L27,12122,A14,B23,C33,PCS,999,3.48,C,C01,6.825646,3476.52,23729.49
43291,L27,12122,A14,B23,C33,PCS,698,3.48,C,C01,6.825646,2429.04,16579.77
43291,L27,12122,A14,B23,C33,PCS,370,3.48,C,C01,6.825646,1287.6,8788.7
43291,L27,12122,A14,B23,C33,PCS,827,3.48,C,C01,6.825646,2877.96,19643.94
43297,L27,12187,A11,B29,C38,PCS,116,2.15,C,C02,9.912483,249.4,2472.17
43297,L27,12187,A11,B29,C38,PCS,620,2.15,C,C02,9.912483,1333,13213.34
43297,L27,12187,A11,B29,C38,PCS,720,2.15,C,C02,9.912483,1548,15344.52
43297,L27,12187,A11,B29,C38,PCS,645,2.15,C,C02,9.912483,1386.75,13746.14
43297,L27,12187,A11,B29,C38,PCS,749,2.15,C,C02,9.912483,1610.35,15962.57
43297,L27,12187,A11,B29,C38,PCS,290,2.15,C,C02,9.912483,623.5,6180.43
43297,L27,12187,A11,B29,C38,PCS,126,2.15,C,C02,9.912483,270.9,2685.29
43297,L27,12187,A11,B29,C38,PCS,283,2.15,C,C02,9.912483,608.45,6031.25
43297,L27,12187,A11,B29,C38,PCS,533,2.15,C,C02,9.912483,1145.95,11359.21
43297,L27,12187,A11,B29,C38,PCS,327,2.15,C,C02,9.912483,703.05,6968.97
43298,L27,12470,A11,B29,C38,PCS,735,6.99,D,C09,1.199464,5137.65,6162.43
43298,L27,12470,A11,B29,C38,PCS,398,6.99,D,C09,1.199464,2782.02,3336.93
43298,L27,12470,A11,B29,C38,PCS,706,6.99,D,C09,1.199464,4934.94,5919.28
43298,L27,12470,A11,B29,C38,PCS,747,6.99,D,C09,1.199464,5221.53,6263.04
43298,L27,12470,A11,B29,C38,PCS,180,6.99,D,C09,1.199464,1258.2,1509.17
43298,L27,12470,A11,B29,C38,PCS,494,6.99,D,C09,1.199464,3453.06,4141.82
43298,L27,12470,A11,B29,C38,PCS,746,6.99,D,C09,1.199464,5214.54,6254.65
43298,L27,12470,A11,B29,C38,PCS,116,6.99,D,C09,1.199464,810.84,972.57
43298,L27,12470,A11,B29,C38,PCS,287,6.99,D,C09,1.199464,2006.13,2406.28
43298,L27,12470,A11,B29,C38,PCS,563,6.99,D,C09,1.199464,3935.37,4720.33
43300,L27,12489,A10,B22,C35,PCS,231,7.75,C,C08,1.496196,1790.25,2678.56
43300,L27,12489,A10,B22,C35,PCS,196,7.75,C,C08,1.496196,1519,2272.72
43300,L27,12489,A10,B22,C35,PCS,344,7.75,C,C08,1.496196,2666,3988.86
43300,L27,12489,A10,B22,C35,PCS,437,7.75,C,C08,1.496196,3386.75,5067.24
43300,L27,12489,A10,B22,C35,PCS,697,7.75,C,C08,1.496196,5401.75,8082.08
43300,L27,12489,A10,B22,C35,PCS,665,7.75,C,C08,1.496196,5153.75,7711.02
43300,L27,12489,A10,B22,C35,PCS,384,7.75,C,C08,1.496196,2976,4452.68
43300,L27,12489,A10,B22,C35,PCS,23,7.75,C,C08,1.496196,178.25,266.7
43300,L27,12489,A10,B22,C35,PCS,223,7.75,C,C08,1.496196,1728.25,2585.8
43300,L27,12489,A10,B22,C35,PCS,538,7.75,C,C08,1.496196,4169.5,6238.39
43295,L27,13014,A19,B28,C37,PCS,880,3.01,C,C04,5.388146,2648.8,14272.12
43295,L27,13014,A19,B28,C37,PCS,712,3.01,C,C04,5.388146,2143.12,11547.44
43295,L27,13014,A19,B28,C37,PCS,887,3.01,C,C04,5.388146,2669.87,14385.65
43295,L27,13014,A19,B28,C37,PCS,52,3.01,C,C04,5.388146,156.52,843.35
43295,L27,13014,A19,B28,C37,PCS,92,3.01,C,C04,5.388146,276.92,1492.09
43295,L27,13014,A19,B28,C37,PCS,214,3.01,C,C04,5.388146,644.14,3470.72
43295,L27,13014,A19,B28,C37,PCS,278,3.01,C,C04,5.388146,836.78,4508.69
43295,L27,13014,A19,B28,C37,PCS,327,3.01,C,C04,5.388146,984.27,5303.39
43295,L27,13014,A19,B28,C37,PCS,626,3.01,C,C04,5.388146,1884.26,10152.67
43295,L27,13014,A19,B28,C37,PCS,317,3.01,C,C04,5.388146,954.17,5141.21
43288,L27,13015,A15,B21,C36,PCS,29,7.23,D,C02,9.912483,209.67,2078.35
43288,L27,13015,A15,B21,C36,PCS,945,7.23,D,C02,9.912483,6832.35,67725.55
43288,L27,13015,A15,B21,C36,PCS,973,7.23,D,C02,9.912483,7034.79,69732.24
43288,L27,13015,A15,B21,C36,PCS,953,7.23,D,C02,9.912483,6890.19,68298.89
43288,L27,13015,A15,B21,C36,PCS,51,7.23,D,C02,9.912483,368.73,3655.03
43288,L27,13015,A15,B21,C36,PCS,282,7.23,D,C02,9.912483,2038.86,20210.17
43288,L27,13015,A15,B21,C36,PCS,995,7.23,D,C02,9.912483,7193.85,71308.92
43288,L27,13015,A15,B21,C36,PCS,114,7.23,D,C02,9.912483,824.22,8170.07
43288,L27,13015,A15,B21,C36,PCS,325,7.23,D,C02,9.912483,2349.75,23291.86
43288,L27,13015,A15,B21,C36,PCS,853,7.23,D,C02,9.912483,6167.19,61132.17
43300,L27,13075,A14,B25,C32,PCS,875,7.75,D,C08,1.496196,6781.25,10146.08
43300,L27,13075,A14,B25,C32,PCS,566,7.75,D,C08,1.496196,4386.5,6563.06
43300,L27,13075,A14,B25,C32,PCS,236,7.75,D,C08,1.496196,1829,2736.54
43300,L27,13075,A14,B25,C32,PCS,721,7.75,D,C08,1.496196,5587.75,8360.37
43300,L27,13075,A14,B25,C32,PCS,162,7.75,D,C08,1.496196,1255.5,1878.47
43300,L27,13075,A14,B25,C32,PCS,351,7.75,D,C08,1.496196,2720.25,4070.03
43300,L27,13075,A14,B25,C32,PCS,595,7.75,D,C08,1.496196,4611.25,6899.33
43300,L27,13075,A14,B25,C32,PCS,69,7.75,D,C08,1.496196,534.75,800.09
43300,L27,13075,A14,B25,C32,PCS,961,7.75,D,C08,1.496196,7447.75,11143.29
43300,L27,13075,A14,B25,C32,PCS,888,7.75,D,C08,1.496196,6882,10296.82
43296,L27,13213,A18,B27,C33,PCS,665,1.69,C,C02,9.912483,1123.85,11140.14
43296,L27,13213,A18,B27,C33,PCS,196,1.69,C,C02,9.912483,331.24,3283.41
43296,L27,13213,A18,B27,C33,PCS,894,1.69,C,C02,9.912483,1510.86,14976.37
43296,L27,13213,A18,B27,C33,PCS,742,1.69,C,C02,9.912483,1253.98,12430.06
43296,L27,13213,A18,B27,C33,PCS,797,1.69,C,C02,9.912483,1346.93,13351.42
43296,L27,13213,A18,B27,C33,PCS,261,1.69,C,C02,9.912483,441.09,4372.3
43296,L27,13213,A18,B27,C33,PCS,901,1.69,C,C02,9.912483,1522.69,15093.64
43296,L27,13213,A18,B27,C33,PCS,604,1.69,C,C02,9.912483,1020.76,10118.27
43296,L27,13213,A18,B27,C33,PCS,889,1.69,C,C02,9.912483,1502.41,14892.61
43296,L27,13213,A18,B27,C33,PCS,669,1.69,C,C02,9.912483,1130.61,11207.15
43296,L27,13251,A16,B28,C30,PCS,163,6.92,D,C02,9.912483,1127.96,11180.88
43296,L27,13251,A16,B28,C30,PCS,269,6.92,D,C02,9.912483,1861.48,18451.89
43296,L27,13251,A16,B28,C30,PCS,119,6.92,D,C02,9.912483,823.48,8162.73
43296,L27,13251,A16,B28,C30,PCS,823,6.92,D,C02,9.912483,5695.16,56453.18
43296,L27,13251,A16,B28,C30,PCS,355,6.92,D,C02,9.912483,2456.6,24351.01
43296,L27,13251,A16,B28,C30,PCS,687,6.92,D,C02,9.912483,4754.04,47124.34
43296,L27,13251,A16,B28,C30,PCS,274,6.92,D,C02,9.912483,1896.08,18794.86
43296,L27,13251,A16,B28,C30,PCS,578,6.92,D,C02,9.912483,3999.76,39647.55
43296,L27,13251,A16,B28,C30,PCS,557,6.92,D,C02,9.912483,3854.44,38207.07
43296,L27,13251,A16,B28,C30,PCS,861,6.92,D,C02,9.912483,5958.12,59059.76
43297,L27,13351,A16,B21,C38,PCS,129,2.15,D,C02,9.912483,277.35,2749.23
43297,L27,13351,A16,B21,C38,PCS,893,2.15,D,C02,9.912483,1919.95,19031.47
43297,L27,13351,A16,B21,C38,PCS,622,2.15,D,C02,9.912483,1337.3,13255.96
43297,L27,13351,A16,B21,C38,PCS,827,2.15,D,C02,9.912483,1778.05,17624.89
43297,L27,13351,A16,B21,C38,PCS,24,2.15,D,C02,9.912483,51.6,511.48
43297,L27,13351,A16,B21,C38,PCS,361,2.15,D,C02,9.912483,776.15,7693.57
43297,L27,13351,A16,B21,C38,PCS,289,2.15,D,C02,9.912483,621.35,6159.12
43297,L27,13351,A16,B21,C38,PCS,199,2.15,D,C02,9.912483,427.85,4241.06
43297,L27,13351,A16,B21,C38,PCS,741,2.15,D,C02,9.912483,1593.15,15792.07
43297,L27,13351,A16,B21,C38,PCS,872,2.15,D,C02,9.912483,1874.8,18583.92
43290,L27,13513,A11,B26,C31,PCS,328,3.81,C,C05,3.40242,1249.68,4251.94
43290,L27,13513,A11,B26,C31,PCS,806,3.81,C,C05,3.40242,3070.86,10448.36
43290,L27,13513,A11,B26,C31,PCS,944,3.81,C,C05,3.40242,3596.64,12237.28
43290,L27,13513,A11,B26,C31,PCS,585,3.81,C,C05,3.40242,2228.85,7583.48
43290,L27,13513,A11,B26,C31,PCS,919,3.81,C,C05,3.40242,3501.39,11913.2
43290,L27,13513,A11,B26,C31,PCS,720,3.81,C,C05,3.40242,2743.2,9333.52
43290,L27,13513,A11,B26,C31,PCS,181,3.81,C,C05,3.40242,689.61,2346.34
43290,L27,13513,A11,B26,C31,PCS,217,3.81,C,C05,3.40242,826.77,2813.02
43290,L27,13513,A11,B26,C31,PCS,489,3.81,C,C05,3.40242,1863.09,6339.01
43290,L27,13513,A11,B26,C31,PCS,841,3.81,C,C05,3.40242,3204.21,10902.07
43283,L27,13705,A17,B23,C37,PCS,976,1.72,C,C02,9.912483,1678.72,16640.28
43283,L27,13705,A17,B23,C37,PCS,739,1.72,C,C02,9.912483,1271.08,12599.56
43283,L27,13705,A17,B23,C37,PCS,439,1.72,C,C02,9.912483,755.08,7484.72
43283,L27,13705,A17,B23,C37,PCS,247,1.72,C,C02,9.912483,424.84,4211.22
43283,L27,13705,A17,B23,C37,PCS,363,1.72,C,C02,9.912483,624.36,6188.96
43283,L27,13705,A17,B23,C37,PCS,348,1.72,C,C02,9.912483,598.56,5933.22
43283,L27,13705,A17,B23,C37,PCS,940,1.72,C,C02,9.912483,1616.8,16026.5
43283,L27,13705,A17,B23,C37,PCS,444,1.72,C,C02,9.912483,763.68,7569.97
43283,L27,13705,A17,B23,C37,PCS,456,1.72,C,C02,9.912483,784.32,7774.56
43283,L27,13705,A17,B23,C37,PCS,219,1.72,C,C02,9.912483,376.68,3733.83
43300,L27,13756,A13,B20,C31,PCS,840,7.75,D,C08,1.496196,6510,9740.24
43300,L27,13756,A13,B20,C31,PCS,363,7.75,D,C08,1.496196,2813.25,4209.17
43300,L27,13756,A13,B20,C31,PCS,416,7.75,D,C08,1.496196,3224,4823.74
43300,L27,13756,A13,B20,C31,PCS,839,7.75,D,C08,1.496196,6502.25,9728.64
43300,L27,13756,A13,B20,C31,PCS,21,7.75,D,C08,1.496196,162.75,243.51
43300,L27,13756,A13,B20,C31,PCS,198,7.75,D,C08,1.496196,1534.5,2295.91
43300,L27,13756,A13,B20,C31,PCS,84,7.75,D,C08,1.496196,651,974.02
43300,L27,13756,A13,B20,C31,PCS,777,7.75,D,C08,1.496196,6021.75,9009.72
43300,L27,13756,A13,B20,C31,PCS,286,7.75,D,C08,1.496196,2216.5,3316.32
43300,L27,13756,A13,B20,C31,PCS,516,7.75,D,C08,1.496196,3999,5983.29
43294,L27,13775,A16,B26,C36,PCS,439,7.93,D,C06,3.547054,3481.27,12348.25
43294,L27,13775,A16,B26,C36,PCS,841,7.93,D,C06,3.547054,6669.13,23655.76
43294,L27,13775,A16,B26,C36,PCS,893,7.93,D,C06,3.547054,7081.49,25118.43
43294,L27,13775,A16,B26,C36,PCS,992,7.93,D,C06,3.547054,7866.56,27903.11
43294,L27,13775,A16,B26,C36,PCS,859,7.93,D,C06,3.547054,6811.87,24162.07
43294,L27,13775,A16,B26,C36,PCS,998,7.93,D,C06,3.547054,7914.14,28071.88
43294,L27,13775,A16,B26,C36,PCS,111,7.93,D,C06,3.547054,880.23,3122.22
43294,L27,13775,A16,B26,C36,PCS,787,7.93,D,C06,3.547054,6240.91,22136.84
43294,L27,13775,A16,B26,C36,PCS,791,7.93,D,C06,3.547054,6272.63,22249.36
43294,L27,13775,A16,B26,C36,PCS,317,7.93,D,C06,3.547054,2513.81,8916.62
43293,L27,13911,A17,B20,C39,PCS,957,6.76,D,C06,3.547054,6469.32,22947.03
43293,L27,13911,A17,B20,C39,PCS,40,6.76,D,C06,3.547054,270.4,959.12
43293,L27,13911,A17,B20,C39,PCS,157,6.76,D,C06,3.547054,1061.32,3764.56
43293,L27,13911,A17,B20,C39,PCS,155,6.76,D,C06,3.547054,1047.8,3716.6
43293,L27,13911,A17,B20,C39,PCS,78,6.76,D,C06,3.547054,527.28,1870.29
43293,L27,13911,A17,B20,C39,PCS,378,6.76,D,C06,3.547054,2555.28,9063.72
43293,L27,13911,A17,B20,C39,PCS,817,6.76,D,C06,3.547054,5522.92,19590.1
43293,L27,13911,A17,B20,C39,PCS,654,6.76,D,C06,3.547054,4421.04,15681.67
43293,L27,13911,A17,B20,C39,PCS,839,6.76,D,C06,3.547054,5671.64,20117.61
43293,L27,13911,A17,B20,C39,PCS,74,6.76,D,C06,3.547054,500.24,1774.38
43294,L27,13913,A20,B20,C32,PCS,973,7.93,D,C06,3.547054,7715.89,27368.68
43294,L27,13913,A20,B20,C32,PCS,981,7.93,D,C06,3.547054,7779.33,27593.7
43294,L27,13913,A20,B20,C32,PCS,1,7.93,D,C06,3.547054,7.93,28.13
43294,L27,13913,A20,B20,C32,PCS,150,7.93,D,C06,3.547054,1189.5,4219.22
43294,L27,13913,A20,B20,C32,PCS,967,7.93,D,C06,3.547054,7668.31,27199.91
43294,L27,13913,A20,B20,C32,PCS,71,7.93,D,C06,3.547054,563.03,1997.1
43294,L27,13913,A20,B20,C32,PCS,340,7.93,D,C06,3.547054,2696.2,9563.57
43294,L27,13913,A20,B20,C32,PCS,210,7.93,D,C06,3.547054,1665.3,5906.91
43294,L27,13913,A20,B20,C32,PCS,766,7.93,D,C06,3.547054,6074.38,21546.15
43294,L27,13913,A20,B20,C32,PCS,328,7.93,D,C06,3.547054,2601.04,9226.03
43282,L27,13974,A14,B21,C38,PCS,831,8.69,D,C03,7.133317,7221.39,51512.46
43282,L27,13974,A14,B21,C38,PCS,223,8.69,D,C03,7.133317,1937.87,13823.44
43282,L27,13974,A14,B21,C38,PCS,974,8.69,D,C03,7.133317,8464.06,60376.82
43282,L27,13974,A14,B21,C38,PCS,962,8.69,D,C03,7.133317,8359.78,59632.96
43282,L27,13974,A14,B21,C38,PCS,262,8.69,D,C03,7.133317,2276.78,16240.99
43282,L27,13974,A14,B21,C38,PCS,660,8.69,D,C03,7.133317,5735.4,40912.43
43282,L27,13974,A14,B21,C38,PCS,565,8.69,D,C03,7.133317,4909.85,35023.52
43282,L27,13974,A14,B21,C38,PCS,74,8.69,D,C03,7.133317,643.06,4587.15
43282,L27,13974,A14,B21,C38,PCS,448,8.69,D,C03,7.133317,3893.12,27770.86
43282,L27,13974,A14,B21,C38,PCS,199,8.69,D,C03,7.133317,1729.31,12335.72
43286,L27,14018,A12,B26,C32,PCS,493,3.01,C,C08,1.496196,1483.93,2220.25
43286,L27,14018,A12,B26,C32,PCS,654,3.01,C,C08,1.496196,1968.54,2945.32
43286,L27,14018,A12,B26,C32,PCS,739,3.01,C,C08,1.496196,2224.39,3328.12
43286,L27,14018,A12,B26,C32,PCS,613,3.01,C,C08,1.496196,1845.13,2760.68
43286,L27,14018,A12,B26,C32,PCS,833,3.01,C,C08,1.496196,2507.33,3751.46
43286,L27,14018,A12,B26,C32,PCS,451,3.01,C,C08,1.496196,1357.51,2031.1
43286,L27,14018,A12,B26,C32,PCS,375,3.01,C,C08,1.496196,1128.75,1688.83
43286,L27,14018,A12,B26,C32,PCS,170,3.01,C,C08,1.496196,511.7,765.6
43286,L27,14018,A12,B26,C32,PCS,922,3.01,C,C08,1.496196,2775.22,4152.27
43286,L27,14018,A12,B26,C32,PCS,269,3.01,C,C08,1.496196,809.69,1211.45
43297,L27,14094,A13,B20,C37,PCS,649,2.15,C,C02,9.912483,1395.35,13831.38
43297,L27,14094,A13,B20,C37,PCS,68,2.15,C,C02,9.912483,146.2,1449.21
43297,L27,14094,A13,B20,C37,PCS,474,2.15,C,C02,9.912483,1019.1,10101.81
43297,L27,14094,A13,B20,C37,PCS,726,2.15,C,C02,9.912483,1560.9,15472.39
43297,L27,14094,A13,B20,C37,PCS,922,2.15,C,C02,9.912483,1982.3,19649.52
43297,L27,14094,A13,B20,C37,PCS,545,2.15,C,C02,9.912483,1171.75,11614.95
43297,L27,14094,A13,B20,C37,PCS,682,2.15,C,C02,9.912483,1466.3,14534.67
43297,L27,14094,A13,B20,C37,PCS,508,2.15,C,C02,9.912483,1092.2,10826.41
43297,L27,14094,A13,B20,C37,PCS,11,2.15,C,C02,9.912483,23.65,234.43
43297,L27,14094,A13,B20,C37,PCS,902,2.15,C,C02,9.912483,1939.3,19223.28
43289,L27,14514,A10,B24,C39,PCS,79,2.09,C,C06,3.547054,165.11,585.65
43289,L27,14514,A10,B24,C39,PCS,521,2.09,C,C06,3.547054,1088.89,3862.35
43289,L27,14514,A10,B24,C39,PCS,205,2.09,C,C06,3.547054,428.45,1519.74
43289,L27,14514,A10,B24,C39,PCS,862,2.09,C,C06,3.547054,1801.58,6390.3
43289,L27,14514,A10,B24,C39,PCS,582,2.09,C,C06,3.547054,1216.38,4314.57
43289,L27,14514,A10,B24,C39,PCS,448,2.09,C,C06,3.547054,936.32,3321.18
43289,L27,14514,A10,B24,C39,PCS,293,2.09,C,C06,3.547054,612.37,2172.11
43289,L27,14514,A10,B24,C39,PCS,317,2.09,C,C06,3.547054,662.53,2350.03
43289,L27,14514,A10,B24,C39,PCS,965,2.09,C,C06,3.547054,2016.85,7153.88
43289,L27,14514,A10,B24,C39,PCS,752,2.09,C,C06,3.547054,1571.68,5574.83
43287,L27,15312,A13,B25,C34,PCS,279,5.01,D,C05,3.40242,1397.79,4755.87
43287,L27,15312,A13,B25,C34,PCS,98,5.01,D,C05,3.40242,490.98,1670.52
43287,L27,15312,A13,B25,C34,PCS,581,5.01,D,C05,3.40242,2910.81,9903.8
43287,L27,15312,A13,B25,C34,PCS,704,5.01,D,C05,3.40242,3527.04,12000.47
43287,L27,15312,A13,B25,C34,PCS,157,5.01,D,C05,3.40242,786.57,2676.24
43287,L27,15312,A13,B25,C34,PCS,737,5.01,D,C05,3.40242,3692.37,12562.99
43287,L27,15312,A13,B25,C34,PCS,551,5.01,D,C05,3.40242,2760.51,9392.41
43287,L27,15312,A13,B25,C34,PCS,491,5.01,D,C05,3.40242,2459.91,8369.65
43287,L27,15312,A13,B25,C34,PCS,253,5.01,D,C05,3.40242,1267.53,4312.67
43287,L27,15312,A13,B25,C34,PCS,420,5.01,D,C05,3.40242,2104.2,7159.37
43282,L27,15407,A15,B22,C39,PCS,447,7.73,C,C03,7.133317,3455.31,24647.82
43282,L27,15407,A15,B22,C39,PCS,477,7.73,C,C03,7.133317,3687.21,26302.04
43282,L27,15407,A15,B22,C39,PCS,969,7.73,C,C03,7.133317,7490.37,53431.18
43282,L27,15407,A15,B22,C39,PCS,997,7.73,C,C03,7.133317,7706.81,54975.12
43282,L27,15407,A15,B22,C39,PCS,713,7.73,C,C03,7.133317,5511.49,39315.21
43282,L27,15407,A15,B22,C39,PCS,165,7.73,C,C03,7.133317,1275.45,9098.19
43282,L27,15407,A15,B22,C39,PCS,620,7.73,C,C03,7.133317,4792.6,34187.14
43282,L27,15407,A15,B22,C39,PCS,392,7.73,C,C03,7.133317,3030.16,21615.09
43282,L27,15407,A15,B22,C39,PCS,711,7.73,C,C03,7.133317,5496.03,39204.92
43282,L27,15407,A15,B22,C39,PCS,613,7.73,C,C03,7.133317,4738.49,33801.15
43297,L27,15601,A14,B30,C36,PCS,32,6.3,C,C03,7.133317,201.6,1438.08
43297,L27,15601,A14,B30,C36,PCS,248,6.3,C,C03,7.133317,1562.4,11145.09
43297,L27,15601,A14,B30,C36,PCS,469,6.3,C,C03,7.133317,2954.7,21076.81
43297,L27,15601,A14,B30,C36,PCS,430,6.3,C,C03,7.133317,2709,19324.16
43297,L27,15601,A14,B30,C36,PCS,152,6.3,C,C03,7.133317,957.6,6830.86
43297,L27,15601,A14,B30,C36,PCS,528,6.3,C,C03,7.133317,3326.4,23728.27
43297,L27,15601,A14,B30,C36,PCS,598,6.3,C,C03,7.133317,3767.4,26874.06
43297,L27,15601,A14,B30,C36,PCS,277,6.3,C,C03,7.133317,1745.1,12448.35
43297,L27,15601,A14,B30,C36,PCS,966,6.3,C,C03,7.133317,6085.8,43411.94
43297,L27,15601,A14,B30,C36,PCS,683,6.3,C,C03,7.133317,4302.9,30693.95
43295,L27,15624,A12,B20,C37,PCS,782,3.01,D,C04,5.388146,2353.82,12682.73
43295,L27,15624,A12,B20,C37,PCS,223,3.01,D,C04,5.388146,671.23,3616.69
43295,L27,15624,A12,B20,C37,PCS,218,3.01,D,C04,5.388146,656.18,3535.59
43295,L27,15624,A12,B20,C37,PCS,366,3.01,D,C04,5.388146,1101.66,5935.9
43295,L27,15624,A12,B20,C37,PCS,805,3.01,D,C04,5.388146,2423.05,13055.75
43295,L27,15624,A12,B20,C37,PCS,484,3.01,D,C04,5.388146,1456.84,7849.67
43295,L27,15624,A12,B20,C37,PCS,88,3.01,D,C04,5.388146,264.88,1427.21
43295,L27,15624,A12,B20,C37,PCS,930,3.01,D,C04,5.388146,2799.3,15083.04
43295,L27,15624,A12,B20,C37,PCS,610,3.01,D,C04,5.388146,1836.1,9893.17
43295,L27,15624,A12,B20,C37,PCS,170,3.01,D,C04,5.388146,511.7,2757.11
43284,L27,15762,A10,B24,C40,PCS,813,1.03,C,C04,5.388146,837.39,4511.98
43284,L27,15762,A10,B24,C40,PCS,292,1.03,C,C04,5.388146,300.76,1620.54
43284,L27,15762,A10,B24,C40,PCS,795,1.03,C,C04,5.388146,818.85,4412.08
43284,L27,15762,A10,B24,C40,PCS,586,1.03,C,C04,5.388146,603.58,3252.18
43284,L27,15762,A10,B24,C40,PCS,976,1.03,C,C04,5.388146,1005.28,5416.6
43284,L27,15762,A10,B24,C40,PCS,767,1.03,C,C04,5.388146,790.01,4256.69
43284,L27,15762,A10,B24,C40,PCS,678,1.03,C,C04,5.388146,698.34,3762.76
43284,L27,15762,A10,B24,C40,PCS,894,1.03,C,C04,5.388146,920.82,4961.51
43284,L27,15762,A10,B24,C40,PCS,752,1.03,C,C04,5.388146,774.56,4173.44
43284,L27,15762,A10,B24,C40,PCS,610,1.03,C,C04,5.388146,628.3,3385.37
43297,L27,16261,A18,B27,C32,PCS,391,6.3,C,C03,7.133317,2463.3,17571.5
43297,L27,16261,A18,B27,C32,PCS,346,6.3,C,C03,7.133317,2179.8,15549.2
43297,L27,16261,A18,B27,C32,PCS,513,6.3,C,C03,7.133317,3231.9,23054.17
43297,L27,16261,A18,B27,C32,PCS,966,6.3,C,C03,7.133317,6085.8,43411.94
43297,L27,16261,A18,B27,C32,PCS,571,6.3,C,C03,7.133317,3597.3,25660.68
43297,L27,16261,A18,B27,C32,PCS,878,6.3,C,C03,7.133317,5531.4,39457.23
43297,L27,16261,A18,B27,C32,PCS,769,6.3,C,C03,7.133317,4844.7,34558.78
43297,L27,16261,A18,B27,C32,PCS,58,6.3,C,C03,7.133317,365.4,2606.51
43297,L27,16261,A18,B27,C32,PCS,887,6.3,C,C03,7.133317,5588.1,39861.69
43297,L27,16261,A18,B27,C32,PCS,970,6.3,C,C03,7.133317,6111,43591.7
43296,L27,16345,A10,B21,C31,PCS,595,2.59,C,C06,3.547054,1541.05,5466.19
43296,L27,16345,A10,B21,C31,PCS,83,2.59,C,C06,3.547054,214.97,762.51
43296,L27,16345,A10,B21,C31,PCS,866,2.59,C,C06,3.547054,2242.94,7955.83
43296,L27,16345,A10,B21,C31,PCS,101,2.59,C,C06,3.547054,261.59,927.87
43296,L27,16345,A10,B21,C31,PCS,418,2.59,C,C06,3.547054,1082.62,3840.11
43296,L27,16345,A10,B21,C31,PCS,262,2.59,C,C06,3.547054,678.58,2406.96
43296,L27,16345,A10,B21,C31,PCS,370,2.59,C,C06,3.547054,958.3,3399.14
43296,L27,16345,A10,B21,C31,PCS,819,2.59,C,C06,3.547054,2121.21,7524.05
43296,L27,16345,A10,B21,C31,PCS,225,2.59,C,C06,3.547054,582.75,2067.05
43296,L27,16345,A10,B21,C31,PCS,513,2.59,C,C06,3.547054,1328.67,4712.86
43294,L27,16784,A12,B24,C38,PCS,154,7.93,C,C06,3.547054,1221.22,4331.73
43294,L27,16784,A12,B24,C38,PCS,887,7.93,C,C06,3.547054,7033.91,24949.66
43294,L27,16784,A12,B24,C38,PCS,230,7.93,C,C06,3.547054,1823.9,6469.47
43294,L27,16784,A12,B24,C38,PCS,760,7.93,C,C06,3.547054,6026.8,21377.39
43294,L27,16784,A12,B24,C38,PCS,459,7.93,C,C06,3.547054,3639.87,12910.82
43294,L27,16784,A12,B24,C38,PCS,219,7.93,C,C06,3.547054,1736.67,6160.06
43294,L27,16784,A12,B24,C38,PCS,210,7.93,C,C06,3.547054,1665.3,5906.91
43294,L27,16784,A12,B24,C38,PCS,683,7.93,C,C06,3.547054,5416.19,19211.52
43294,L27,16784,A12,B24,C38,PCS,690,7.93,C,C06,3.547054,5471.7,19408.42
43294,L27,16784,A12,B24,C38,PCS,96,7.93,C,C06,3.547054,761.28,2700.3
43300,L27,16864,A18,B29,C37,PCS,380,8.85,C,C03,7.133317,3363,23989.35
43300,L27,16864,A18,B29,C37,PCS,743,8.85,C,C03,7.133317,6575.55,46905.48
43300,L27,16864,A18,B29,C37,PCS,481,8.85,C,C03,7.133317,4256.85,30365.46
43300,L27,16864,A18,B29,C37,PCS,939,8.85,C,C03,7.133317,8310.15,59278.93
43300,L27,16864,A18,B29,C37,PCS,928,8.85,C,C03,7.133317,8212.8,58584.51
43300,L27,16864,A18,B29,C37,PCS,931,8.85,C,C03,7.133317,8239.35,58773.9
43300,L27,16864,A18,B29,C37,PCS,871,8.85,C,C03,7.133317,7708.35,54986.1
43300,L27,16864,A18,B29,C37,PCS,847,8.85,C,C03,7.133317,7495.95,53470.99
43300,L27,16864,A18,B29,C37,PCS,247,8.85,C,C03,7.133317,2185.95,15593.07
43300,L27,16864,A18,B29,C37,PCS,608,8.85,C,C03,7.133317,5380.8,38382.95
43299,L27,16889,A14,B24,C35,PCS,345,3.65,D,C01,6.825646,1259.25,8595.19
43299,L27,16889,A14,B24,C35,PCS,416,3.65,D,C01,6.825646,1518.4,10364.06
43299,L27,16889,A14,B24,C35,PCS,917,3.65,D,C01,6.825646,3347.05,22845.78
43299,L27,16889,A14,B24,C35,PCS,899,3.65,D,C01,6.825646,3281.35,22397.33
43299,L27,16889,A14,B24,C35,PCS,42,3.65,D,C01,6.825646,153.3,1046.37
43299,L27,16889,A14,B24,C35,PCS,539,3.65,D,C01,6.825646,1967.35,13428.43
43299,L27,16889,A14,B24,C35,PCS,785,3.65,D,C01,6.825646,2865.25,19557.18
43299,L27,16889,A14,B24,C35,PCS,532,3.65,D,C01,6.825646,1941.8,13254.04
43299,L27,16889,A14,B24,C35,PCS,343,3.65,D,C01,6.825646,1251.95,8545.37
43299,L27,16889,A14,B24,C35,PCS,990,3.65,D,C01,6.825646,3613.5,24664.47
43286,L27,16946,A10,B26,C38,PCS,880,7.24,C,C06,3.547054,6371.2,22598.99
43286,L27,16946,A10,B26,C38,PCS,952,7.24,C,C06,3.547054,6892.48,24448
43286,L27,16946,A10,B26,C38,PCS,711,7.24,C,C06,3.547054,5147.64,18258.96
43286,L27,16946,A10,B26,C38,PCS,523,7.24,C,C06,3.547054,3786.52,13430.99
43286,L27,16946,A10,B26,C38,PCS,332,7.24,C,C06,3.547054,2403.68,8525.98
43286,L27,16946,A10,B26,C38,PCS,224,7.24,C,C06,3.547054,1621.76,5752.47
43286,L27,16946,A10,B26,C38,PCS,125,7.24,C,C06,3.547054,905,3210.08
43286,L27,16946,A10,B26,C38,PCS,272,7.24,C,C06,3.547054,1969.28,6985.14
43286,L27,16946,A10,B26,C38,PCS,47,7.24,C,C06,3.547054,340.28,1206.99
43286,L27,16946,A10,B26,C38,PCS,991,7.24,C,C06,3.547054,7174.84,25449.54
43283,L27,17222,A14,B30,C35,PCS,942,6.54,C,C03,7.133317,6160.68,43946.08
43283,L27,17222,A14,B30,C35,PCS,635,6.54,C,C03,7.133317,4152.9,29623.95
43283,L27,17222,A14,B30,C35,PCS,179,6.54,C,C03,7.133317,1170.66,8350.69
43283,L27,17222,A14,B30,C35,PCS,435,6.54,C,C03,7.133317,2844.9,20293.57
43283,L27,17222,A14,B30,C35,PCS,211,6.54,C,C03,7.133317,1379.94,9843.55
43283,L27,17222,A14,B30,C35,PCS,931,6.54,C,C03,7.133317,6088.74,43432.91
43283,L27,17222,A14,B30,C35,PCS,171,6.54,C,C03,7.133317,1118.34,7977.47
43283,L27,17222,A14,B30,C35,PCS,254,6.54,C,C03,7.133317,1661.16,11849.58
43283,L27,17222,A14,B30,C35,PCS,719,6.54,C,C03,7.133317,4702.26,33542.71
43283,L27,17222,A14,B30,C35,PCS,18,6.54,C,C03,7.133317,117.72,839.73
43287,L27,17257,A13,B25,C35,PCS,453,4.38,C,C08,1.496196,1984.14,2968.66
43287,L27,17257,A13,B25,C35,PCS,96,4.38,C,C08,1.496196,420.48,629.12
43287,L27,17257,A13,B25,C35,PCS,713,4.38,C,C08,1.496196,3122.94,4672.53
43287,L27,17257,A13,B25,C35,PCS,167,4.38,C,C08,1.496196,731.46,1094.41
43287,L27,17257,A13,B25,C35,PCS,19,4.38,C,C08,1.496196,83.22,124.51
43287,L27,17257,A13,B25,C35,PCS,902,4.38,C,C08,1.496196,3950.76,5911.11
43287,L27,17257,A13,B25,C35,PCS,223,4.38,C,C08,1.496196,976.74,1461.39
43287,L27,17257,A13,B25,C35,PCS,365,4.38,C,C08,1.496196,1598.7,2391.97
43287,L27,17257,A13,B25,C35,PCS,18,4.38,C,C08,1.496196,78.84,117.96
43287,L27,17257,A13,B25,C35,PCS,916,4.38,C,C08,1.496196,4012.08,6002.86
43282,L27,17864,A13,B28,C33,PCS,735,8.98,D,C04,5.388146,6600.3,35563.38
43282,L27,17864,A13,B28,C33,PCS,238,8.98,D,C04,5.388146,2137.24,11515.76
43282,L27,17864,A13,B28,C33,PCS,456,8.98,D,C04,5.388146,4094.88,22063.81
43282,L27,17864,A13,B28,C33,PCS,796,8.98,D,C04,5.388146,7148.08,38514.9
43282,L27,17864,A13,B28,C33,PCS,233,8.98,D,C04,5.388146,2092.34,11273.83
43282,L27,17864,A13,B28,C33,PCS,703,8.98,D,C04,5.388146,6312.94,34015.04
43282,L27,17864,A13,B28,C33,PCS,893,8.98,D,C04,5.388146,8019.14,43208.3
43282,L27,17864,A13,B28,C33,PCS,215,8.98,D,C04,5.388146,1930.7,10402.89
43282,L27,17864,A13,B28,C33,PCS,20,8.98,D,C04,5.388146,179.6,967.71
43282,L27,17864,A13,B28,C33,PCS,747,8.98,D,C04,5.388146,6708.06,36144.01
43288,L27,18052,A16,B24,C33,PCS,924,7.23,D,C02,9.912483,6680.52,66220.54
43288,L27,18052,A16,B24,C33,PCS,634,7.23,D,C02,9.912483,4583.82,45437.04
43288,L27,18052,A16,B24,C33,PCS,673,7.23,D,C02,9.912483,4865.79,48232.06
43288,L27,18052,A16,B24,C33,PCS,988,7.23,D,C02,9.912483,7143.24,70807.25
43288,L27,18052,A16,B24,C33,PCS,502,7.23,D,C02,9.912483,3629.46,35976.96
43288,L27,18052,A16,B24,C33,PCS,189,7.23,D,C02,9.912483,1366.47,13545.11
43288,L27,18052,A16,B24,C33,PCS,115,7.23,D,C02,9.912483,831.45,8241.73
43288,L27,18052,A16,B24,C33,PCS,662,7.23,D,C02,9.912483,4786.26,47443.72
43288,L27,18052,A16,B24,C33,PCS,522,7.23,D,C02,9.912483,3774.06,37410.31
43288,L27,18052,A16,B24,C33,PCS,603,7.23,D,C02,9.912483,4359.69,43215.35
43295,L27,18087,A10,B24,C35,PCS,802,3.26,C,C01,6.825646,2614.52,17845.79
43295,L27,18087,A10,B24,C35,PCS,850,3.26,C,C01,6.825646,2771,18913.87
43295,L27,18087,A10,B24,C35,PCS,487,3.26,C,C01,6.825646,1587.62,10836.53
43295,L27,18087,A10,B24,C35,PCS,596,3.26,C,C01,6.825646,1942.96,13261.96
43295,L27,18087,A10,B24,C35,PCS,371,3.26,C,C01,6.825646,1209.46,8255.35
43295,L27,18087,A10,B24,C35,PCS,166,3.26,C,C01,6.825646,541.16,3693.77
43295,L27,18087,A10,B24,C35,PCS,534,3.26,C,C01,6.825646,1740.84,11882.36
43295,L27,18087,A10,B24,C35,PCS,751,3.26,C,C01,6.825646,2448.26,16710.96
43295,L27,18087,A10,B24,C35,PCS,778,3.26,C,C01,6.825646,2536.28,17311.75
43295,L27,18087,A10,B24,C35,PCS,568,3.26,C,C01,6.825646,1851.68,12638.91
43300,L27,18128,A13,B23,C33,PCS,214,8.85,D,C03,7.133317,1893.9,13509.79
43300,L27,18128,A13,B23,C33,PCS,987,8.85,D,C03,7.133317,8734.95,62309.17
43300,L27,18128,A13,B23,C33,PCS,182,8.85,D,C03,7.133317,1610.7,11489.63
43300,L27,18128,A13,B23,C33,PCS,156,8.85,D,C03,7.133317,1380.6,9848.26
43300,L27,18128,A13,B23,C33,PCS,270,8.85,D,C03,7.133317,2389.5,17045.06
43300,L27,18128,A13,B23,C33,PCS,31,8.85,D,C03,7.133317,274.35,1957.03
43300,L27,18128,A13,B23,C33,PCS,822,8.85,D,C03,7.133317,7274.7,51892.74
43300,L27,18128,A13,B23,C33,PCS,41,8.85,D,C03,7.133317,362.85,2588.32
43300,L27,18128,A13,B23,C33,PCS,887,8.85,D,C03,7.133317,7849.95,55996.18
43300,L27,18128,A13,B23,C33,PCS,525,8.85,D,C03,7.133317,4646.25,33143.17
43287,L27,18290,A13,B23,C34,PCS,148,5.01,D,C05,3.40242,741.48,2522.83
43287,L27,18290,A13,B23,C34,PCS,949,5.01,D,C05,3.40242,4754.49,16176.77
43287,L27,18290,A13,B23,C34,PCS,595,5.01,D,C05,3.40242,2980.95,10142.44
43287,L27,18290,A13,B23,C34,PCS,630,5.01,D,C05,3.40242,3156.3,10739.06
43287,L27,18290,A13,B23,C34,PCS,376,5.01,D,C05,3.40242,1883.76,6409.34
43287,L27,18290,A13,B23,C34,PCS,869,5.01,D,C05,3.40242,4353.69,14813.08
43287,L27,18290,A13,B23,C34,PCS,82,5.01,D,C05,3.40242,410.82,1397.78
43287,L27,18290,A13,B23,C34,PCS,277,5.01,D,C05,3.40242,1387.77,4721.78
43287,L27,18290,A13,B23,C34,PCS,426,5.01,D,C05,3.40242,2134.26,7261.65
43287,L27,18290,A13,B23,C34,PCS,14,5.01,D,C05,3.40242,70.14,238.65
43287,L27,18368,A13,B24,C38,PCS,402,5.01,D,C05,3.40242,2014.02,6852.54
43287,L27,18368,A13,B24,C38,PCS,857,5.01,D,C05,3.40242,4293.57,14608.53
43287,L27,18368,A13,B24,C38,PCS,178,5.01,D,C05,3.40242,891.78,3034.21
43287,L27,18368,A13,B24,C38,PCS,531,5.01,D,C05,3.40242,2660.31,9051.49
43287,L27,18368,A13,B24,C38,PCS,133,5.01,D,C05,3.40242,666.33,2267.13
43287,L27,18368,A13,B24,C38,PCS,281,5.01,D,C05,3.40242,1407.81,4789.96
43287,L27,18368,A13,B24,C38,PCS,324,5.01,D,C05,3.40242,1623.24,5522.94
43287,L27,18368,A13,B24,C38,PCS,144,5.01,D,C05,3.40242,721.44,2454.64
43287,L27,18368,A13,B24,C38,PCS,738,5.01,D,C05,3.40242,3697.38,12580.04
43287,L27,18368,A13,B24,C38,PCS,39,5.01,D,C05,3.40242,195.39,664.8
43286,L27,18448,A18,B21,C34,PCS,105,3.01,D,C08,1.496196,316.05,472.87
43286,L27,18448,A18,B21,C34,PCS,688,3.01,D,C08,1.496196,2070.88,3098.44
43286,L27,18448,A18,B21,C34,PCS,745,3.01,D,C08,1.496196,2242.45,3355.14
43286,L27,18448,A18,B21,C34,PCS,582,3.01,D,C08,1.496196,1751.82,2621.07
43286,L27,18448,A18,B21,C34,PCS,412,3.01,D,C08,1.496196,1240.12,1855.46
43286,L27,18448,A18,B21,C34,PCS,604,3.01,D,C08,1.496196,1818.04,2720.14
43286,L27,18448,A18,B21,C34,PCS,269,3.01,D,C08,1.496196,809.69,1211.45
43286,L27,18448,A18,B21,C34,PCS,635,3.01,D,C08,1.496196,1911.35,2859.75
43286,L27,18448,A18,B21,C34,PCS,808,3.01,D,C08,1.496196,2432.08,3638.87
43286,L27,18448,A18,B21,C34,PCS,747,3.01,D,C08,1.496196,2248.47,3364.15
43298,L27,18522,A20,B26,C40,PCS,392,8.39,C,C07,1.358577,3288.88,4468.2
43298,L27,18522,A20,B26,C40,PCS,48,8.39,C,C07,1.358577,402.72,547.13
43298,L27,18522,A20,B26,C40,PCS,303,8.39,C,C07,1.358577,2542.17,3453.73
43298,L27,18522,A20,B26,C40,PCS,407,8.39,C,C07,1.358577,3414.73,4639.17
43298,L27,18522,A20,B26,C40,PCS,798,8.39,C,C07,1.358577,6695.22,9095.97
43298,L27,18522,A20,B26,C40,PCS,148,8.39,C,C07,1.358577,1241.72,1686.97
43298,L27,18522,A20,B26,C40,PCS,575,8.39,C,C07,1.358577,4824.25,6554.12
43298,L27,18522,A20,B26,C40,PCS,780,8.39,C,C07,1.358577,6544.2,8890.8
43298,L27,18522,A20,B26,C40,PCS,757,8.39,C,C07,1.358577,6351.23,8628.63
43298,L27,18522,A20,B26,C40,PCS,715,8.39,C,C07,1.358577,5998.85,8149.9
43283,L27,18543,A16,B23,C30,PCS,487,6.54,C,C03,7.133317,3184.98,22719.47
43283,L27,18543,A16,B23,C30,PCS,204,6.54,C,C03,7.133317,1334.16,9516.99
43283,L27,18543,A16,B23,C30,PCS,385,6.54,C,C03,7.133317,2517.9,17960.98
43283,L27,18543,A16,B23,C30,PCS,335,6.54,C,C03,7.133317,2190.9,15628.38
43283,L27,18543,A16,B23,C30,PCS,161,6.54,C,C03,7.133317,1052.94,7510.95
43283,L27,18543,A16,B23,C30,PCS,63,6.54,C,C03,7.133317,412.02,2939.07
43283,L27,18543,A16,B23,C30,PCS,504,6.54,C,C03,7.133317,3296.16,23512.55
43283,L27,18543,A16,B23,C30,PCS,330,6.54,C,C03,7.133317,2158.2,15395.12
43283,L27,18543,A16,B23,C30,PCS,492,6.54,C,C03,7.133317,3217.68,22952.73
43283,L27,18543,A16,B23,C30,PCS,931,6.54,C,C03,7.133317,6088.74,43432.91
43283,L27,18734,A20,B30,C39,PCS,750,6.54,C,C03,7.133317,4905,34988.92
43283,L27,18734,A20,B30,C39,PCS,946,6.54,C,C03,7.133317,6186.84,44132.69
43283,L27,18734,A20,B30,C39,PCS,216,6.54,C,C03,7.133317,1412.64,10076.81
43283,L27,18734,A20,B30,C39,PCS,341,6.54,C,C03,7.133317,2230.14,15908.3
43283,L27,18734,A20,B30,C39,PCS,317,6.54,C,C03,7.133317,2073.18,14788.65
43283,L27,18734,A20,B30,C39,PCS,663,6.54,C,C03,7.133317,4336.02,30930.21
43283,L27,18734,A20,B30,C39,PCS,765,6.54,C,C03,7.133317,5003.1,35688.7
43283,L27,18734,A20,B30,C39,PCS,826,6.54,C,C03,7.133317,5402.04,38534.46
43283,L27,18734,A20,B30,C39,PCS,445,6.54,C,C03,7.133317,2910.3,20760.09
43283,L27,18734,A20,B30,C39,PCS,721,6.54,C,C03,7.133317,4715.34,33636.01
43283,L27,19045,A16,B27,C31,PCS,346,6.54,C,C03,7.133317,2262.84,16141.56
43283,L27,19045,A16,B27,C31,PCS,181,6.54,C,C03,7.133317,1183.74,8443.99
43283,L27,19045,A16,B27,C31,PCS,70,6.54,C,C03,7.133317,457.8,3265.63
43283,L27,19045,A16,B27,C31,PCS,497,6.54,C,C03,7.133317,3250.38,23185.99
43283,L27,19045,A16,B27,C31,PCS,637,6.54,C,C03,7.133317,4165.98,29717.26
43283,L27,19045,A16,B27,C31,PCS,608,6.54,C,C03,7.133317,3976.32,28364.35
43283,L27,19045,A16,B27,C31,PCS,449,6.54,C,C03,7.133317,2936.46,20946.7
43283,L27,19045,A16,B27,C31,PCS,611,6.54,C,C03,7.133317,3995.94,28504.31
43283,L27,19045,A16,B27,C31,PCS,63,6.54,C,C03,7.133317,412.02,2939.07
43283,L27,19045,A16,B27,C31,PCS,300,6.54,C,C03,7.133317,1962,13995.57
43291,L27,19083,A11,B26,C30,PCS,932,3.48,D,C01,6.825646,3243.36,22138.03
43291,L27,19083,A11,B26,C30,PCS,775,3.48,D,C01,6.825646,2697,18408.77
43291,L27,19083,A11,B26,C30,PCS,244,3.48,D,C01,6.825646,849.12,5795.79
43291,L27,19083,A11,B26,C30,PCS,529,3.48,D,C01,6.825646,1840.92,12565.47
43291,L27,19083,A11,B26,C30,PCS,171,3.48,D,C01,6.825646,595.08,4061.81
43291,L27,19083,A11,B26,C30,PCS,357,3.48,D,C01,6.825646,1242.36,8479.91
43291,L27,19083,A11,B26,C30,PCS,168,3.48,D,C01,6.825646,584.64,3990.55
43291,L27,19083,A11,B26,C30,PCS,738,3.48,D,C01,6.825646,2568.24,17529.9
43291,L27,19083,A11,B26,C30,PCS,226,3.48,D,C01,6.825646,786.48,5368.23
43291,L27,19083,A11,B26,C30,PCS,590,3.48,D,C01,6.825646,2053.2,14014.42
43288,L27,19201,A18,B24,C35,PCS,379,7.23,C,C02,9.912483,2740.17,27161.89
43288,L27,19201,A18,B24,C35,PCS,812,7.23,C,C02,9.912483,5870.76,58193.81
43288,L27,19201,A18,B24,C35,PCS,694,7.23,C,C02,9.912483,5017.62,49737.07
43288,L27,19201,A18,B24,C35,PCS,177,7.23,C,C02,9.912483,1279.71,12685.1
43288,L27,19201,A18,B24,C35,PCS,16,7.23,C,C02,9.912483,115.68,1146.68
43288,L27,19201,A18,B24,C35,PCS,903,7.23,C,C02,9.912483,6528.69,64715.53
43288,L27,19201,A18,B24,C35,PCS,720,7.23,C,C02,9.912483,5205.6,51600.42
43288,L27,19201,A18,B24,C35,PCS,478,7.23,C,C02,9.912483,3455.94,34256.95
43288,L27,19201,A18,B24,C35,PCS,44,7.23,C,C02,9.912483,318.12,3153.36
43288,L27,19201,A18,B24,C35,PCS,763,7.23,C,C02,9.912483,5516.49,54682.11
43298,L27,19412,A15,B21,C32,PCS,29,8.96,C,C01,6.825646,259.84,1773.58
43298,L27,19412,A15,B21,C32,PCS,713,8.96,C,C01,6.825646,6388.48,43605.5
43298,L27,19412,A15,B21,C32,PCS,321,8.96,C,C01,6.825646,2876.16,19631.65
43298,L27,19412,A15,B21,C32,PCS,116,8.96,C,C01,6.825646,1039.36,7094.3
43298,L27,19412,A15,B21,C32,PCS,910,8.96,C,C01,6.825646,8153.6,55653.59
43298,L27,19412,A15,B21,C32,PCS,757,8.96,C,C01,6.825646,6782.72,46296.45
43298,L27,19412,A15,B21,C32,PCS,268,8.96,C,C01,6.825646,2401.28,16390.29
43298,L27,19412,A15,B21,C32,PCS,665,8.96,C,C01,6.825646,5958.4,40669.93
43298,L27,19412,A15,B21,C32,PCS,264,8.96,C,C01,6.825646,2365.44,16145.66
43298,L27,19412,A15,B21,C32,PCS,743,8.96,C,C01,6.825646,6657.28,45440.24
43283,L27,19691,A10,B22,C37,PCS,656,1.72,D,C02,9.912483,1128.32,11184.45
43283,L27,19691,A10,B22,C37,PCS,837,1.72,D,C02,9.912483,1439.64,14270.41
43283,L27,19691,A10,B22,C37,PCS,969,1.72,D,C02,9.912483,1666.68,16520.94
43283,L27,19691,A10,B22,C37,PCS,543,1.72,D,C02,9.912483,933.96,9257.86
43283,L27,19691,A10,B22,C37,PCS,123,1.72,D,C02,9.912483,211.56,2097.08
43283,L27,19691,A10,B22,C37,PCS,557,1.72,D,C02,9.912483,958.04,9496.56
43283,L27,19691,A10,B22,C37,PCS,131,1.72,D,C02,9.912483,225.32,2233.48
43283,L27,19691,A10,B22,C37,PCS,631,1.72,D,C02,9.912483,1085.32,10758.22
43283,L27,19691,A10,B22,C37,PCS,260,1.72,D,C02,9.912483,447.2,4432.86
43283,L27,19691,A10,B22,C37,PCS,939,1.72,D,C02,9.912483,1615.08,16009.45
43297,L27,19774,A18,B25,C38,PCS,611,2.15,C,C02,9.912483,1313.65,13021.53
43297,L27,19774,A18,B25,C38,PCS,50,2.15,C,C02,9.912483,107.5,1065.59
43297,L27,19774,A18,B25,C38,PCS,98,2.15,C,C02,9.912483,210.7,2088.56
43297,L27,19774,A18,B25,C38,PCS,626,2.15,C,C02,9.912483,1345.9,13341.21
43297,L27,19774,A18,B25,C38,PCS,176,2.15,C,C02,9.912483,378.4,3750.88
43297,L27,19774,A18,B25,C38,PCS,520,2.15,C,C02,9.912483,1118,11082.16
43297,L27,19774,A18,B25,C38,PCS,158,2.15,C,C02,9.912483,339.7,3367.27
43297,L27,19774,A18,B25,C38,PCS,637,2.15,C,C02,9.912483,1369.55,13575.64
43297,L27,19774,A18,B25,C38,PCS,434,2.15,C,C02,9.912483,933.1,9249.34
43297,L27,19774,A18,B25,C38,PCS,46,2.15,C,C02,9.912483,98.9,980.34
43298,L27,19779,A15,B28,C39,PCS,462,8.39,C,C07,1.358577,3876.18,5266.09
43298,L27,19779,A15,B28,C39,PCS,738,8.39,C,C07,1.358577,6191.82,8412.06
43298,L27,19779,A15,B28,C39,PCS,485,8.39,C,C07,1.358577,4069.15,5528.25
43298,L27,19779,A15,B28,C39,PCS,69,8.39,C,C07,1.358577,578.91,786.49
43298,L27,19779,A15,B28,C39,PCS,600,8.39,C,C07,1.358577,5034,6839.08
43298,L27,19779,A15,B28,C39,PCS,596,8.39,C,C07,1.358577,5000.44,6793.48
43298,L27,19779,A15,B28,C39,PCS,172,8.39,C,C07,1.358577,1443.08,1960.54
43298,L27,19779,A15,B28,C39,PCS,898,8.39,C,C07,1.358577,7534.22,10235.82
43298,L27,19779,A15,B28,C39,PCS,698,8.39,C,C07,1.358577,5856.22,7956.13
43298,L27,19779,A15,B28,C39,PCS,881,8.39,C,C07,1.358577,7391.59,10042.04
43299,L27,19815,A10,B21,C38,PCS,458,3.65,D,C01,6.825646,1671.7,11410.43
43299,L27,19815,A10,B21,C38,PCS,676,3.65,D,C01,6.825646,2467.4,16841.6
43299,L27,19815,A10,B21,C38,PCS,183,3.65,D,C01,6.825646,667.95,4559.19
43299,L27,19815,A10,B21,C38,PCS,551,3.65,D,C01,6.825646,2011.15,13727.4
43299,L27,19815,A10,B21,C38,PCS,998,3.65,D,C01,6.825646,3642.7,24863.78
43299,L27,19815,A10,B21,C38,PCS,774,3.65,D,C01,6.825646,2825.1,19283.13
43299,L27,19815,A10,B21,C38,PCS,37,3.65,D,C01,6.825646,135.05,921.8
43299,L27,19815,A10,B21,C38,PCS,355,3.65,D,C01,6.825646,1295.75,8844.33
43299,L27,19815,A10,B21,C38,PCS,493,3.65,D,C01,6.825646,1799.45,12282.41
43299,L27,19815,A10,B21,C38,PCS,535,3.65,D,C01,6.825646,1952.75,13328.78
43287,L27,19851,A10,B23,C40,PCS,286,5.01,C,C05,3.40242,1432.86,4875.19
43287,L27,19851,A10,B23,C40,PCS,554,5.01,C,C05,3.40242,2775.54,9443.55
43287,L27,19851,A10,B23,C40,PCS,946,5.01,C,C05,3.40242,4739.46,16125.63
43287,L27,19851,A10,B23,C40,PCS,151,5.01,C,C05,3.40242,756.51,2573.96
43287,L27,19851,A10,B23,C40,PCS,796,5.01,C,C05,3.40242,3987.96,13568.71
43287,L27,19851,A10,B23,C40,PCS,122,5.01,C,C05,3.40242,611.22,2079.63
43287,L27,19851,A10,B23,C40,PCS,930,5.01,C,C05,3.40242,4659.3,15852.9
43287,L27,19851,A10,B23,C40,PCS,366,5.01,C,C05,3.40242,1833.66,6238.88
43287,L27,19851,A10,B23,C40,PCS,794,5.01,C,C05,3.40242,3977.94,13534.62
43287,L27,19851,A10,B23,C40,PCS,234,5.01,C,C05,3.40242,1172.34,3988.79
43007,L27,10171,A14,B22,C37,PCS,246,1.36,D,C03,7.133317,334.56,2386.52
43007,L27,10171,A14,B22,C37,PCS,544,1.36,D,C03,7.133317,739.84,5277.51
43007,L27,10171,A14,B22,C37,PCS,439,1.36,D,C03,7.133317,597.04,4258.88
43007,L27,10171,A14,B22,C37,PCS,790,1.36,D,C03,7.133317,1074.4,7664.04
43007,L27,10171,A14,B22,C37,PCS,154,1.36,D,C03,7.133317,209.44,1494
43007,L27,10171,A14,B22,C37,PCS,994,1.36,D,C03,7.133317,1351.84,9643.1
43007,L27,10171,A14,B22,C37,PCS,276,1.36,D,C03,7.133317,375.36,2677.56
43007,L27,10171,A14,B22,C37,PCS,870,1.36,D,C03,7.133317,1183.2,8440.14
43007,L27,10171,A14,B22,C37,PCS,129,1.36,D,C03,7.133317,175.44,1251.47
43007,L27,10171,A14,B22,C37,PCS,621,1.36,D,C03,7.133317,844.56,6024.51
43002,L27,10540,A18,B30,C30,PCS,387,8.54,C,C04,5.388146,3304.98,17807.71
43002,L27,10540,A18,B30,C30,PCS,512,8.54,C,C04,5.388146,4372.48,23559.56
43002,L27,10540,A18,B30,C30,PCS,271,8.54,C,C04,5.388146,2314.34,12470
43002,L27,10540,A18,B30,C30,PCS,149,8.54,C,C04,5.388146,1272.46,6856.2
43002,L27,10540,A18,B30,C30,PCS,837,8.54,C,C04,5.388146,7147.98,38514.36
43002,L27,10540,A18,B30,C30,PCS,303,8.54,C,C04,5.388146,2587.62,13942.47
43002,L27,10540,A18,B30,C30,PCS,175,8.54,C,C04,5.388146,1494.5,8052.58
43002,L27,10540,A18,B30,C30,PCS,423,8.54,C,C04,5.388146,3612.42,19464.25
43002,L27,10540,A18,B30,C30,PCS,488,8.54,C,C04,5.388146,4167.52,22455.21
43002,L27,10540,A18,B30,C30,PCS,405,8.54,C,C04,5.388146,3458.7,18635.98
43006,L27,10861,A19,B21,C34,PCS,464,2.9,D,C06,3.547054,1345.6,4772.92
43006,L27,10861,A19,B21,C34,PCS,963,2.9,D,C06,3.547054,2792.7,9905.86
43006,L27,10861,A19,B21,C34,PCS,597,2.9,D,C06,3.547054,1731.3,6141.01
43006,L27,10861,A19,B21,C34,PCS,753,2.9,D,C06,3.547054,2183.7,7745.7
43006,L27,10861,A19,B21,C34,PCS,611,2.9,D,C06,3.547054,1771.9,6285.02
43006,L27,10861,A19,B21,C34,PCS,520,2.9,D,C06,3.547054,1508,5348.96
43006,L27,10861,A19,B21,C34,PCS,35,2.9,D,C06,3.547054,101.5,360.03
43006,L27,10861,A19,B21,C34,PCS,743,2.9,D,C06,3.547054,2154.7,7642.84
43006,L27,10861,A19,B21,C34,PCS,965,2.9,D,C06,3.547054,2798.5,9926.43
43006,L27,10861,A19,B21,C34,PCS,542,2.9,D,C06,3.547054,1571.8,5575.26
43000,L27,11309,A11,B28,C38,PCS,919,1.18,D,C04,5.388146,1084.42,5843.01
43000,L27,11309,A11,B28,C38,PCS,959,1.18,D,C04,5.388146,1131.62,6097.33
43000,L27,11309,A11,B28,C38,PCS,576,1.18,D,C04,5.388146,679.68,3662.22
43000,L27,11309,A11,B28,C38,PCS,899,1.18,D,C04,5.388146,1060.82,5715.85
43000,L27,11309,A11,B28,C38,PCS,166,1.18,D,C04,5.388146,195.88,1055.43
43000,L27,11309,A11,B28,C38,PCS,573,1.18,D,C04,5.388146,676.14,3643.14
43000,L27,11309,A11,B28,C38,PCS,513,1.18,D,C04,5.388146,605.34,3261.66
43000,L27,11309,A11,B28,C38,PCS,857,1.18,D,C04,5.388146,1011.26,5448.82
43000,L27,11309,A11,B28,C38,PCS,10,1.18,D,C04,5.388146,11.8,63.58
43000,L27,11309,A11,B28,C38,PCS,133,1.18,D,C04,5.388146,156.94,845.62
43005,L27,11330,A15,B30,C39,PCS,656,7.85,D,C04,5.388146,5149.6,27746.8
43005,L27,11330,A15,B30,C39,PCS,568,7.85,D,C04,5.388146,4458.8,24024.67
43005,L27,11330,A15,B30,C39,PCS,120,7.85,D,C04,5.388146,942,5075.63
43005,L27,11330,A15,B30,C39,PCS,16,7.85,D,C04,5.388146,125.6,676.75
43005,L27,11330,A15,B30,C39,PCS,763,7.85,D,C04,5.388146,5989.55,32272.57
43005,L27,11330,A15,B30,C39,PCS,103,7.85,D,C04,5.388146,808.55,4356.59
43005,L27,11330,A15,B30,C39,PCS,355,7.85,D,C04,5.388146,2786.75,15015.42
43005,L27,11330,A15,B30,C39,PCS,247,7.85,D,C04,5.388146,1938.95,10447.35
43005,L27,11330,A15,B30,C39,PCS,207,7.85,D,C04,5.388146,1624.95,8755.47
43005,L27,11330,A15,B30,C39,PCS,19,7.85,D,C04,5.388146,149.15,803.64
43005,L27,11832,A13,B20,C32,PCS,117,7.91,C,C04,5.388146,925.47,4986.57
43005,L27,11832,A13,B20,C32,PCS,129,7.91,C,C04,5.388146,1020.39,5498.01
43005,L27,11832,A13,B20,C32,PCS,508,7.91,C,C04,5.388146,4018.28,21651.08
43005,L27,11832,A13,B20,C32,PCS,5,7.91,C,C04,5.388146,39.55,213.1
43005,L27,11832,A13,B20,C32,PCS,543,7.91,C,C04,5.388146,4295.13,23142.79
43005,L27,11832,A13,B20,C32,PCS,604,7.91,C,C04,5.388146,4777.64,25742.62
43005,L27,11832,A13,B20,C32,PCS,452,7.91,C,C04,5.388146,3575.32,19264.35
43005,L27,11832,A13,B20,C32,PCS,785,7.91,C,C04,5.388146,6209.35,33456.88
43005,L27,11832,A13,B20,C32,PCS,292,7.91,C,C04,5.388146,2309.72,12445.11
43005,L27,11832,A13,B20,C32,PCS,793,7.91,C,C04,5.388146,6272.63,33797.85
43004,L27,12125,A14,B25,C39,PCS,239,9.47,C,C04,5.388146,2263.33,12195.15
43004,L27,12125,A14,B25,C39,PCS,397,9.47,C,C04,5.388146,3759.59,20257.22
43004,L27,12125,A14,B25,C39,PCS,676,9.47,C,C04,5.388146,6401.72,34493.4
43004,L27,12125,A14,B25,C39,PCS,66,9.47,C,C04,5.388146,625.02,3367.7
43004,L27,12125,A14,B25,C39,PCS,679,9.47,C,C04,5.388146,6430.13,34646.48
43004,L27,12125,A14,B25,C39,PCS,22,9.47,C,C04,5.388146,208.34,1122.57
43004,L27,12125,A14,B25,C39,PCS,434,9.47,C,C04,5.388146,4109.98,22145.17
43004,L27,12125,A14,B25,C39,PCS,41,9.47,C,C04,5.388146,388.27,2092.06
43004,L27,12125,A14,B25,C39,PCS,578,9.47,C,C04,5.388146,5473.66,29492.88
43004,L27,12125,A14,B25,C39,PCS,934,9.47,C,C04,5.388146,8844.98,47658.04
43000,L27,12380,A19,B29,C35,PCS,889,5.22,C,C08,1.496196,4640.58,6943.22
43000,L27,12380,A19,B29,C35,PCS,736,5.22,C,C08,1.496196,3841.92,5748.27
43000,L27,12380,A19,B29,C35,PCS,337,5.22,C,C08,1.496196,1759.14,2632.02
43000,L27,12380,A19,B29,C35,PCS,283,5.22,C,C08,1.496196,1477.26,2210.27
43000,L27,12380,A19,B29,C35,PCS,169,5.22,C,C08,1.496196,882.18,1319.91
43000,L27,12380,A19,B29,C35,PCS,190,5.22,C,C08,1.496196,991.8,1483.93
43000,L27,12380,A19,B29,C35,PCS,905,5.22,C,C08,1.496196,4724.1,7068.18
43000,L27,12380,A19,B29,C35,PCS,502,5.22,C,C08,1.496196,2620.44,3920.69
43000,L27,12380,A19,B29,C35,PCS,212,5.22,C,C08,1.496196,1106.64,1655.75
43000,L27,12380,A19,B29,C35,PCS,858,5.22,C,C08,1.496196,4478.76,6701.1
43004,L27,13055,A10,B21,C31,PCS,721,9.47,C,C04,5.388146,6827.87,36789.56
43004,L27,13055,A10,B21,C31,PCS,959,9.47,C,C04,5.388146,9081.73,48933.69
43004,L27,13055,A10,B21,C31,PCS,132,9.47,C,C04,5.388146,1250.04,6735.4
43004,L27,13055,A10,B21,C31,PCS,269,9.47,C,C04,5.388146,2547.43,13725.92
43004,L27,13055,A10,B21,C31,PCS,673,9.47,C,C04,5.388146,6373.31,34340.32
43004,L27,13055,A10,B21,C31,PCS,741,9.47,C,C04,5.388146,7017.27,37810.08
43004,L27,13055,A10,B21,C31,PCS,293,9.47,C,C04,5.388146,2774.71,14950.54
43004,L27,13055,A10,B21,C31,PCS,307,9.47,C,C04,5.388146,2907.29,15664.9
43004,L27,13055,A10,B21,C31,PCS,32,9.47,C,C04,5.388146,303.04,1632.82
43004,L27,13055,A10,B21,C31,PCS,646,9.47,C,C04,5.388146,6117.62,32962.63
43006,L27,13082,A13,B20,C37,PCS,538,4.25,C,C05,3.40242,2286.5,7779.63
43006,L27,13082,A13,B20,C37,PCS,591,4.25,C,C05,3.40242,2511.75,8546.03
43006,L27,13082,A13,B20,C37,PCS,613,4.25,C,C05,3.40242,2605.25,8864.15
43006,L27,13082,A13,B20,C37,PCS,572,4.25,C,C05,3.40242,2431,8271.28
43006,L27,13082,A13,B20,C37,PCS,830,4.25,C,C05,3.40242,3527.5,12002.04
43006,L27,13082,A13,B20,C37,PCS,198,4.25,C,C05,3.40242,841.5,2863.14
43006,L27,13082,A13,B20,C37,PCS,221,4.25,C,C05,3.40242,939.25,3195.72
43006,L27,13082,A13,B20,C37,PCS,749,4.25,C,C05,3.40242,3183.25,10830.75
43006,L27,13082,A13,B20,C37,PCS,799,4.25,C,C05,3.40242,3395.75,11553.77
43006,L27,13082,A13,B20,C37,PCS,627,4.25,C,C05,3.40242,2664.75,9066.6
43006,L27,13170,A11,B21,C35,PCS,480,4.25,D,C05,3.40242,2040,6940.94
43006,L27,13170,A11,B21,C35,PCS,717,4.25,D,C05,3.40242,3047.25,10368.02
43006,L27,13170,A11,B21,C35,PCS,168,4.25,D,C05,3.40242,714,2429.33
43006,L27,13170,A11,B21,C35,PCS,140,4.25,D,C05,3.40242,595,2024.44
43006,L27,13170,A11,B21,C35,PCS,828,4.25,D,C05,3.40242,3519,11973.12
43006,L27,13170,A11,B21,C35,PCS,341,4.25,D,C05,3.40242,1449.25,4930.96
43006,L27,13170,A11,B21,C35,PCS,642,4.25,D,C05,3.40242,2728.5,9283.5
43006,L27,13170,A11,B21,C35,PCS,868,4.25,D,C05,3.40242,3689,12551.53
43006,L27,13170,A11,B21,C35,PCS,128,4.25,D,C05,3.40242,544,1850.92
43006,L27,13170,A11,B21,C35,PCS,925,4.25,D,C05,3.40242,3931.25,13375.76
43005,L27,13271,A11,B25,C30,PCS,567,7.85,D,C04,5.388146,4450.95,23982.37
43005,L27,13271,A11,B25,C30,PCS,346,7.85,D,C04,5.388146,2716.1,14634.74
43005,L27,13271,A11,B25,C30,PCS,537,7.85,D,C04,5.388146,4215.45,22713.46
43005,L27,13271,A11,B25,C30,PCS,627,7.85,D,C04,5.388146,4921.95,26520.19
43005,L27,13271,A11,B25,C30,PCS,271,7.85,D,C04,5.388146,2127.35,11462.47
43005,L27,13271,A11,B25,C30,PCS,874,7.85,D,C04,5.388146,6860.9,36967.53
43005,L27,13271,A11,B25,C30,PCS,91,7.85,D,C04,5.388146,714.35,3849.02
43005,L27,13271,A11,B25,C30,PCS,969,7.85,D,C04,5.388146,7606.65,40985.74
43005,L27,13271,A11,B25,C30,PCS,200,7.85,D,C04,5.388146,1570,8459.39
43005,L27,13271,A11,B25,C30,PCS,9,7.85,D,C04,5.388146,70.65,380.67
43006,L27,14657,A19,B25,C38,PCS,275,1.96,D,C01,6.825646,539,3679.02
43006,L27,14657,A19,B25,C38,PCS,782,1.96,D,C01,6.825646,1532.72,10461.8
43006,L27,14657,A19,B25,C38,PCS,187,1.96,D,C01,6.825646,366.52,2501.74
43006,L27,14657,A19,B25,C38,PCS,862,1.96,D,C01,6.825646,1689.52,11532.07
43006,L27,14657,A19,B25,C38,PCS,647,1.96,D,C01,6.825646,1268.12,8655.74
43006,L27,14657,A19,B25,C38,PCS,571,1.96,D,C01,6.825646,1119.16,7638.99
43006,L27,14657,A19,B25,C38,PCS,755,1.96,D,C01,6.825646,1479.8,10100.59
43006,L27,14657,A19,B25,C38,PCS,510,1.96,D,C01,6.825646,999.6,6822.92
43006,L27,14657,A19,B25,C38,PCS,365,1.96,D,C01,6.825646,715.4,4883.07
43006,L27,14657,A19,B25,C38,PCS,951,1.96,D,C01,6.825646,1863.96,12722.73
43007,L27,14749,A18,B28,C36,PCS,381,1.36,D,C03,7.133317,518.16,3696.2
43007,L27,14749,A18,B28,C36,PCS,113,1.36,D,C03,7.133317,153.68,1096.25
43007,L27,14749,A18,B28,C36,PCS,835,1.36,D,C03,7.133317,1135.6,8100.59
43007,L27,14749,A18,B28,C36,PCS,617,1.36,D,C03,7.133317,839.12,5985.71
43007,L27,14749,A18,B28,C36,PCS,469,1.36,D,C03,7.133317,637.84,4549.91
43007,L27,14749,A18,B28,C36,PCS,176,1.36,D,C03,7.133317,239.36,1707.43
43007,L27,14749,A18,B28,C36,PCS,757,1.36,D,C03,7.133317,1029.52,7343.89
43007,L27,14749,A18,B28,C36,PCS,105,1.36,D,C03,7.133317,142.8,1018.64
43007,L27,14749,A18,B28,C36,PCS,498,1.36,D,C03,7.133317,677.28,4831.25
43007,L27,14749,A18,B28,C36,PCS,725,1.36,D,C03,7.133317,986,7033.45
43000,L27,14750,A17,B28,C35,PCS,69,8.91,D,C08,1.496196,614.79,919.85
43000,L27,14750,A17,B28,C35,PCS,556,8.91,D,C08,1.496196,4953.96,7412.1
43000,L27,14750,A17,B28,C35,PCS,467,8.91,D,C08,1.496196,4160.97,6225.63
43000,L27,14750,A17,B28,C35,PCS,431,8.91,D,C08,1.496196,3840.21,5745.71
43000,L27,14750,A17,B28,C35,PCS,882,8.91,D,C08,1.496196,7858.62,11758.04
43000,L27,14750,A17,B28,C35,PCS,18,8.91,D,C08,1.496196,160.38,239.96
43000,L27,14750,A17,B28,C35,PCS,17,8.91,D,C08,1.496196,151.47,226.63
43000,L27,14750,A17,B28,C35,PCS,340,8.91,D,C08,1.496196,3029.4,4532.58
43000,L27,14750,A17,B28,C35,PCS,350,8.91,D,C08,1.496196,3118.5,4665.89
43000,L27,14750,A17,B28,C35,PCS,821,8.91,D,C08,1.496196,7315.11,10944.84
43007,L27,15310,A16,B22,C32,PCS,49,1.36,D,C03,7.133317,66.64,475.36
43007,L27,15310,A16,B22,C32,PCS,733,1.36,D,C03,7.133317,996.88,7111.06
43007,L27,15310,A16,B22,C32,PCS,56,1.36,D,C03,7.133317,76.16,543.27
43007,L27,15310,A16,B22,C32,PCS,605,1.36,D,C03,7.133317,822.8,5869.29
43007,L27,15310,A16,B22,C32,PCS,930,1.36,D,C03,7.133317,1264.8,9022.22
43007,L27,15310,A16,B22,C32,PCS,617,1.36,D,C03,7.133317,839.12,5985.71
43007,L27,15310,A16,B22,C32,PCS,616,1.36,D,C03,7.133317,837.76,5976.01
43007,L27,15310,A16,B22,C32,PCS,262,1.36,D,C03,7.133317,356.32,2541.74
43007,L27,15310,A16,B22,C32,PCS,412,1.36,D,C03,7.133317,560.32,3996.94
43007,L27,15310,A16,B22,C32,PCS,640,1.36,D,C03,7.133317,870.4,6208.84
43003,L27,15727,A12,B27,C32,PCS,518,2.24,C,C10,8.657656,1160.32,10045.65
43003,L27,15727,A12,B27,C32,PCS,431,2.24,C,C10,8.657656,965.44,8358.45
43003,L27,15727,A12,B27,C32,PCS,577,2.24,C,C10,8.657656,1292.48,11189.85
43003,L27,15727,A12,B27,C32,PCS,189,2.24,C,C10,8.657656,423.36,3665.31
43003,L27,15727,A12,B27,C32,PCS,257,2.24,C,C10,8.657656,575.68,4984.04
43003,L27,15727,A12,B27,C32,PCS,216,2.24,C,C10,8.657656,483.84,4188.92
43003,L27,15727,A12,B27,C32,PCS,843,2.24,C,C10,8.657656,1888.32,16348.42
43003,L27,15727,A12,B27,C32,PCS,144,2.24,C,C10,8.657656,322.56,2792.61
43003,L27,15727,A12,B27,C32,PCS,977,2.24,C,C10,8.657656,2188.48,18947.11
43003,L27,15727,A12,B27,C32,PCS,502,2.24,C,C10,8.657656,1124.48,9735.36
43006,L27,16691,A20,B27,C38,PCS,550,2.9,C,C06,3.547054,1595,5657.55
43006,L27,16691,A20,B27,C38,PCS,556,2.9,C,C06,3.547054,1612.4,5719.27
43006,L27,16691,A20,B27,C38,PCS,278,2.9,C,C06,3.547054,806.2,2859.63
43006,L27,16691,A20,B27,C38,PCS,689,2.9,C,C06,3.547054,1998.1,7087.37
43006,L27,16691,A20,B27,C38,PCS,273,2.9,C,C06,3.547054,791.7,2808.2
43006,L27,16691,A20,B27,C38,PCS,829,2.9,C,C06,3.547054,2404.1,8527.47
43006,L27,16691,A20,B27,C38,PCS,848,2.9,C,C06,3.547054,2459.2,8722.92
43006,L27,16691,A20,B27,C38,PCS,253,2.9,C,C06,3.547054,733.7,2602.47
43006,L27,16691,A20,B27,C38,PCS,6,2.9,C,C06,3.547054,17.4,61.72
43006,L27,16691,A20,B27,C38,PCS,33,2.9,C,C06,3.547054,95.7,339.45
43007,L27,16864,A15,B24,C34,PCS,273,7.57,C,C09,1.199464,2066.61,2478.82
43007,L27,16864,A15,B24,C34,PCS,993,7.57,C,C09,1.199464,7517.01,9016.38
43007,L27,16864,A15,B24,C34,PCS,576,7.57,C,C09,1.199464,4360.32,5230.05
43007,L27,16864,A15,B24,C34,PCS,406,7.57,C,C09,1.199464,3073.42,3686.46
43007,L27,16864,A15,B24,C34,PCS,584,7.57,C,C09,1.199464,4420.88,5302.69
43007,L27,16864,A15,B24,C34,PCS,617,7.57,C,C09,1.199464,4670.69,5602.32
43007,L27,16864,A15,B24,C34,PCS,82,7.57,C,C09,1.199464,620.74,744.56
43007,L27,16864,A15,B24,C34,PCS,268,7.57,C,C09,1.199464,2028.76,2433.42
43007,L27,16864,A15,B24,C34,PCS,26,7.57,C,C09,1.199464,196.82,236.08
43007,L27,16864,A15,B24,C34,PCS,469,7.57,C,C09,1.199464,3550.33,4258.49
43008,L27,17016,A15,B20,C33,PCS,443,9.33,D,C05,3.40242,4133.19,14062.85
43008,L27,17016,A15,B20,C33,PCS,249,9.33,D,C05,3.40242,2323.17,7904.4
43008,L27,17016,A15,B20,C33,PCS,70,9.33,D,C05,3.40242,653.1,2222.12
43008,L27,17016,A15,B20,C33,PCS,161,9.33,D,C05,3.40242,1502.13,5110.88
43008,L27,17016,A15,B20,C33,PCS,562,9.33,D,C05,3.40242,5243.46,17840.45
43008,L27,17016,A15,B20,C33,PCS,712,9.33,D,C05,3.40242,6642.96,22602.14
43008,L27,17016,A15,B20,C33,PCS,702,9.33,D,C05,3.40242,6549.66,22284.69
43008,L27,17016,A15,B20,C33,PCS,956,9.33,D,C05,3.40242,8919.48,30347.82
43008,L27,17016,A15,B20,C33,PCS,438,9.33,D,C05,3.40242,4086.54,13904.13
43008,L27,17016,A15,B20,C33,PCS,339,9.33,D,C05,3.40242,3162.87,10761.41
43000,L27,17468,A16,B25,C33,PCS,919,5.22,C,C08,1.496196,4797.18,7177.52
43000,L27,17468,A16,B25,C33,PCS,523,5.22,C,C08,1.496196,2730.06,4084.7
43000,L27,17468,A16,B25,C33,PCS,823,5.22,C,C08,1.496196,4296.06,6427.75
43000,L27,17468,A16,B25,C33,PCS,578,5.22,C,C08,1.496196,3017.16,4514.26
43000,L27,17468,A16,B25,C33,PCS,535,5.22,C,C08,1.496196,2792.7,4178.43
43000,L27,17468,A16,B25,C33,PCS,506,5.22,C,C08,1.496196,2641.32,3951.93
43000,L27,17468,A16,B25,C33,PCS,749,5.22,C,C08,1.496196,3909.78,5849.8
43000,L27,17468,A16,B25,C33,PCS,475,5.22,C,C08,1.496196,2479.5,3709.82
43000,L27,17468,A16,B25,C33,PCS,671,5.22,C,C08,1.496196,3502.62,5240.61
43000,L27,17468,A16,B25,C33,PCS,157,5.22,C,C08,1.496196,819.54,1226.19
43007,L27,17621,A18,B26,C40,PCS,756,1.36,D,C03,7.133317,1028.16,7334.19
43007,L27,17621,A18,B26,C40,PCS,518,1.36,D,C03,7.133317,704.48,5025.28
43007,L27,17621,A18,B26,C40,PCS,88,1.36,D,C03,7.133317,119.68,853.72
43007,L27,17621,A18,B26,C40,PCS,796,1.36,D,C03,7.133317,1082.56,7722.24
43007,L27,17621,A18,B26,C40,PCS,57,1.36,D,C03,7.133317,77.52,552.97
43007,L27,17621,A18,B26,C40,PCS,565,1.36,D,C03,7.133317,768.4,5481.24
43007,L27,17621,A18,B26,C40,PCS,549,1.36,D,C03,7.133317,746.64,5326.02
43007,L27,17621,A18,B26,C40,PCS,765,1.36,D,C03,7.133317,1040.4,7421.5
43007,L27,17621,A18,B26,C40,PCS,478,1.36,D,C03,7.133317,650.08,4637.23
43007,L27,17621,A18,B26,C40,PCS,773,1.36,D,C03,7.133317,1051.28,7499.11
43005,L27,17947,A14,B25,C36,PCS,805,2.94,C,C01,6.825646,2366.7,16154.26
43005,L27,17947,A14,B25,C36,PCS,158,2.94,C,C01,6.825646,464.52,3170.65
43005,L27,17947,A14,B25,C36,PCS,240,2.94,C,C01,6.825646,705.6,4816.18
43005,L27,17947,A14,B25,C36,PCS,908,2.94,C,C01,6.825646,2669.52,18221.2
43005,L27,17947,A14,B25,C36,PCS,710,2.94,C,C01,6.825646,2087.4,14247.85
43005,L27,17947,A14,B25,C36,PCS,298,2.94,C,C01,6.825646,876.12,5980.08
43005,L27,17947,A14,B25,C36,PCS,901,2.94,C,C01,6.825646,2648.94,18080.73
43005,L27,17947,A14,B25,C36,PCS,762,2.94,C,C01,6.825646,2240.28,15291.36
43005,L27,17947,A14,B25,C36,PCS,379,2.94,C,C01,6.825646,1114.26,7605.54
43005,L27,17947,A14,B25,C36,PCS,535,2.94,C,C01,6.825646,1572.9,10736.06
43000,L27,18385,A11,B20,C36,PCS,204,8.42,D,C10,8.657656,1717.68,14871.08
43000,L27,18385,A11,B20,C36,PCS,265,8.42,D,C10,8.657656,2231.3,19317.83
43000,L27,18385,A11,B20,C36,PCS,796,8.42,D,C10,8.657656,6702.32,58026.38
43000,L27,18385,A11,B20,C36,PCS,460,8.42,D,C10,8.657656,3873.2,33532.83
43000,L27,18385,A11,B20,C36,PCS,130,8.42,D,C10,8.657656,1094.6,9476.67
43000,L27,18385,A11,B20,C36,PCS,368,8.42,D,C10,8.657656,3098.56,26826.27
43000,L27,18385,A11,B20,C36,PCS,672,8.42,D,C10,8.657656,5658.24,48987.1
43000,L27,18385,A11,B20,C36,PCS,293,8.42,D,C10,8.657656,2467.06,21358.96
43000,L27,18385,A11,B20,C36,PCS,260,8.42,D,C10,8.657656,2189.2,18953.34
43000,L27,18385,A11,B20,C36,PCS,786,8.42,D,C10,8.657656,6618.12,57297.41
43024,L27,10000,A17,B27,C37,PCS,828,5.27,C,C07,1.358577,4363.56,5928.23
43024,L27,10000,A17,B27,C37,PCS,706,5.27,C,C07,1.358577,3720.62,5054.75
43024,L27,10000,A17,B27,C37,PCS,113,5.27,C,C07,1.358577,595.51,809.05
43024,L27,10000,A17,B27,C37,PCS,554,5.27,C,C07,1.358577,2919.58,3966.47
43024,L27,10000,A17,B27,C37,PCS,167,5.27,C,C07,1.358577,880.09,1195.67
43024,L27,10000,A17,B27,C37,PCS,393,5.27,C,C07,1.358577,2071.11,2813.76
43024,L27,10000,A17,B27,C37,PCS,439,5.27,C,C07,1.358577,2313.53,3143.11
43024,L27,10000,A17,B27,C37,PCS,513,5.27,C,C07,1.358577,2703.51,3672.93
43024,L27,10000,A17,B27,C37,PCS,269,5.27,C,C07,1.358577,1417.63,1925.96
43024,L27,10000,A17,B27,C37,PCS,506,5.27,C,C07,1.358577,2666.62,3622.81
43019,L27,10073,A18,B20,C35,PCS,857,8.4,C,C05,3.40242,7198.8,24493.34
43019,L27,10073,A18,B20,C35,PCS,816,8.4,C,C05,3.40242,6854.4,23321.55
43019,L27,10073,A18,B20,C35,PCS,932,8.4,C,C05,3.40242,7828.8,26636.87
43019,L27,10073,A18,B20,C35,PCS,63,8.4,C,C05,3.40242,529.2,1800.56
43019,L27,10073,A18,B20,C35,PCS,798,8.4,C,C05,3.40242,6703.2,22807.1
43019,L27,10073,A18,B20,C35,PCS,221,8.4,C,C05,3.40242,1856.4,6316.25
43019,L27,10073,A18,B20,C35,PCS,654,8.4,C,C05,3.40242,5493.6,18691.53
43019,L27,10073,A18,B20,C35,PCS,655,8.4,C,C05,3.40242,5502,18720.11
43019,L27,10073,A18,B20,C35,PCS,772,8.4,C,C05,3.40242,6484.8,22064.01
43019,L27,10073,A18,B20,C35,PCS,765,8.4,C,C05,3.40242,6426,21863.95
43028,L27,10153,A19,B20,C36,PCS,708,5.76,C,C04,5.388146,4078.08,21973.29
43028,L27,10153,A19,B20,C36,PCS,326,5.76,C,C04,5.388146,1877.76,10117.65
43028,L27,10153,A19,B20,C36,PCS,281,5.76,C,C04,5.388146,1618.56,8721.04
43028,L27,10153,A19,B20,C36,PCS,394,5.76,C,C04,5.388146,2269.44,12228.07
43028,L27,10153,A19,B20,C36,PCS,76,5.76,C,C04,5.388146,437.76,2358.71
43028,L27,10153,A19,B20,C36,PCS,608,5.76,C,C04,5.388146,3502.08,18869.72
43028,L27,10153,A19,B20,C36,PCS,549,5.76,C,C04,5.388146,3162.24,17038.61
43028,L27,10153,A19,B20,C36,PCS,632,5.76,C,C04,5.388146,3640.32,19614.58
43028,L27,10153,A19,B20,C36,PCS,85,5.76,C,C04,5.388146,489.6,2638.04
43028,L27,10153,A19,B20,C36,PCS,170,5.76,C,C04,5.388146,979.2,5276.07
43027,L27,10196,A11,B20,C31,PCS,299,8.53,C,C03,7.133317,2550.47,18193.31
43027,L27,10196,A11,B20,C31,PCS,507,8.53,C,C03,7.133317,4324.71,30849.53
43027,L27,10196,A11,B20,C31,PCS,77,8.53,C,C03,7.133317,656.81,4685.23
43027,L27,10196,A11,B20,C31,PCS,807,8.53,C,C03,7.133317,6883.71,49103.69
43027,L27,10196,A11,B20,C31,PCS,92,8.53,C,C03,7.133317,784.76,5597.94
43027,L27,10196,A11,B20,C31,PCS,967,8.53,C,C03,7.133317,8248.51,58839.24
43027,L27,10196,A11,B20,C31,PCS,837,8.53,C,C03,7.133317,7139.61,50929.1
43027,L27,10196,A11,B20,C31,PCS,316,8.53,C,C03,7.133317,2695.48,19227.71
43027,L27,10196,A11,B20,C31,PCS,615,8.53,C,C03,7.133317,5245.95,37421.02
43027,L27,10196,A11,B20,C31,PCS,438,8.53,C,C03,7.133317,3736.14,26651.07
43031,L27,10250,A13,B24,C37,PCS,727,8.5,C,C05,3.40242,6179.5,21025.25
43031,L27,10250,A13,B24,C37,PCS,368,8.5,C,C05,3.40242,3128,10642.77
43031,L27,10250,A13,B24,C37,PCS,975,8.5,C,C05,3.40242,8287.5,28197.56
43031,L27,10250,A13,B24,C37,PCS,469,8.5,C,C05,3.40242,3986.5,13563.75
43031,L27,10250,A13,B24,C37,PCS,165,8.5,C,C05,3.40242,1402.5,4771.89
43031,L27,10250,A13,B24,C37,PCS,989,8.5,C,C05,3.40242,8406.5,28602.44
43031,L27,10250,A13,B24,C37,PCS,471,8.5,C,C05,3.40242,4003.5,13621.59
43031,L27,10250,A13,B24,C37,PCS,935,8.5,C,C05,3.40242,7947.5,27040.73
43031,L27,10250,A13,B24,C37,PCS,915,8.5,C,C05,3.40242,7777.5,26462.32
43031,L27,10250,A13,B24,C37,PCS,470,8.5,C,C05,3.40242,3995,13592.67
43011,L27,10325,A14,B28,C30,PCS,660,2.6,D,C07,1.358577,1716,2331.32
43011,L27,10325,A14,B28,C30,PCS,586,2.6,D,C07,1.358577,1523.6,2069.93
43011,L27,10325,A14,B28,C30,PCS,737,2.6,D,C07,1.358577,1916.2,2603.31
43011,L27,10325,A14,B28,C30,PCS,603,2.6,D,C07,1.358577,1567.8,2129.98
43011,L27,10325,A14,B28,C30,PCS,359,2.6,D,C07,1.358577,933.4,1268.1
43011,L27,10325,A14,B28,C30,PCS,654,2.6,D,C07,1.358577,1700.4,2310.12
43011,L27,10325,A14,B28,C30,PCS,813,2.6,D,C07,1.358577,2113.8,2871.76
43011,L27,10325,A14,B28,C30,PCS,909,2.6,D,C07,1.358577,2363.4,3210.86
43011,L27,10325,A14,B28,C30,PCS,397,2.6,D,C07,1.358577,1032.2,1402.32
43011,L27,10325,A14,B28,C30,PCS,407,2.6,D,C07,1.358577,1058.2,1437.65
43039,L27,10452,A10,B26,C38,PCS,455,3.19,C,C06,3.547054,1451.45,5148.37
43039,L27,10452,A10,B26,C38,PCS,21,3.19,C,C06,3.547054,66.99,237.62
43039,L27,10452,A10,B26,C38,PCS,562,3.19,C,C06,3.547054,1792.78,6359.09
43039,L27,10452,A10,B26,C38,PCS,277,3.19,C,C06,3.547054,883.63,3134.28
43039,L27,10452,A10,B26,C38,PCS,646,3.19,C,C06,3.547054,2060.74,7309.56
43039,L27,10452,A10,B26,C38,PCS,142,3.19,C,C06,3.547054,452.98,1606.74
43039,L27,10452,A10,B26,C38,PCS,495,3.19,C,C06,3.547054,1579.05,5600.98
43039,L27,10452,A10,B26,C38,PCS,705,3.19,C,C06,3.547054,2248.95,7977.15
43039,L27,10452,A10,B26,C38,PCS,390,3.19,C,C06,3.547054,1244.1,4412.89
43039,L27,10452,A10,B26,C38,PCS,712,3.19,C,C06,3.547054,2271.28,8056.35
43022,L27,10496,A19,B26,C35,PCS,657,6.91,D,C06,3.547054,4539.87,16103.16
43022,L27,10496,A19,B26,C35,PCS,479,6.91,D,C06,3.547054,3309.89,11740.36
43022,L27,10496,A19,B26,C35,PCS,117,6.91,D,C06,3.547054,808.47,2867.69
43022,L27,10496,A19,B26,C35,PCS,613,6.91,D,C06,3.547054,4235.83,15024.72
43022,L27,10496,A19,B26,C35,PCS,844,6.91,D,C06,3.547054,5832.04,20686.56
43022,L27,10496,A19,B26,C35,PCS,319,6.91,D,C06,3.547054,2204.29,7818.74
43022,L27,10496,A19,B26,C35,PCS,104,6.91,D,C06,3.547054,718.64,2549.05
43022,L27,10496,A19,B26,C35,PCS,817,6.91,D,C06,3.547054,5645.47,20024.79
43022,L27,10496,A19,B26,C35,PCS,706,6.91,D,C06,3.547054,4878.46,17304.16
43022,L27,10496,A19,B26,C35,PCS,671,6.91,D,C06,3.547054,4636.61,16446.31
43018,L27,10556,A18,B25,C31,PCS,190,6.44,D,C06,3.547054,1223.6,4340.18
43018,L27,10556,A18,B25,C31,PCS,734,6.44,D,C06,3.547054,4726.96,16766.78
43018,L27,10556,A18,B25,C31,PCS,332,6.44,D,C06,3.547054,2138.08,7583.89
43018,L27,10556,A18,B25,C31,PCS,76,6.44,D,C06,3.547054,489.44,1736.07
43018,L27,10556,A18,B25,C31,PCS,613,6.44,D,C06,3.547054,3947.72,14002.78
43018,L27,10556,A18,B25,C31,PCS,252,6.44,D,C06,3.547054,1622.88,5756.44
43018,L27,10556,A18,B25,C31,PCS,860,6.44,D,C06,3.547054,5538.4,19645
43018,L27,10556,A18,B25,C31,PCS,653,6.44,D,C06,3.547054,4205.32,14916.5
43018,L27,10556,A18,B25,C31,PCS,664,6.44,D,C06,3.547054,4276.16,15167.77
43018,L27,10556,A18,B25,C31,PCS,783,6.44,D,C06,3.547054,5042.52,17886.09
43009,L27,10584,A18,B27,C37,PCS,54,9.65,D,C08,1.496196,521.1,779.67
43009,L27,10584,A18,B27,C37,PCS,696,9.65,D,C08,1.496196,6716.4,10049.05
43009,L27,10584,A18,B27,C37,PCS,545,9.65,D,C08,1.496196,5259.25,7868.87
43009,L27,10584,A18,B27,C37,PCS,745,9.65,D,C08,1.496196,7189.25,10756.53
43009,L27,10584,A18,B27,C37,PCS,99,9.65,D,C08,1.496196,955.35,1429.39
43009,L27,10584,A18,B27,C37,PCS,565,9.65,D,C08,1.496196,5452.25,8157.63
43009,L27,10584,A18,B27,C37,PCS,742,9.65,D,C08,1.496196,7160.3,10713.21
43009,L27,10584,A18,B27,C37,PCS,896,9.65,D,C08,1.496196,8646.4,12936.71
43009,L27,10584,A18,B27,C37,PCS,202,9.65,D,C08,1.496196,1949.3,2916.53
43009,L27,10584,A18,B27,C37,PCS,264,9.65,D,C08,1.496196,2547.6,3811.71
43039,L27,10793,A11,B26,C32,PCS,818,7.35,C,C01,6.825646,6012.3,41037.83
43039,L27,10793,A11,B26,C32,PCS,621,7.35,C,C01,6.825646,4564.35,31154.64
43039,L27,10793,A11,B26,C32,PCS,546,7.35,C,C01,6.825646,4013.1,27392
43039,L27,10793,A11,B26,C32,PCS,1,7.35,C,C01,6.825646,7.35,50.17
43039,L27,10793,A11,B26,C32,PCS,734,7.35,C,C01,6.825646,5394.9,36823.68
43039,L27,10793,A11,B26,C32,PCS,439,7.35,C,C01,6.825646,3226.65,22023.97
43039,L27,10793,A11,B26,C32,PCS,424,7.35,C,C01,6.825646,3116.4,21271.44
43039,L27,10793,A11,B26,C32,PCS,572,7.35,C,C01,6.825646,4204.2,28696.38
43039,L27,10793,A11,B26,C32,PCS,6,7.35,C,C01,6.825646,44.1,301.01
43039,L27,10793,A11,B26,C32,PCS,758,7.35,C,C01,6.825646,5571.3,38027.72
43034,L27,10803,A18,B24,C40,PCS,361,2.03,C,C04,5.388146,732.83,3948.6
43034,L27,10803,A18,B24,C40,PCS,177,2.03,C,C04,5.388146,359.31,1936.01
43034,L27,10803,A18,B24,C40,PCS,643,2.03,C,C04,5.388146,1305.29,7033.09
43034,L27,10803,A18,B24,C40,PCS,217,2.03,C,C04,5.388146,440.51,2373.53
43034,L27,10803,A18,B24,C40,PCS,69,2.03,C,C04,5.388146,140.07,754.72
43034,L27,10803,A18,B24,C40,PCS,83,2.03,C,C04,5.388146,168.49,907.85
43034,L27,10803,A18,B24,C40,PCS,472,2.03,C,C04,5.388146,958.16,5162.71
43034,L27,10803,A18,B24,C40,PCS,409,2.03,C,C04,5.388146,830.27,4473.62
43034,L27,10803,A18,B24,C40,PCS,93,2.03,C,C04,5.388146,188.79,1017.23
43034,L27,10803,A18,B24,C40,PCS,461,2.03,C,C04,5.388146,935.83,5042.39
43012,L27,10828,A20,B21,C30,PCS,146,5.89,D,C02,9.912483,859.94,8524.14
43012,L27,10828,A20,B21,C30,PCS,261,5.89,D,C02,9.912483,1537.29,15238.36
43012,L27,10828,A20,B21,C30,PCS,809,5.89,D,C02,9.912483,4765.01,47233.08
43012,L27,10828,A20,B21,C30,PCS,868,5.89,D,C02,9.912483,5112.52,50677.77
43012,L27,10828,A20,B21,C30,PCS,894,5.89,D,C02,9.912483,5265.66,52195.77
43012,L27,10828,A20,B21,C30,PCS,963,5.89,D,C02,9.912483,5672.07,56224.3
43012,L27,10828,A20,B21,C30,PCS,300,5.89,D,C02,9.912483,1767,17515.36
43012,L27,10828,A20,B21,C30,PCS,52,5.89,D,C02,9.912483,306.28,3036
43012,L27,10828,A20,B21,C30,PCS,346,5.89,D,C02,9.912483,2037.94,20201.05
43012,L27,10828,A20,B21,C30,PCS,405,5.89,D,C02,9.912483,2385.45,23645.73
43026,L27,10845,A12,B27,C34,PCS,433,4,D,C09,1.199464,1732,2077.47
43026,L27,10845,A12,B27,C34,PCS,797,4,D,C09,1.199464,3188,3823.89
43026,L27,10845,A12,B27,C34,PCS,256,4,D,C09,1.199464,1024,1228.25
43026,L27,10845,A12,B27,C34,PCS,308,4,D,C09,1.199464,1232,1477.74
43026,L27,10845,A12,B27,C34,PCS,45,4,D,C09,1.199464,180,215.9
43026,L27,10845,A12,B27,C34,PCS,860,4,D,C09,1.199464,3440,4126.16
43026,L27,10845,A12,B27,C34,PCS,869,4,D,C09,1.199464,3476,4169.34
43026,L27,10845,A12,B27,C34,PCS,169,4,D,C09,1.199464,676,810.84
43026,L27,10845,A12,B27,C34,PCS,799,4,D,C09,1.199464,3196,3833.49
43026,L27,10845,A12,B27,C34,PCS,642,4,D,C09,1.199464,2568,3080.22
43026,L27,10906,A11,B21,C31,PCS,266,3.04,D,C05,3.40242,808.64,2751.33
43026,L27,10906,A11,B21,C31,PCS,985,3.04,D,C05,3.40242,2994.4,10188.21
43026,L27,10906,A11,B21,C31,PCS,884,3.04,D,C05,3.40242,2687.36,9143.53
43026,L27,10906,A11,B21,C31,PCS,695,3.04,D,C05,3.40242,2112.8,7188.63
43026,L27,10906,A11,B21,C31,PCS,909,3.04,D,C05,3.40242,2763.36,9402.11
43026,L27,10906,A11,B21,C31,PCS,321,3.04,D,C05,3.40242,975.84,3320.22
43026,L27,10906,A11,B21,C31,PCS,182,3.04,D,C05,3.40242,553.28,1882.49
43026,L27,10906,A11,B21,C31,PCS,144,3.04,D,C05,3.40242,437.76,1489.44
43026,L27,10906,A11,B21,C31,PCS,315,3.04,D,C05,3.40242,957.6,3258.16
43026,L27,10906,A11,B21,C31,PCS,841,3.04,D,C05,3.40242,2556.64,8698.76
43016,L27,10920,A11,B26,C34,PCS,992,4.66,D,C08,1.496196,4622.72,6916.5
43016,L27,10920,A11,B26,C34,PCS,971,4.66,D,C08,1.496196,4524.86,6770.08
43016,L27,10920,A11,B26,C34,PCS,147,4.66,D,C08,1.496196,685.02,1024.92
43016,L27,10920,A11,B26,C34,PCS,296,4.66,D,C08,1.496196,1379.36,2063.79
43016,L27,10920,A11,B26,C34,PCS,831,4.66,D,C08,1.496196,3872.46,5793.96
43016,L27,10920,A11,B26,C34,PCS,925,4.66,D,C08,1.496196,4310.5,6449.35
43016,L27,10920,A11,B26,C34,PCS,352,4.66,D,C08,1.496196,1640.32,2454.24
43016,L27,10920,A11,B26,C34,PCS,878,4.66,D,C08,1.496196,4091.48,6121.66
43016,L27,10920,A11,B26,C34,PCS,648,4.66,D,C08,1.496196,3019.68,4518.03
43016,L27,10920,A11,B26,C34,PCS,306,4.66,D,C08,1.496196,1425.96,2133.52
43024,L27,10942,A15,B29,C35,PCS,409,8.02,C,C07,1.358577,3280.18,4456.38
43024,L27,10942,A15,B29,C35,PCS,37,8.02,C,C07,1.358577,296.74,403.14
43024,L27,10942,A15,B29,C35,PCS,390,8.02,C,C07,1.358577,3127.8,4249.36
43024,L27,10942,A15,B29,C35,PCS,260,8.02,C,C07,1.358577,2085.2,2832.9
43024,L27,10942,A15,B29,C35,PCS,678,8.02,C,C07,1.358577,5437.56,7387.34
43024,L27,10942,A15,B29,C35,PCS,404,8.02,C,C07,1.358577,3240.08,4401.9
43024,L27,10942,A15,B29,C35,PCS,525,8.02,C,C07,1.358577,4210.5,5720.29
43024,L27,10942,A15,B29,C35,PCS,946,8.02,C,C07,1.358577,7586.92,10307.42
43024,L27,10942,A15,B29,C35,PCS,821,8.02,C,C07,1.358577,6584.42,8945.44
43024,L27,10942,A15,B29,C35,PCS,949,8.02,C,C07,1.358577,7610.98,10340.1
43024,L27,10989,A13,B24,C39,PCS,146,5.27,C,C07,1.358577,769.42,1045.32
43024,L27,10989,A13,B24,C39,PCS,81,5.27,C,C07,1.358577,426.87,579.94
43024,L27,10989,A13,B24,C39,PCS,882,5.27,C,C07,1.358577,4648.14,6314.86
43024,L27,10989,A13,B24,C39,PCS,568,5.27,C,C07,1.358577,2993.36,4066.71
43024,L27,10989,A13,B24,C39,PCS,653,5.27,C,C07,1.358577,3441.31,4675.28
43024,L27,10989,A13,B24,C39,PCS,868,5.27,C,C07,1.358577,4574.36,6214.62
43024,L27,10989,A13,B24,C39,PCS,605,5.27,C,C07,1.358577,3188.35,4331.62
43024,L27,10989,A13,B24,C39,PCS,179,5.27,C,C07,1.358577,943.33,1281.59
43024,L27,10989,A13,B24,C39,PCS,322,5.27,C,C07,1.358577,1696.94,2305.42
43024,L27,10989,A13,B24,C39,PCS,858,5.27,C,C07,1.358577,4521.66,6143.02
43018,L27,11000,A18,B22,C36,PCS,427,6.44,C,C06,3.547054,2749.88,9753.97
43018,L27,11000,A18,B22,C36,PCS,602,6.44,C,C06,3.547054,3876.88,13751.5
43018,L27,11000,A18,B22,C36,PCS,375,6.44,C,C06,3.547054,2415,8566.14
43018,L27,11000,A18,B22,C36,PCS,517,6.44,C,C06,3.547054,3329.48,11809.85
43018,L27,11000,A18,B22,C36,PCS,430,6.44,C,C06,3.547054,2769.2,9822.5
43018,L27,11000,A18,B22,C36,PCS,422,6.44,C,C06,3.547054,2717.68,9639.76
43018,L27,11000,A18,B22,C36,PCS,461,6.44,C,C06,3.547054,2968.84,10530.64
43018,L27,11000,A18,B22,C36,PCS,916,6.44,C,C06,3.547054,5899.04,20924.21
43018,L27,11000,A18,B22,C36,PCS,929,6.44,C,C06,3.547054,5982.76,21221.17
43018,L27,11000,A18,B22,C36,PCS,832,6.44,C,C06,3.547054,5358.08,19005.4
43036,L27,11163,A11,B20,C31,PCS,316,8.22,D,C07,1.358577,2597.52,3528.93
43036,L27,11163,A11,B20,C31,PCS,604,8.22,D,C07,1.358577,4964.88,6745.17
43036,L27,11163,A11,B20,C31,PCS,177,8.22,D,C07,1.358577,1454.94,1976.65
43036,L27,11163,A11,B20,C31,PCS,247,8.22,D,C07,1.358577,2030.34,2758.37
43036,L27,11163,A11,B20,C31,PCS,936,8.22,D,C07,1.358577,7693.92,10452.78
43036,L27,11163,A11,B20,C31,PCS,811,8.22,D,C07,1.358577,6666.42,9056.84
43036,L27,11163,A11,B20,C31,PCS,575,8.22,D,C07,1.358577,4726.5,6421.31
43036,L27,11163,A11,B20,C31,PCS,115,8.22,D,C07,1.358577,945.3,1284.26
43036,L27,11163,A11,B20,C31,PCS,284,8.22,D,C07,1.358577,2334.48,3171.57
43036,L27,11163,A11,B20,C31,PCS,134,8.22,D,C07,1.358577,1101.48,1496.45
43026,L27,11423,A11,B26,C34,PCS,476,3.13,D,C09,1.199464,1489.88,1787.06
43026,L27,11423,A11,B26,C34,PCS,155,3.13,D,C09,1.199464,485.15,581.92
43026,L27,11423,A11,B26,C34,PCS,285,3.13,D,C09,1.199464,892.05,1069.98
43026,L27,11423,A11,B26,C34,PCS,152,3.13,D,C09,1.199464,475.76,570.66
43026,L27,11423,A11,B26,C34,PCS,9,3.13,D,C09,1.199464,28.17,33.79
43026,L27,11423,A11,B26,C34,PCS,509,3.13,D,C09,1.199464,1593.17,1910.95
43026,L27,11423,A11,B26,C34,PCS,728,3.13,D,C09,1.199464,2278.64,2733.15
43026,L27,11423,A11,B26,C34,PCS,931,3.13,D,C09,1.199464,2914.03,3495.27
43026,L27,11423,A11,B26,C34,PCS,271,3.13,D,C09,1.199464,848.23,1017.42
43026,L27,11423,A11,B26,C34,PCS,793,3.13,D,C09,1.199464,2482.09,2977.18
43022,L27,11626,A20,B27,C40,PCS,464,9.34,C,C02,9.912483,4333.76,42958.32
43022,L27,11626,A20,B27,C40,PCS,135,9.34,C,C02,9.912483,1260.9,12498.65
43022,L27,11626,A20,B27,C40,PCS,303,9.34,C,C02,9.912483,2830.02,28052.53
43022,L27,11626,A20,B27,C40,PCS,618,9.34,C,C02,9.912483,5772.12,57216.04
43022,L27,11626,A20,B27,C40,PCS,704,9.34,C,C02,9.912483,6575.36,65178.14
43022,L27,11626,A20,B27,C40,PCS,681,9.34,C,C02,9.912483,6360.54,63048.74
43022,L27,11626,A20,B27,C40,PCS,211,9.34,C,C02,9.912483,1970.74,19534.93
43022,L27,11626,A20,B27,C40,PCS,580,9.34,C,C02,9.912483,5417.2,53697.9
43022,L27,11626,A20,B27,C40,PCS,517,9.34,C,C02,9.912483,4828.78,47865.2
43022,L27,11626,A20,B27,C40,PCS,348,9.34,C,C02,9.912483,3250.32,32218.74
43022,L27,11867,A11,B24,C31,PCS,91,2.83,D,C05,3.40242,257.53,876.23
43022,L27,11867,A11,B24,C31,PCS,287,2.83,D,C05,3.40242,812.21,2763.48
43022,L27,11867,A11,B24,C31,PCS,235,2.83,D,C05,3.40242,665.05,2262.78
43022,L27,11867,A11,B24,C31,PCS,570,2.83,D,C05,3.40242,1613.1,5488.44
43022,L27,11867,A11,B24,C31,PCS,771,2.83,D,C05,3.40242,2181.93,7423.84
43022,L27,11867,A11,B24,C31,PCS,998,2.83,D,C05,3.40242,2824.34,9609.59
43022,L27,11867,A11,B24,C31,PCS,253,2.83,D,C05,3.40242,715.99,2436.1
43022,L27,11867,A11,B24,C31,PCS,296,2.83,D,C05,3.40242,837.68,2850.14
43022,L27,11867,A11,B24,C31,PCS,57,2.83,D,C05,3.40242,161.31,548.84
43022,L27,11867,A11,B24,C31,PCS,284,2.83,D,C05,3.40242,803.72,2734.59
43022,L27,11920,A18,B25,C38,PCS,117,6.91,D,C06,3.547054,808.47,2867.69
43022,L27,11920,A18,B25,C38,PCS,913,6.91,D,C06,3.547054,6308.83,22377.76
43022,L27,11920,A18,B25,C38,PCS,755,6.91,D,C06,3.547054,5217.05,18505.16
43022,L27,11920,A18,B25,C38,PCS,640,6.91,D,C06,3.547054,4422.4,15686.49
43022,L27,11920,A18,B25,C38,PCS,125,6.91,D,C06,3.547054,863.75,3063.77
43022,L27,11920,A18,B25,C38,PCS,251,6.91,D,C06,3.547054,1734.41,6152.05
43022,L27,11920,A18,B25,C38,PCS,948,6.91,D,C06,3.547054,6550.68,23235.62
43022,L27,11920,A18,B25,C38,PCS,79,6.91,D,C06,3.547054,545.89,1936.3
43022,L27,11920,A18,B25,C38,PCS,784,6.91,D,C06,3.547054,5417.44,19215.95
43022,L27,11920,A18,B25,C38,PCS,134,6.91,D,C06,3.547054,925.94,3284.36
43009,L27,11939,A15,B27,C30,PCS,713,9.65,C,C08,1.496196,6880.45,10294.5
43009,L27,11939,A15,B27,C30,PCS,314,9.65,C,C08,1.496196,3030.1,4533.62
43009,L27,11939,A15,B27,C30,PCS,24,9.65,C,C08,1.496196,231.6,346.52
43009,L27,11939,A15,B27,C30,PCS,391,9.65,C,C08,1.496196,3773.15,5645.37
43009,L27,11939,A15,B27,C30,PCS,922,9.65,C,C08,1.496196,8897.3,13312.1
43009,L27,11939,A15,B27,C30,PCS,972,9.65,C,C08,1.496196,9379.8,14034.02
43009,L27,11939,A15,B27,C30,PCS,890,9.65,C,C08,1.496196,8588.5,12850.08
43009,L27,11939,A15,B27,C30,PCS,324,9.65,C,C08,1.496196,3126.6,4678.01
43009,L27,11939,A15,B27,C30,PCS,752,9.65,C,C08,1.496196,7256.8,10857.6
43009,L27,11939,A15,B27,C30,PCS,838,9.65,C,C08,1.496196,8086.7,12099.29
43032,L27,11959,A14,B26,C38,PCS,533,9.35,D,C09,1.199464,4983.55,5977.59
43032,L27,11959,A14,B26,C38,PCS,603,9.35,D,C09,1.199464,5638.05,6762.64
43032,L27,11959,A14,B26,C38,PCS,155,9.35,D,C09,1.199464,1449.25,1738.32
43032,L27,11959,A14,B26,C38,PCS,37,9.35,D,C09,1.199464,345.95,414.95
43032,L27,11959,A14,B26,C38,PCS,813,9.35,D,C09,1.199464,7601.55,9117.79
43032,L27,11959,A14,B26,C38,PCS,979,9.35,D,C09,1.199464,9153.65,10979.47
43032,L27,11959,A14,B26,C38,PCS,601,9.35,D,C09,1.199464,5619.35,6740.21
43032,L27,11959,A14,B26,C38,PCS,821,9.35,D,C09,1.199464,7676.35,9207.51
43032,L27,11959,A14,B26,C38,PCS,461,9.35,D,C09,1.199464,4310.35,5170.11
43032,L27,11959,A14,B26,C38,PCS,957,9.35,D,C09,1.199464,8947.95,10732.74
43026,L27,11975,A14,B20,C33,PCS,311,3.13,D,C09,1.199464,973.43,1167.59
43026,L27,11975,A14,B20,C33,PCS,821,3.13,D,C09,1.199464,2569.73,3082.3
43026,L27,11975,A14,B20,C33,PCS,378,3.13,D,C09,1.199464,1183.14,1419.13
43026,L27,11975,A14,B20,C33,PCS,69,3.13,D,C09,1.199464,215.97,259.05
43026,L27,11975,A14,B20,C33,PCS,423,3.13,D,C09,1.199464,1323.99,1588.08
43026,L27,11975,A14,B20,C33,PCS,211,3.13,D,C09,1.199464,660.43,792.16
43026,L27,11975,A14,B20,C33,PCS,329,3.13,D,C09,1.199464,1029.77,1235.17
43026,L27,11975,A14,B20,C33,PCS,360,3.13,D,C09,1.199464,1126.8,1351.56
43026,L27,11975,A14,B20,C33,PCS,217,3.13,D,C09,1.199464,679.21,814.69
43026,L27,11975,A14,B20,C33,PCS,401,3.13,D,C09,1.199464,1255.13,1505.48
43019,L27,11986,A19,B29,C33,PCS,175,8.4,D,C05,3.40242,1470,5001.56
43019,L27,11986,A19,B29,C33,PCS,438,8.4,D,C05,3.40242,3679.2,12518.18
43019,L27,11986,A19,B29,C33,PCS,773,8.4,D,C05,3.40242,6493.2,22092.59
43019,L27,11986,A19,B29,C33,PCS,575,8.4,D,C05,3.40242,4830,16433.69
43019,L27,11986,A19,B29,C33,PCS,321,8.4,D,C05,3.40242,2696.4,9174.29
43019,L27,11986,A19,B29,C33,PCS,223,8.4,D,C05,3.40242,1873.2,6373.41
43019,L27,11986,A19,B29,C33,PCS,343,8.4,D,C05,3.40242,2881.2,9803.05
43019,L27,11986,A19,B29,C33,PCS,887,8.4,D,C05,3.40242,7450.8,25350.75
43019,L27,11986,A19,B29,C33,PCS,935,8.4,D,C05,3.40242,7854,26722.61
43019,L27,11986,A19,B29,C33,PCS,870,8.4,D,C05,3.40242,7308,24864.89
43031,L27,12066,A13,B21,C31,PCS,611,9.11,C,C10,8.657656,5566.21,48190.33
43031,L27,12066,A13,B21,C31,PCS,476,9.11,C,C10,8.657656,4336.36,37542.71
43031,L27,12066,A13,B21,C31,PCS,721,9.11,C,C10,8.657656,6568.31,56866.17
43031,L27,12066,A13,B21,C31,PCS,438,9.11,C,C10,8.657656,3990.18,34545.61
43031,L27,12066,A13,B21,C31,PCS,384,9.11,C,C10,8.657656,3498.24,30286.56
43031,L27,12066,A13,B21,C31,PCS,938,9.11,C,C10,8.657656,8545.18,73981.23
43031,L27,12066,A13,B21,C31,PCS,840,9.11,C,C10,8.657656,7652.4,66251.85
43031,L27,12066,A13,B21,C31,PCS,236,9.11,C,C10,8.657656,2149.96,18613.61
43031,L27,12066,A13,B21,C31,PCS,845,9.11,C,C10,8.657656,7697.95,66646.2
43031,L27,12066,A13,B21,C31,PCS,407,9.11,C,C10,8.657656,3707.77,32100.6
43033,L27,12088,A17,B25,C35,PCS,896,8.04,C,C08,1.496196,7203.84,10778.36
43033,L27,12088,A17,B25,C35,PCS,289,8.04,C,C08,1.496196,2323.56,3476.5
43033,L27,12088,A17,B25,C35,PCS,518,8.04,C,C08,1.496196,4164.72,6231.24
43033,L27,12088,A17,B25,C35,PCS,150,8.04,C,C08,1.496196,1206,1804.41
43033,L27,12088,A17,B25,C35,PCS,797,8.04,C,C08,1.496196,6407.88,9587.44
43033,L27,12088,A17,B25,C35,PCS,884,8.04,C,C08,1.496196,7107.36,10634
43033,L27,12088,A17,B25,C35,PCS,434,8.04,C,C08,1.496196,3489.36,5220.77
43033,L27,12088,A17,B25,C35,PCS,766,8.04,C,C08,1.496196,6158.64,9214.53
43033,L27,12088,A17,B25,C35,PCS,33,8.04,C,C08,1.496196,265.32,396.97
43033,L27,12088,A17,B25,C35,PCS,877,8.04,C,C08,1.496196,7051.08,10549.8
43038,L27,12104,A16,B24,C30,PCS,151,9.98,C,C10,8.657656,1506.98,13046.91
43038,L27,12104,A16,B24,C30,PCS,470,9.98,C,C10,8.657656,4690.6,40609.6
43038,L27,12104,A16,B24,C30,PCS,521,9.98,C,C10,8.657656,5199.58,45016.17
43038,L27,12104,A16,B24,C30,PCS,294,9.98,C,C10,8.657656,2934.12,25402.6
43038,L27,12104,A16,B24,C30,PCS,134,9.98,C,C10,8.657656,1337.32,11578.06
43038,L27,12104,A16,B24,C30,PCS,252,9.98,C,C10,8.657656,2514.96,21773.66
43038,L27,12104,A16,B24,C30,PCS,281,9.98,C,C10,8.657656,2804.38,24279.36
43038,L27,12104,A16,B24,C30,PCS,666,9.98,C,C10,8.657656,6646.68,57544.67
43038,L27,12104,A16,B24,C30,PCS,954,9.98,C,C10,8.657656,9520.92,82428.85
43038,L27,12104,A16,B24,C30,PCS,333,9.98,C,C10,8.657656,3323.34,28772.33
43039,L27,12151,A10,B30,C40,PCS,357,1.23,C,C09,1.199464,439.11,526.7
43039,L27,12151,A10,B30,C40,PCS,400,1.23,C,C09,1.199464,492,590.14
43039,L27,12151,A10,B30,C40,PCS,65,1.23,C,C09,1.199464,79.95,95.9
43039,L27,12151,A10,B30,C40,PCS,545,1.23,C,C09,1.199464,670.35,804.06
43039,L27,12151,A10,B30,C40,PCS,972,1.23,C,C09,1.199464,1195.56,1434.03
43039,L27,12151,A10,B30,C40,PCS,40,1.23,C,C09,1.199464,49.2,59.01
43039,L27,12151,A10,B30,C40,PCS,367,1.23,C,C09,1.199464,451.41,541.45
43039,L27,12151,A10,B30,C40,PCS,543,1.23,C,C09,1.199464,667.89,801.11
43039,L27,12151,A10,B30,C40,PCS,50,1.23,C,C09,1.199464,61.5,73.77
43039,L27,12151,A10,B30,C40,PCS,976,1.23,C,C09,1.199464,1200.48,1439.93
43032,L27,12395,A15,B20,C39,PCS,451,1.16,D,C06,3.547054,523.16,1855.68
43032,L27,12395,A15,B20,C39,PCS,772,1.16,D,C06,3.547054,895.52,3176.46
43032,L27,12395,A15,B20,C39,PCS,178,1.16,D,C06,3.547054,206.48,732.4
43032,L27,12395,A15,B20,C39,PCS,814,1.16,D,C06,3.547054,944.24,3349.27
43032,L27,12395,A15,B20,C39,PCS,328,1.16,D,C06,3.547054,380.48,1349.58
43032,L27,12395,A15,B20,C39,PCS,34,1.16,D,C06,3.547054,39.44,139.9
43032,L27,12395,A15,B20,C39,PCS,218,1.16,D,C06,3.547054,252.88,896.98
43032,L27,12395,A15,B20,C39,PCS,31,1.16,D,C06,3.547054,35.96,127.55
43032,L27,12395,A15,B20,C39,PCS,67,1.16,D,C06,3.547054,77.72,275.68
43032,L27,12395,A15,B20,C39,PCS,864,1.16,D,C06,3.547054,1002.24,3555
43019,L27,12411,A14,B26,C35,PCS,280,8.4,C,C05,3.40242,2352,8002.49
43019,L27,12411,A14,B26,C35,PCS,362,8.4,C,C05,3.40242,3040.8,10346.08
43019,L27,12411,A14,B26,C35,PCS,690,8.4,C,C05,3.40242,5796,19720.43
43019,L27,12411,A14,B26,C35,PCS,734,8.4,C,C05,3.40242,6165.6,20977.96
43019,L27,12411,A14,B26,C35,PCS,471,8.4,C,C05,3.40242,3956.4,13461.33
43019,L27,12411,A14,B26,C35,PCS,210,8.4,C,C05,3.40242,1764,6001.87
43019,L27,12411,A14,B26,C35,PCS,845,8.4,C,C05,3.40242,7098,24150.38
43019,L27,12411,A14,B26,C35,PCS,453,8.4,C,C05,3.40242,3805.2,12946.89
43019,L27,12411,A14,B26,C35,PCS,484,8.4,C,C05,3.40242,4065.6,13832.88
43019,L27,12411,A14,B26,C35,PCS,387,8.4,C,C05,3.40242,3250.8,11060.59
43031,L27,12460,A12,B23,C37,PCS,611,8.66,D,C06,3.547054,5291.26,18768.38
43031,L27,12460,A12,B23,C37,PCS,70,8.66,D,C06,3.547054,606.2,2150.22
43031,L27,12460,A12,B23,C37,PCS,646,8.66,D,C06,3.547054,5594.36,19843.5
43031,L27,12460,A12,B23,C37,PCS,431,8.66,D,C06,3.547054,3732.46,13239.24
43031,L27,12460,A12,B23,C37,PCS,821,8.66,D,C06,3.547054,7109.86,25219.06
43031,L27,12460,A12,B23,C37,PCS,700,8.66,D,C06,3.547054,6062,21502.24
43031,L27,12460,A12,B23,C37,PCS,646,8.66,D,C06,3.547054,5594.36,19843.5
43031,L27,12460,A12,B23,C37,PCS,62,8.66,D,C06,3.547054,536.92,1904.48
43031,L27,12460,A12,B23,C37,PCS,602,8.66,D,C06,3.547054,5213.32,18491.93
43031,L27,12460,A12,B23,C37,PCS,289,8.66,D,C06,3.547054,2502.74,8877.35
43027,L27,12541,A17,B30,C33,PCS,886,8.53,C,C03,7.133317,7557.58,53910.61
43027,L27,12541,A17,B30,C33,PCS,938,8.53,C,C03,7.133317,8001.14,57074.67
43027,L27,12541,A17,B30,C33,PCS,794,8.53,C,C03,7.133317,6772.82,48312.67
43027,L27,12541,A17,B30,C33,PCS,458,8.53,C,C03,7.133317,3906.74,27868.01
43027,L27,12541,A17,B30,C33,PCS,689,8.53,C,C03,7.133317,5877.17,41923.72
43027,L27,12541,A17,B30,C33,PCS,918,8.53,C,C03,7.133317,7830.54,55857.72
43027,L27,12541,A17,B30,C33,PCS,346,8.53,C,C03,7.133317,2951.38,21053.13
43027,L27,12541,A17,B30,C33,PCS,352,8.53,C,C03,7.133317,3002.56,21418.21
43027,L27,12541,A17,B30,C33,PCS,51,8.53,C,C03,7.133317,435.03,3103.21
43027,L27,12541,A17,B30,C33,PCS,432,8.53,C,C03,7.133317,3684.96,26285.99
43020,L27,12613,A10,B28,C36,PCS,537,9.63,C,C10,8.657656,5171.31,44771.42
43020,L27,12613,A10,B28,C36,PCS,849,9.63,C,C10,8.657656,8175.87,70783.87
43020,L27,12613,A10,B28,C36,PCS,771,9.63,C,C10,8.657656,7424.73,64280.76
43020,L27,12613,A10,B28,C36,PCS,532,9.63,C,C10,8.657656,5123.16,44354.56
43020,L27,12613,A10,B28,C36,PCS,464,9.63,C,C10,8.657656,4468.32,38685.18
43020,L27,12613,A10,B28,C36,PCS,33,9.63,C,C10,8.657656,317.79,2751.32
43020,L27,12613,A10,B28,C36,PCS,979,9.63,C,C10,8.657656,9427.77,81622.39
43020,L27,12613,A10,B28,C36,PCS,555,9.63,C,C10,8.657656,5344.65,46272.14
43020,L27,12613,A10,B28,C36,PCS,541,9.63,C,C10,8.657656,5209.83,45104.92
43020,L27,12613,A10,B28,C36,PCS,870,9.63,C,C10,8.657656,8378.1,72534.71
43028,L27,12615,A15,B30,C39,PCS,246,7.85,C,C03,7.133317,1931.1,13775.15
43028,L27,12615,A15,B30,C39,PCS,878,7.85,C,C03,7.133317,6892.3,49164.96
43028,L27,12615,A15,B30,C39,PCS,328,7.85,C,C03,7.133317,2574.8,18366.86
43028,L27,12615,A15,B30,C39,PCS,341,7.85,C,C03,7.133317,2676.85,19094.82
43028,L27,12615,A15,B30,C39,PCS,210,7.85,C,C03,7.133317,1648.5,11759.27
43028,L27,12615,A15,B30,C39,PCS,351,7.85,C,C03,7.133317,2755.35,19654.78
43028,L27,12615,A15,B30,C39,PCS,240,7.85,C,C03,7.133317,1884,13439.17
43028,L27,12615,A15,B30,C39,PCS,458,7.85,C,C03,7.133317,3595.3,25646.41
43028,L27,12615,A15,B30,C39,PCS,847,7.85,C,C03,7.133317,6648.95,47429.07
43028,L27,12615,A15,B30,C39,PCS,297,7.85,C,C03,7.133317,2331.45,16630.97
43031,L27,12825,A17,B22,C37,PCS,132,8.66,D,C06,3.547054,1143.12,4054.71
43031,L27,12825,A17,B22,C37,PCS,678,8.66,D,C06,3.547054,5871.48,20826.46
43031,L27,12825,A17,B22,C37,PCS,218,8.66,D,C06,3.547054,1887.88,6696.41
43031,L27,12825,A17,B22,C37,PCS,511,8.66,D,C06,3.547054,4425.26,15696.64
43031,L27,12825,A17,B22,C37,PCS,787,8.66,D,C06,3.547054,6815.42,24174.66
43031,L27,12825,A17,B22,C37,PCS,684,8.66,D,C06,3.547054,5923.44,21010.76
43031,L27,12825,A17,B22,C37,PCS,738,8.66,D,C06,3.547054,6391.08,22669.51
43031,L27,12825,A17,B22,C37,PCS,789,8.66,D,C06,3.547054,6832.74,24236.1
43031,L27,12825,A17,B22,C37,PCS,788,8.66,D,C06,3.547054,6824.08,24205.38
43031,L27,12825,A17,B22,C37,PCS,640,8.66,D,C06,3.547054,5542.4,19659.19
43029,L27,12835,A15,B24,C34,PCS,270,5.54,C,C06,3.547054,1495.8,5305.68
43029,L27,12835,A15,B24,C34,PCS,80,5.54,C,C06,3.547054,443.2,1572.05
43029,L27,12835,A15,B24,C34,PCS,586,5.54,C,C06,3.547054,3246.44,11515.3
43029,L27,12835,A15,B24,C34,PCS,867,5.54,C,C06,3.547054,4803.18,17037.14
43029,L27,12835,A15,B24,C34,PCS,212,5.54,C,C06,3.547054,1174.48,4165.94
43029,L27,12835,A15,B24,C34,PCS,623,5.54,C,C06,3.547054,3451.42,12242.37
43029,L27,12835,A15,B24,C34,PCS,794,5.54,C,C06,3.547054,4398.76,15602.64
43029,L27,12835,A15,B24,C34,PCS,825,5.54,C,C06,3.547054,4570.5,16211.81
43029,L27,12835,A15,B24,C34,PCS,647,5.54,C,C06,3.547054,3584.38,12713.99
43029,L27,12835,A15,B24,C34,PCS,767,5.54,C,C06,3.547054,4249.18,15072.07
43023,L27,12919,A12,B23,C38,PCS,602,8.17,C,C07,1.358577,4918.34,6681.94
43023,L27,12919,A12,B23,C38,PCS,910,8.17,C,C07,1.358577,7434.7,10100.61
43023,L27,12919,A12,B23,C38,PCS,666,8.17,C,C07,1.358577,5441.22,7392.32
43023,L27,12919,A12,B23,C38,PCS,424,8.17,C,C07,1.358577,3464.08,4706.22
43023,L27,12919,A12,B23,C38,PCS,93,8.17,C,C07,1.358577,759.81,1032.26
43023,L27,12919,A12,B23,C38,PCS,906,8.17,C,C07,1.358577,7402.02,10056.21
43023,L27,12919,A12,B23,C38,PCS,804,8.17,C,C07,1.358577,6568.68,8924.06
43023,L27,12919,A12,B23,C38,PCS,430,8.17,C,C07,1.358577,3513.1,4772.82
43023,L27,12919,A12,B23,C38,PCS,583,8.17,C,C07,1.358577,4763.11,6471.05
43023,L27,12919,A12,B23,C38,PCS,605,8.17,C,C07,1.358577,4942.85,6715.24
43028,L27,12972,A16,B24,C39,PCS,526,2.97,D,C05,3.40242,1562.22,5315.33
43028,L27,12972,A16,B24,C39,PCS,905,2.97,D,C05,3.40242,2687.85,9145.19
43028,L27,12972,A16,B24,C39,PCS,739,2.97,D,C05,3.40242,2194.83,7467.73
43028,L27,12972,A16,B24,C39,PCS,103,2.97,D,C05,3.40242,305.91,1040.83
43028,L27,12972,A16,B24,C39,PCS,650,2.97,D,C05,3.40242,1930.5,6568.37
43028,L27,12972,A16,B24,C39,PCS,636,2.97,D,C05,3.40242,1888.92,6426.9
43028,L27,12972,A16,B24,C39,PCS,911,2.97,D,C05,3.40242,2705.67,9205.83
43028,L27,12972,A16,B24,C39,PCS,190,2.97,D,C05,3.40242,564.3,1919.99
43028,L27,12972,A16,B24,C39,PCS,432,2.97,D,C05,3.40242,1283.04,4365.44
43028,L27,12972,A16,B24,C39,PCS,718,2.97,D,C05,3.40242,2132.46,7255.52
43020,L27,13095,A12,B27,C40,PCS,259,1.25,C,C08,1.496196,323.75,484.39
43020,L27,13095,A12,B27,C40,PCS,179,1.25,C,C08,1.496196,223.75,334.77
43020,L27,13095,A12,B27,C40,PCS,999,1.25,C,C08,1.496196,1248.75,1868.37
43020,L27,13095,A12,B27,C40,PCS,956,1.25,C,C08,1.496196,1195,1787.95
43020,L27,13095,A12,B27,C40,PCS,36,1.25,C,C08,1.496196,45,67.33
43020,L27,13095,A12,B27,C40,PCS,394,1.25,C,C08,1.496196,492.5,736.88
43020,L27,13095,A12,B27,C40,PCS,197,1.25,C,C08,1.496196,246.25,368.44
43020,L27,13095,A12,B27,C40,PCS,39,1.25,C,C08,1.496196,48.75,72.94
43020,L27,13095,A12,B27,C40,PCS,851,1.25,C,C08,1.496196,1063.75,1591.58
43020,L27,13095,A12,B27,C40,PCS,108,1.25,C,C08,1.496196,135,201.99
43039,L27,13157,A10,B28,C40,PCS,391,3.19,C,C06,3.547054,1247.29,4424.2
43039,L27,13157,A10,B28,C40,PCS,547,3.19,C,C06,3.547054,1744.93,6189.36
43039,L27,13157,A10,B28,C40,PCS,505,3.19,C,C06,3.547054,1610.95,5714.13
43039,L27,13157,A10,B28,C40,PCS,717,3.19,C,C06,3.547054,2287.23,8112.93
43039,L27,13157,A10,B28,C40,PCS,816,3.19,C,C06,3.547054,2603.04,9233.12
43039,L27,13157,A10,B28,C40,PCS,70,3.19,C,C06,3.547054,223.3,792.06
43039,L27,13157,A10,B28,C40,PCS,518,3.19,C,C06,3.547054,1652.42,5861.22
43039,L27,13157,A10,B28,C40,PCS,991,3.19,C,C06,3.547054,3161.29,11213.27
43039,L27,13157,A10,B28,C40,PCS,215,3.19,C,C06,3.547054,685.85,2432.75
43039,L27,13157,A10,B28,C40,PCS,820,3.19,C,C06,3.547054,2615.8,9278.38
43018,L27,13206,A14,B22,C31,PCS,12,6.44,C,C06,3.547054,77.28,274.12
43018,L27,13206,A14,B22,C31,PCS,368,6.44,C,C06,3.547054,2369.92,8406.23
43018,L27,13206,A14,B22,C31,PCS,702,6.44,C,C06,3.547054,4520.88,16035.81
43018,L27,13206,A14,B22,C31,PCS,158,6.44,C,C06,3.547054,1017.52,3609.2
43018,L27,13206,A14,B22,C31,PCS,468,6.44,C,C06,3.547054,3013.92,10690.54
43018,L27,13206,A14,B22,C31,PCS,210,6.44,C,C06,3.547054,1352.4,4797.04
43018,L27,13206,A14,B22,C31,PCS,717,6.44,C,C06,3.547054,4617.48,16378.45
43018,L27,13206,A14,B22,C31,PCS,871,6.44,C,C06,3.547054,5609.24,19896.28
43018,L27,13206,A14,B22,C31,PCS,122,6.44,C,C06,3.547054,785.68,2786.85
43018,L27,13206,A14,B22,C31,PCS,386,6.44,C,C06,3.547054,2485.84,8817.41
43022,L27,13272,A14,B30,C34,PCS,861,4.64,D,C02,9.912483,3995.04,39600.77
43022,L27,13272,A14,B30,C34,PCS,182,4.64,D,C02,9.912483,844.48,8370.89
43022,L27,13272,A14,B30,C34,PCS,679,4.64,D,C02,9.912483,3150.56,31229.87
43022,L27,13272,A14,B30,C34,PCS,843,4.64,D,C02,9.912483,3911.52,38772.88
43022,L27,13272,A14,B30,C34,PCS,494,4.64,D,C02,9.912483,2292.16,22721
43022,L27,13272,A14,B30,C34,PCS,903,4.64,D,C02,9.912483,4189.92,41532.51
43022,L27,13272,A14,B30,C34,PCS,995,4.64,D,C02,9.912483,4616.8,45763.95
43022,L27,13272,A14,B30,C34,PCS,842,4.64,D,C02,9.912483,3906.88,38726.88
43022,L27,13272,A14,B30,C34,PCS,658,4.64,D,C02,9.912483,3053.12,30264
43022,L27,13272,A14,B30,C34,PCS,145,4.64,D,C02,9.912483,672.8,6669.12
43036,L27,13298,A16,B30,C39,PCS,104,8.22,C,C07,1.358577,854.88,1161.42
43036,L27,13298,A16,B30,C39,PCS,783,8.22,C,C07,1.358577,6436.26,8744.15
43036,L27,13298,A16,B30,C39,PCS,616,8.22,C,C07,1.358577,5063.52,6879.18
43036,L27,13298,A16,B30,C39,PCS,517,8.22,C,C07,1.358577,4249.74,5773.6
43036,L27,13298,A16,B30,C39,PCS,727,8.22,C,C07,1.358577,5975.94,8118.77
43036,L27,13298,A16,B30,C39,PCS,176,8.22,C,C07,1.358577,1446.72,1965.48
43036,L27,13298,A16,B30,C39,PCS,231,8.22,C,C07,1.358577,1898.82,2579.69
43036,L27,13298,A16,B30,C39,PCS,935,8.22,C,C07,1.358577,7685.7,10441.62
43036,L27,13298,A16,B30,C39,PCS,881,8.22,C,C07,1.358577,7241.82,9838.57
43036,L27,13298,A16,B30,C39,PCS,6,8.22,C,C07,1.358577,49.32,67.01
43024,L27,13315,A11,B24,C33,PCS,447,5.27,C,C07,1.358577,2355.69,3200.39
43024,L27,13315,A11,B24,C33,PCS,58,5.27,C,C07,1.358577,305.66,415.26
43024,L27,13315,A11,B24,C33,PCS,289,5.27,C,C07,1.358577,1523.03,2069.15
43024,L27,13315,A11,B24,C33,PCS,71,5.27,C,C07,1.358577,374.17,508.34
43024,L27,13315,A11,B24,C33,PCS,63,5.27,C,C07,1.358577,332.01,451.06
43024,L27,13315,A11,B24,C33,PCS,237,5.27,C,C07,1.358577,1248.99,1696.85
43024,L27,13315,A11,B24,C33,PCS,267,5.27,C,C07,1.358577,1407.09,1911.64
43024,L27,13315,A11,B24,C33,PCS,477,5.27,C,C07,1.358577,2513.79,3415.18
43024,L27,13315,A11,B24,C33,PCS,227,5.27,C,C07,1.358577,1196.29,1625.25
43024,L27,13315,A11,B24,C33,PCS,129,5.27,C,C07,1.358577,679.83,923.6
43027,L27,13346,A19,B27,C30,PCS,350,8.53,C,C03,7.133317,2985.5,21296.52
43027,L27,13346,A19,B27,C30,PCS,495,8.53,C,C03,7.133317,4222.35,30119.36
43027,L27,13346,A19,B27,C30,PCS,906,8.53,C,C03,7.133317,7728.18,55127.56
43027,L27,13346,A19,B27,C30,PCS,38,8.53,C,C03,7.133317,324.14,2312.19
43027,L27,13346,A19,B27,C30,PCS,509,8.53,C,C03,7.133317,4341.77,30971.22
43027,L27,13346,A19,B27,C30,PCS,439,8.53,C,C03,7.133317,3744.67,26711.92
43027,L27,13346,A19,B27,C30,PCS,737,8.53,C,C03,7.133317,6286.61,44844.38
43027,L27,13346,A19,B27,C30,PCS,974,8.53,C,C03,7.133317,8308.22,59265.17
43027,L27,13346,A19,B27,C30,PCS,47,8.53,C,C03,7.133317,400.91,2859.82
43027,L27,13346,A19,B27,C30,PCS,45,8.53,C,C03,7.133317,383.85,2738.12
43025,L27,13351,A11,B30,C35,PCS,19,5.68,D,C02,9.912483,107.92,1069.76
43025,L27,13351,A11,B30,C35,PCS,618,5.68,D,C02,9.912483,3510.24,34795.19
43025,L27,13351,A11,B30,C35,PCS,998,5.68,D,C02,9.912483,5668.64,56190.3
43025,L27,13351,A11,B30,C35,PCS,213,5.68,D,C02,9.912483,1209.84,11992.52
43025,L27,13351,A11,B30,C35,PCS,486,5.68,D,C02,9.912483,2760.48,27363.21
43025,L27,13351,A11,B30,C35,PCS,475,5.68,D,C02,9.912483,2698,26743.88
43025,L27,13351,A11,B30,C35,PCS,249,5.68,D,C02,9.912483,1414.32,14019.42
43025,L27,13351,A11,B30,C35,PCS,568,5.68,D,C02,9.912483,3226.24,31980.05
43025,L27,13351,A11,B30,C35,PCS,317,5.68,D,C02,9.912483,1800.56,17848.02
43025,L27,13351,A11,B30,C35,PCS,811,5.68,D,C02,9.912483,4606.48,45661.65
43039,L27,13359,A15,B20,C34,PCS,581,3.19,C,C06,3.547054,1853.39,6574.07
43039,L27,13359,A15,B20,C34,PCS,613,3.19,C,C06,3.547054,1955.47,6936.16
43039,L27,13359,A15,B20,C34,PCS,333,3.19,C,C06,3.547054,1062.27,3767.93
43039,L27,13359,A15,B20,C34,PCS,396,3.19,C,C06,3.547054,1263.24,4480.78
43039,L27,13359,A15,B20,C34,PCS,459,3.19,C,C06,3.547054,1464.21,5193.63
43039,L27,13359,A15,B20,C34,PCS,895,3.19,C,C06,3.547054,2855.05,10127.02
43039,L27,13359,A15,B20,C34,PCS,561,3.19,C,C06,3.547054,1789.59,6347.77
43039,L27,13359,A15,B20,C34,PCS,218,3.19,C,C06,3.547054,695.42,2466.69
43039,L27,13359,A15,B20,C34,PCS,584,3.19,C,C06,3.547054,1862.96,6608.02
43039,L27,13359,A15,B20,C34,PCS,541,3.19,C,C06,3.547054,1725.79,6121.47
43037,L27,13478,A17,B21,C34,PCS,525,1.39,D,C03,7.133317,729.75,5205.54
43037,L27,13478,A17,B21,C34,PCS,496,1.39,D,C03,7.133317,689.44,4917.99
43037,L27,13478,A17,B21,C34,PCS,372,1.39,D,C03,7.133317,517.08,3688.5
43037,L27,13478,A17,B21,C34,PCS,410,1.39,D,C03,7.133317,569.9,4065.28
43037,L27,13478,A17,B21,C34,PCS,52,1.39,D,C03,7.133317,72.28,515.6
43037,L27,13478,A17,B21,C34,PCS,921,1.39,D,C03,7.133317,1280.19,9132
43037,L27,13478,A17,B21,C34,PCS,869,1.39,D,C03,7.133317,1207.91,8616.4
43037,L27,13478,A17,B21,C34,PCS,411,1.39,D,C03,7.133317,571.29,4075.19
43037,L27,13478,A17,B21,C34,PCS,63,1.39,D,C03,7.133317,87.57,624.66
43037,L27,13478,A17,B21,C34,PCS,510,1.39,D,C03,7.133317,708.9,5056.81
43022,L27,13500,A13,B22,C40,PCS,524,7.63,D,C06,3.547054,3998.12,14181.55
43022,L27,13500,A13,B22,C40,PCS,459,7.63,D,C06,3.547054,3502.17,12422.39
43022,L27,13500,A13,B22,C40,PCS,465,7.63,D,C06,3.547054,3547.95,12584.77
43022,L27,13500,A13,B22,C40,PCS,977,7.63,D,C06,3.547054,7454.51,26441.55
43022,L27,13500,A13,B22,C40,PCS,290,7.63,D,C06,3.547054,2212.7,7848.57
43022,L27,13500,A13,B22,C40,PCS,515,7.63,D,C06,3.547054,3929.45,13937.97
43022,L27,13500,A13,B22,C40,PCS,768,7.63,D,C06,3.547054,5859.84,20785.17
43022,L27,13500,A13,B22,C40,PCS,116,7.63,D,C06,3.547054,885.08,3139.43
43022,L27,13500,A13,B22,C40,PCS,235,7.63,D,C06,3.547054,1793.05,6360.05
43022,L27,13500,A13,B22,C40,PCS,23,7.63,D,C06,3.547054,175.49,622.47
43024,L27,13515,A11,B28,C34,PCS,923,5.27,C,C07,1.358577,4864.21,6608.4
43024,L27,13515,A11,B28,C34,PCS,111,5.27,C,C07,1.358577,584.97,794.73
43024,L27,13515,A11,B28,C34,PCS,709,5.27,C,C07,1.358577,3736.43,5076.23
43024,L27,13515,A11,B28,C34,PCS,196,5.27,C,C07,1.358577,1032.92,1403.3
43024,L27,13515,A11,B28,C34,PCS,569,5.27,C,C07,1.358577,2998.63,4073.87
43024,L27,13515,A11,B28,C34,PCS,250,5.27,C,C07,1.358577,1317.5,1789.93
43024,L27,13515,A11,B28,C34,PCS,491,5.27,C,C07,1.358577,2587.57,3515.41
43024,L27,13515,A11,B28,C34,PCS,172,5.27,C,C07,1.358577,906.44,1231.47
43024,L27,13515,A11,B28,C34,PCS,646,5.27,C,C07,1.358577,3404.42,4625.17
43024,L27,13515,A11,B28,C34,PCS,835,5.27,C,C07,1.358577,4400.45,5978.35
43015,L27,13565,A11,B20,C33,PCS,196,8.1,D,C08,1.496196,1587.6,2375.36
43015,L27,13565,A11,B20,C33,PCS,814,8.1,D,C08,1.496196,6593.4,9865.02
43015,L27,13565,A11,B20,C33,PCS,166,8.1,D,C08,1.496196,1344.6,2011.79
43015,L27,13565,A11,B20,C33,PCS,345,8.1,D,C08,1.496196,2794.5,4181.12
43015,L27,13565,A11,B20,C33,PCS,680,8.1,D,C08,1.496196,5508,8241.05
43015,L27,13565,A11,B20,C33,PCS,956,8.1,D,C08,1.496196,7743.6,11585.94
43015,L27,13565,A11,B20,C33,PCS,422,8.1,D,C08,1.496196,3418.2,5114.3
43015,L27,13565,A11,B20,C33,PCS,537,8.1,D,C08,1.496196,4349.7,6508
43015,L27,13565,A11,B20,C33,PCS,530,8.1,D,C08,1.496196,4293,6423.17
43015,L27,13565,A11,B20,C33,PCS,617,8.1,D,C08,1.496196,4997.7,7477.54
43031,L27,13590,A13,B24,C36,PCS,301,1.38,D,C06,3.547054,415.38,1473.38
43031,L27,13590,A13,B24,C36,PCS,260,1.38,D,C06,3.547054,358.8,1272.68
43031,L27,13590,A13,B24,C36,PCS,888,1.38,D,C06,3.547054,1225.44,4346.7
43031,L27,13590,A13,B24,C36,PCS,629,1.38,D,C06,3.547054,868.02,3078.91
43031,L27,13590,A13,B24,C36,PCS,79,1.38,D,C06,3.547054,109.02,386.7
43031,L27,13590,A13,B24,C36,PCS,761,1.38,D,C06,3.547054,1050.18,3725.05
43031,L27,13590,A13,B24,C36,PCS,92,1.38,D,C06,3.547054,126.96,450.33
43031,L27,13590,A13,B24,C36,PCS,225,1.38,D,C06,3.547054,310.5,1101.36
43031,L27,13590,A13,B24,C36,PCS,19,1.38,D,C06,3.547054,26.22,93
43031,L27,13590,A13,B24,C36,PCS,952,1.38,D,C06,3.547054,1313.76,4659.98
43031,L27,13608,A13,B30,C33,PCS,460,9.11,D,C10,8.657656,4190.6,36280.77
43031,L27,13608,A13,B30,C33,PCS,341,9.11,D,C10,8.657656,3106.51,26895.09
43031,L27,13608,A13,B30,C33,PCS,434,9.11,D,C10,8.657656,3953.74,34230.12
43031,L27,13608,A13,B30,C33,PCS,227,9.11,D,C10,8.657656,2067.97,17903.77
43031,L27,13608,A13,B30,C33,PCS,588,9.11,D,C10,8.657656,5356.68,46376.29
43031,L27,13608,A13,B30,C33,PCS,259,9.11,D,C10,8.657656,2359.49,20427.65
43031,L27,13608,A13,B30,C33,PCS,917,9.11,D,C10,8.657656,8353.87,72324.93
43031,L27,13608,A13,B30,C33,PCS,987,9.11,D,C10,8.657656,8991.57,77845.92
43031,L27,13608,A13,B30,C33,PCS,630,9.11,D,C10,8.657656,5739.3,49688.89
43031,L27,13608,A13,B30,C33,PCS,861,9.11,D,C10,8.657656,7843.71,67908.14
43030,L27,13627,A18,B24,C32,PCS,839,6.8,C,C02,9.912483,5705.2,56552.7
43030,L27,13627,A18,B24,C32,PCS,500,6.8,C,C02,9.912483,3400,33702.44
43030,L27,13627,A18,B24,C32,PCS,405,6.8,C,C02,9.912483,2754,27298.98
43030,L27,13627,A18,B24,C32,PCS,150,6.8,C,C02,9.912483,1020,10110.73
43030,L27,13627,A18,B24,C32,PCS,374,6.8,C,C02,9.912483,2543.2,25209.43
43030,L27,13627,A18,B24,C32,PCS,666,6.8,C,C02,9.912483,4528.8,44891.65
43030,L27,13627,A18,B24,C32,PCS,74,6.8,C,C02,9.912483,503.2,4987.96
43030,L27,13627,A18,B24,C32,PCS,291,6.8,C,C02,9.912483,1978.8,19614.82
43030,L27,13627,A18,B24,C32,PCS,539,6.8,C,C02,9.912483,3665.2,36331.23
43030,L27,13627,A18,B24,C32,PCS,441,6.8,C,C02,9.912483,2998.8,29725.55
43036,L27,13658,A10,B27,C38,PCS,105,8.22,D,C07,1.358577,863.1,1172.59
43036,L27,13658,A10,B27,C38,PCS,425,8.22,D,C07,1.358577,3493.5,4746.19
43036,L27,13658,A10,B27,C38,PCS,517,8.22,D,C07,1.358577,4249.74,5773.6
43036,L27,13658,A10,B27,C38,PCS,643,8.22,D,C07,1.358577,5285.46,7180.7
43036,L27,13658,A10,B27,C38,PCS,801,8.22,D,C07,1.358577,6584.22,8945.17
43036,L27,13658,A10,B27,C38,PCS,111,8.22,D,C07,1.358577,912.42,1239.59
43036,L27,13658,A10,B27,C38,PCS,482,8.22,D,C07,1.358577,3962.04,5382.74
43036,L27,13658,A10,B27,C38,PCS,966,8.22,D,C07,1.358577,7940.52,10787.81
43036,L27,13658,A10,B27,C38,PCS,802,8.22,D,C07,1.358577,6592.44,8956.34
43036,L27,13658,A10,B27,C38,PCS,673,8.22,D,C07,1.358577,5532.06,7515.73
43026,L27,13817,A12,B25,C34,PCS,677,8.03,D,C03,7.133317,5436.31,38778.92
43026,L27,13817,A12,B25,C34,PCS,716,8.03,D,C03,7.133317,5749.48,41012.86
43026,L27,13817,A12,B25,C34,PCS,307,8.03,D,C03,7.133317,2465.21,17585.12
43026,L27,13817,A12,B25,C34,PCS,912,8.03,D,C03,7.133317,7323.36,52239.85
43026,L27,13817,A12,B25,C34,PCS,64,8.03,D,C03,7.133317,513.92,3665.95
43026,L27,13817,A12,B25,C34,PCS,880,8.03,D,C03,7.133317,7066.4,50406.87
43026,L27,13817,A12,B25,C34,PCS,251,8.03,D,C03,7.133317,2015.53,14377.41
43026,L27,13817,A12,B25,C34,PCS,912,8.03,D,C03,7.133317,7323.36,52239.85
43026,L27,13817,A12,B25,C34,PCS,272,8.03,D,C03,7.133317,2184.16,15580.31
43026,L27,13817,A12,B25,C34,PCS,941,8.03,D,C03,7.133317,7556.23,53900.98
43021,L27,13822,A19,B23,C38,PCS,789,4.54,C,C01,6.825646,3582.06,24449.87
43021,L27,13822,A19,B23,C38,PCS,137,4.54,C,C01,6.825646,621.98,4245.42
43021,L27,13822,A19,B23,C38,PCS,554,4.54,C,C01,6.825646,2515.16,17167.59
43021,L27,13822,A19,B23,C38,PCS,828,4.54,C,C01,6.825646,3759.12,25658.42
43021,L27,13822,A19,B23,C38,PCS,464,4.54,C,C01,6.825646,2106.56,14378.63
43021,L27,13822,A19,B23,C38,PCS,263,4.54,C,C01,6.825646,1194.02,8149.96
43021,L27,13822,A19,B23,C38,PCS,228,4.54,C,C01,6.825646,1035.12,7065.36
43021,L27,13822,A19,B23,C38,PCS,43,4.54,C,C01,6.825646,195.22,1332.5
43021,L27,13822,A19,B23,C38,PCS,404,4.54,C,C01,6.825646,1834.16,12519.33
43021,L27,13822,A19,B23,C38,PCS,776,4.54,C,C01,6.825646,3523.04,24047.02
43019,L27,13854,A20,B26,C32,PCS,273,8.4,D,C05,3.40242,2293.2,7802.43
43019,L27,13854,A20,B26,C32,PCS,195,8.4,D,C05,3.40242,1638,5573.16
43019,L27,13854,A20,B26,C32,PCS,367,8.4,D,C05,3.40242,3082.8,10488.98
43019,L27,13854,A20,B26,C32,PCS,995,8.4,D,C05,3.40242,8358,28437.43
43019,L27,13854,A20,B26,C32,PCS,733,8.4,D,C05,3.40242,6157.2,20949.38
43019,L27,13854,A20,B26,C32,PCS,691,8.4,D,C05,3.40242,5804.4,19749.01
43019,L27,13854,A20,B26,C32,PCS,101,8.4,D,C05,3.40242,848.4,2886.61
43019,L27,13854,A20,B26,C32,PCS,436,8.4,D,C05,3.40242,3662.4,12461.02
43019,L27,13854,A20,B26,C32,PCS,774,8.4,D,C05,3.40242,6501.6,22121.17
43019,L27,13854,A20,B26,C32,PCS,982,8.4,D,C05,3.40242,8248.8,28065.88
43009,L27,13989,A15,B28,C40,PCS,506,9.65,D,C08,1.496196,4882.9,7305.78
43009,L27,13989,A15,B28,C40,PCS,149,9.65,D,C08,1.496196,1437.85,2151.31
43009,L27,13989,A15,B28,C40,PCS,816,9.65,D,C08,1.496196,7874.4,11781.65
43009,L27,13989,A15,B28,C40,PCS,240,9.65,D,C08,1.496196,2316,3465.19
43009,L27,13989,A15,B28,C40,PCS,852,9.65,D,C08,1.496196,8221.8,12301.42
43009,L27,13989,A15,B28,C40,PCS,866,9.65,D,C08,1.496196,8356.9,12503.56
43009,L27,13989,A15,B28,C40,PCS,934,9.65,D,C08,1.496196,9013.1,13485.36
43009,L27,13989,A15,B28,C40,PCS,127,9.65,D,C08,1.496196,1225.55,1833.66
43009,L27,13989,A15,B28,C40,PCS,644,9.65,D,C08,1.496196,6214.6,9298.26
43009,L27,13989,A15,B28,C40,PCS,667,9.65,D,C08,1.496196,6436.55,9630.34
43022,L27,14095,A14,B22,C30,PCS,523,2.15,C,C04,5.388146,1124.45,6058.7
43022,L27,14095,A14,B22,C30,PCS,299,2.15,C,C04,5.388146,642.85,3463.77
43022,L27,14095,A14,B22,C30,PCS,299,2.15,C,C04,5.388146,642.85,3463.77
43022,L27,14095,A14,B22,C30,PCS,274,2.15,C,C04,5.388146,589.1,3174.16
43022,L27,14095,A14,B22,C30,PCS,354,2.15,C,C04,5.388146,761.1,4100.92
43022,L27,14095,A14,B22,C30,PCS,801,2.15,C,C04,5.388146,1722.15,9279.2
43022,L27,14095,A14,B22,C30,PCS,60,2.15,C,C04,5.388146,129,695.07
43022,L27,14095,A14,B22,C30,PCS,359,2.15,C,C04,5.388146,771.85,4158.84
43022,L27,14095,A14,B22,C30,PCS,490,2.15,C,C04,5.388146,1053.5,5676.41
43022,L27,14095,A14,B22,C30,PCS,255,2.15,C,C04,5.388146,548.25,2954.05
43032,L27,14389,A11,B21,C39,PCS,473,3.86,C,C07,1.358577,1825.78,2480.46
43032,L27,14389,A11,B21,C39,PCS,954,3.86,C,C07,1.358577,3682.44,5002.88
43032,L27,14389,A11,B21,C39,PCS,142,3.86,C,C07,1.358577,548.12,744.66
43032,L27,14389,A11,B21,C39,PCS,319,3.86,C,C07,1.358577,1231.34,1672.87
43032,L27,14389,A11,B21,C39,PCS,906,3.86,C,C07,1.358577,3497.16,4751.16
43032,L27,14389,A11,B21,C39,PCS,743,3.86,C,C07,1.358577,2867.98,3896.37
43032,L27,14389,A11,B21,C39,PCS,873,3.86,C,C07,1.358577,3369.78,4578.11
43032,L27,14389,A11,B21,C39,PCS,517,3.86,C,C07,1.358577,1995.62,2711.2
43032,L27,14389,A11,B21,C39,PCS,615,3.86,C,C07,1.358577,2373.9,3225.13
43032,L27,14389,A11,B21,C39,PCS,653,3.86,C,C07,1.358577,2520.58,3424.4
43025,L27,14427,A13,B24,C39,PCS,397,5.68,D,C02,9.912483,2254.96,22352.25
43025,L27,14427,A13,B24,C39,PCS,217,5.68,D,C02,9.912483,1232.56,12217.73
43025,L27,14427,A13,B24,C39,PCS,64,5.68,D,C02,9.912483,363.52,3603.39
43025,L27,14427,A13,B24,C39,PCS,159,5.68,D,C02,9.912483,903.12,8952.16
43025,L27,14427,A13,B24,C39,PCS,461,5.68,D,C02,9.912483,2618.48,25955.64
43025,L27,14427,A13,B24,C39,PCS,643,5.68,D,C02,9.912483,3652.24,36202.77
43025,L27,14427,A13,B24,C39,PCS,653,5.68,D,C02,9.912483,3709.04,36765.8
43025,L27,14427,A13,B24,C39,PCS,513,5.68,D,C02,9.912483,2913.84,28883.39
43025,L27,14427,A13,B24,C39,PCS,264,5.68,D,C02,9.912483,1499.52,14863.97
43025,L27,14427,A13,B24,C39,PCS,227,5.68,D,C02,9.912483,1289.36,12780.76
43010,L27,14496,A18,B29,C32,PCS,134,4.57,C,C10,8.657656,612.38,5301.78
43010,L27,14496,A18,B29,C32,PCS,58,4.57,C,C10,8.657656,265.06,2294.8
43010,L27,14496,A18,B29,C32,PCS,552,4.57,C,C10,8.657656,2522.64,21840.15
43010,L27,14496,A18,B29,C32,PCS,803,4.57,C,C10,8.657656,3669.71,31771.09
43010,L27,14496,A18,B29,C32,PCS,625,4.57,C,C10,8.657656,2856.25,24728.43
43010,L27,14496,A18,B29,C32,PCS,834,4.57,C,C10,8.657656,3811.38,32997.62
43010,L27,14496,A18,B29,C32,PCS,905,4.57,C,C10,8.657656,4135.85,35806.77
43010,L27,14496,A18,B29,C32,PCS,771,4.57,C,C10,8.657656,3523.47,30504.99
43010,L27,14496,A18,B29,C32,PCS,335,4.57,C,C10,8.657656,1530.95,13254.44
43010,L27,14496,A18,B29,C32,PCS,778,4.57,C,C10,8.657656,3555.46,30781.95
43034,L27,14654,A20,B26,C36,PCS,796,6.72,D,C04,5.388146,5349.12,28821.84
43034,L27,14654,A20,B26,C36,PCS,853,6.72,D,C04,5.388146,5732.16,30885.71
43034,L27,14654,A20,B26,C36,PCS,720,6.72,D,C04,5.388146,4838.4,26070.01
43034,L27,14654,A20,B26,C36,PCS,978,6.72,D,C04,5.388146,6572.16,35411.76
43034,L27,14654,A20,B26,C36,PCS,868,6.72,D,C04,5.388146,5832.96,31428.84
43034,L27,14654,A20,B26,C36,PCS,934,6.72,D,C04,5.388146,6276.48,33818.59
43034,L27,14654,A20,B26,C36,PCS,273,6.72,D,C04,5.388146,1834.56,9884.88
43034,L27,14654,A20,B26,C36,PCS,808,6.72,D,C04,5.388146,5429.76,29256.34
43034,L27,14654,A20,B26,C36,PCS,292,6.72,D,C04,5.388146,1962.24,10572.84
43034,L27,14654,A20,B26,C36,PCS,102,6.72,D,C04,5.388146,685.44,3693.25
43038,L27,14655,A10,B21,C35,PCS,745,2,D,C09,1.199464,1490,1787.2
43038,L27,14655,A10,B21,C35,PCS,25,2,D,C09,1.199464,50,59.97
43038,L27,14655,A10,B21,C35,PCS,178,2,D,C09,1.199464,356,427.01
43038,L27,14655,A10,B21,C35,PCS,425,2,D,C09,1.199464,850,1019.54
43038,L27,14655,A10,B21,C35,PCS,188,2,D,C09,1.199464,376,451
43038,L27,14655,A10,B21,C35,PCS,888,2,D,C09,1.199464,1776,2130.25
43038,L27,14655,A10,B21,C35,PCS,957,2,D,C09,1.199464,1914,2295.77
43038,L27,14655,A10,B21,C35,PCS,499,2,D,C09,1.199464,998,1197.07
43038,L27,14655,A10,B21,C35,PCS,857,2,D,C09,1.199464,1714,2055.88
43038,L27,14655,A10,B21,C35,PCS,598,2,D,C09,1.199464,1196,1434.56
43024,L27,14689,A13,B20,C31,PCS,434,5.27,D,C07,1.358577,2287.18,3107.31
43024,L27,14689,A13,B20,C31,PCS,493,5.27,D,C07,1.358577,2598.11,3529.73
43024,L27,14689,A13,B20,C31,PCS,878,5.27,D,C07,1.358577,4627.06,6286.22
43024,L27,14689,A13,B20,C31,PCS,566,5.27,D,C07,1.358577,2982.82,4052.39
43024,L27,14689,A13,B20,C31,PCS,90,5.27,D,C07,1.358577,474.3,644.37
43024,L27,14689,A13,B20,C31,PCS,709,5.27,D,C07,1.358577,3736.43,5076.23
43024,L27,14689,A13,B20,C31,PCS,998,5.27,D,C07,1.358577,5259.46,7145.38
43024,L27,14689,A13,B20,C31,PCS,776,5.27,D,C07,1.358577,4089.52,5555.93
43024,L27,14689,A13,B20,C31,PCS,199,5.27,D,C07,1.358577,1048.73,1424.78
43024,L27,14689,A13,B20,C31,PCS,248,5.27,D,C07,1.358577,1306.96,1775.61
43028,L27,14745,A17,B23,C36,PCS,729,7.36,C,C03,7.133317,5365.44,38273.38
43024,L27,14745,A11,B24,C30,PCS,767,6.67,C,C01,6.825646,5115.89,34919.25
43028,L27,14745,A17,B23,C36,PCS,838,7.36,C,C03,7.133317,6167.68,43996.02
43024,L27,14745,A11,B24,C30,PCS,503,6.67,C,C01,6.825646,3355.01,22900.11
43028,L27,14745,A17,B23,C36,PCS,552,7.36,C,C03,7.133317,4062.72,28980.67
43024,L27,14745,A11,B24,C30,PCS,656,6.67,C,C01,6.825646,4375.52,29865.75
43028,L27,14745,A17,B23,C36,PCS,929,7.36,C,C03,7.133317,6837.44,48773.63
43024,L27,14745,A11,B24,C30,PCS,260,6.67,C,C01,6.825646,1734.2,11837.04
43028,L27,14745,A17,B23,C36,PCS,662,7.36,C,C03,7.133317,4872.32,34755.8
43024,L27,14745,A11,B24,C30,PCS,474,6.67,C,C01,6.825646,3161.58,21579.83
43028,L27,14745,A17,B23,C36,PCS,219,7.36,C,C03,7.133317,1611.84,11497.77
43024,L27,14745,A11,B24,C30,PCS,524,6.67,C,C01,6.825646,3495.08,23856.18
43028,L27,14745,A17,B23,C36,PCS,848,7.36,C,C03,7.133317,6241.28,44521.03
43024,L27,14745,A11,B24,C30,PCS,600,6.67,C,C01,6.825646,4002,27316.24
43028,L27,14745,A17,B23,C36,PCS,286,7.36,C,C03,7.133317,2104.96,15015.35
43024,L27,14745,A11,B24,C30,PCS,828,6.67,C,C01,6.825646,5522.76,37696.4
43028,L27,14745,A17,B23,C36,PCS,760,7.36,C,C03,7.133317,5593.6,39900.92
43024,L27,14745,A11,B24,C30,PCS,840,6.67,C,C01,6.825646,5602.8,38242.73
43028,L27,14745,A17,B23,C36,PCS,683,7.36,C,C03,7.133317,5026.88,35858.33
43024,L27,14745,A11,B24,C30,PCS,106,6.67,C,C01,6.825646,707.02,4825.87
43039,L27,14792,A18,B20,C37,PCS,185,3.19,C,C06,3.547054,590.15,2093.29
43039,L27,14792,A18,B20,C37,PCS,902,3.19,C,C06,3.547054,2877.38,10206.22
43039,L27,14792,A18,B20,C37,PCS,972,3.19,C,C06,3.547054,3100.68,10998.28
43039,L27,14792,A18,B20,C37,PCS,891,3.19,C,C06,3.547054,2842.29,10081.76
43039,L27,14792,A18,B20,C37,PCS,253,3.19,C,C06,3.547054,807.07,2862.72
43039,L27,14792,A18,B20,C37,PCS,300,3.19,C,C06,3.547054,957,3394.53
43039,L27,14792,A18,B20,C37,PCS,237,3.19,C,C06,3.547054,756.03,2681.68
43039,L27,14792,A18,B20,C37,PCS,707,3.19,C,C06,3.547054,2255.33,7999.78
43039,L27,14792,A18,B20,C37,PCS,225,3.19,C,C06,3.547054,717.75,2545.9
43039,L27,14792,A18,B20,C37,PCS,531,3.19,C,C06,3.547054,1693.89,6008.32
43021,L27,14821,A14,B26,C38,PCS,19,3.02,D,C02,9.912483,57.38,568.78
43021,L27,14821,A14,B26,C38,PCS,986,3.02,D,C02,9.912483,2977.72,29516.6
43021,L27,14821,A14,B26,C38,PCS,460,3.02,D,C02,9.912483,1389.2,13770.42
43021,L27,14821,A14,B26,C38,PCS,882,3.02,D,C02,9.912483,2663.64,26403.29
43021,L27,14821,A14,B26,C38,PCS,347,3.02,D,C02,9.912483,1047.94,10387.69
43021,L27,14821,A14,B26,C38,PCS,4,3.02,D,C02,9.912483,12.08,119.74
43021,L27,14821,A14,B26,C38,PCS,146,3.02,D,C02,9.912483,440.92,4370.61
43021,L27,14821,A14,B26,C38,PCS,376,3.02,D,C02,9.912483,1135.52,11255.82
43021,L27,14821,A14,B26,C38,PCS,893,3.02,D,C02,9.912483,2696.86,26732.58
43021,L27,14821,A14,B26,C38,PCS,774,3.02,D,C02,9.912483,2337.48,23170.23
43025,L27,14984,A19,B25,C30,PCS,728,9.97,C,C09,1.199464,7258.16,8705.9
43025,L27,14984,A19,B25,C30,PCS,46,9.97,C,C09,1.199464,458.62,550.1
43025,L27,14984,A19,B25,C30,PCS,497,9.97,C,C09,1.199464,4955.09,5943.45
43025,L27,14984,A19,B25,C30,PCS,392,9.97,C,C09,1.199464,3908.24,4687.79
43025,L27,14984,A19,B25,C30,PCS,370,9.97,C,C09,1.199464,3688.9,4424.7
43025,L27,14984,A19,B25,C30,PCS,983,9.97,C,C09,1.199464,9800.51,11755.36
43025,L27,14984,A19,B25,C30,PCS,122,9.97,C,C09,1.199464,1216.34,1458.96
43025,L27,14984,A19,B25,C30,PCS,359,9.97,C,C09,1.199464,3579.23,4293.16
43025,L27,14984,A19,B25,C30,PCS,465,9.97,C,C09,1.199464,4636.05,5560.78
43025,L27,14984,A19,B25,C30,PCS,976,9.97,C,C09,1.199464,9730.72,11671.65
43022,L27,15039,A14,B24,C30,PCS,403,6.91,D,C06,3.547054,2784.73,9877.59
43022,L27,15039,A14,B24,C30,PCS,163,6.91,D,C06,3.547054,1126.33,3995.15
43022,L27,15039,A14,B24,C30,PCS,53,6.91,D,C06,3.547054,366.23,1299.04
43022,L27,15039,A14,B24,C30,PCS,795,6.91,D,C06,3.547054,5493.45,19485.56
43022,L27,15039,A14,B24,C30,PCS,92,6.91,D,C06,3.547054,635.72,2254.93
43022,L27,15039,A14,B24,C30,PCS,44,6.91,D,C06,3.547054,304.04,1078.45
43022,L27,15039,A14,B24,C30,PCS,526,6.91,D,C06,3.547054,3634.66,12892.34
43022,L27,15039,A14,B24,C30,PCS,231,6.91,D,C06,3.547054,1596.21,5661.84
43022,L27,15039,A14,B24,C30,PCS,813,6.91,D,C06,3.547054,5617.83,19926.75
43022,L27,15039,A14,B24,C30,PCS,879,6.91,D,C06,3.547054,6073.89,21544.42
43027,L27,15201,A16,B22,C31,PCS,924,2.55,D,C05,3.40242,2356.2,8016.78
43027,L27,15201,A16,B22,C31,PCS,494,2.55,D,C05,3.40242,1259.7,4286.03
43027,L27,15201,A16,B22,C31,PCS,512,2.55,D,C05,3.40242,1305.6,4442.2
43027,L27,15201,A16,B22,C31,PCS,631,2.55,D,C05,3.40242,1609.05,5474.66
43027,L27,15201,A16,B22,C31,PCS,126,2.55,D,C05,3.40242,321.3,1093.2
43027,L27,15201,A16,B22,C31,PCS,135,2.55,D,C05,3.40242,344.25,1171.28
43027,L27,15201,A16,B22,C31,PCS,679,2.55,D,C05,3.40242,1731.45,5891.12
43027,L27,15201,A16,B22,C31,PCS,200,2.55,D,C05,3.40242,510,1735.23
43027,L27,15201,A16,B22,C31,PCS,798,2.55,D,C05,3.40242,2034.9,6923.58
43027,L27,15201,A16,B22,C31,PCS,945,2.55,D,C05,3.40242,2409.75,8198.98
43020,L27,15231,A11,B30,C40,PCS,747,4.97,D,C06,3.547054,3712.59,13168.76
43020,L27,15231,A11,B30,C40,PCS,344,4.97,D,C06,3.547054,1709.68,6064.33
43020,L27,15231,A11,B30,C40,PCS,152,4.97,D,C06,3.547054,755.44,2679.59
43020,L27,15231,A11,B30,C40,PCS,15,4.97,D,C06,3.547054,74.55,264.43
43020,L27,15231,A11,B30,C40,PCS,864,4.97,D,C06,3.547054,4294.08,15231.33
43020,L27,15231,A11,B30,C40,PCS,431,4.97,D,C06,3.547054,2142.07,7598.04
43020,L27,15231,A11,B30,C40,PCS,704,4.97,D,C06,3.547054,3498.88,12410.72
43020,L27,15231,A11,B30,C40,PCS,463,4.97,D,C06,3.547054,2301.11,8162.16
43020,L27,15231,A11,B30,C40,PCS,437,4.97,D,C06,3.547054,2171.89,7703.81
43020,L27,15231,A11,B30,C40,PCS,455,4.97,D,C06,3.547054,2261.35,8021.13
43012,L27,15237,A16,B27,C31,PCS,39,2.95,D,C03,7.133317,115.05,820.69
43012,L27,15237,A16,B27,C31,PCS,426,2.95,D,C03,7.133317,1256.7,8964.44
43012,L27,15237,A16,B27,C31,PCS,251,2.95,D,C03,7.133317,740.45,5281.86
43012,L27,15237,A16,B27,C31,PCS,642,2.95,D,C03,7.133317,1893.9,13509.79
43012,L27,15237,A16,B27,C31,PCS,601,2.95,D,C03,7.133317,1772.95,12647.01
43012,L27,15237,A16,B27,C31,PCS,665,2.95,D,C03,7.133317,1961.75,13993.78
43012,L27,15237,A16,B27,C31,PCS,676,2.95,D,C03,7.133317,1994.2,14225.26
43012,L27,15237,A16,B27,C31,PCS,935,2.95,D,C03,7.133317,2758.25,19675.47
43012,L27,15237,A16,B27,C31,PCS,35,2.95,D,C03,7.133317,103.25,736.51
43012,L27,15237,A16,B27,C31,PCS,947,2.95,D,C03,7.133317,2793.65,19927.99
43029,L27,15319,A12,B25,C36,PCS,684,5.54,C,C06,3.547054,3789.36,13441.06
43029,L27,15319,A12,B25,C36,PCS,868,5.54,C,C06,3.547054,4808.72,17056.79
43029,L27,15319,A12,B25,C36,PCS,452,5.54,C,C06,3.547054,2504.08,8882.11
43029,L27,15319,A12,B25,C36,PCS,623,5.54,C,C06,3.547054,3451.42,12242.37
43029,L27,15319,A12,B25,C36,PCS,460,5.54,C,C06,3.547054,2548.4,9039.31
43029,L27,15319,A12,B25,C36,PCS,490,5.54,C,C06,3.547054,2714.6,9628.83
43029,L27,15319,A12,B25,C36,PCS,731,5.54,C,C06,3.547054,4049.74,14364.65
43029,L27,15319,A12,B25,C36,PCS,693,5.54,C,C06,3.547054,3839.22,13617.92
43029,L27,15319,A12,B25,C36,PCS,706,5.54,C,C06,3.547054,3911.24,13873.38
43029,L27,15319,A12,B25,C36,PCS,332,5.54,C,C06,3.547054,1839.28,6524.03
43028,L27,15356,A20,B30,C30,PCS,185,5.76,C,C04,5.388146,1065.6,5741.61
43028,L27,15356,A20,B30,C30,PCS,716,5.76,C,C04,5.388146,4124.16,22221.58
43028,L27,15356,A20,B30,C30,PCS,760,5.76,C,C04,5.388146,4377.6,23587.15
43028,L27,15356,A20,B30,C30,PCS,738,5.76,C,C04,5.388146,4250.88,22904.36
43028,L27,15356,A20,B30,C30,PCS,375,5.76,C,C04,5.388146,2160,11638.4
43028,L27,15356,A20,B30,C30,PCS,231,5.76,C,C04,5.388146,1330.56,7169.25
43028,L27,15356,A20,B30,C30,PCS,341,5.76,C,C04,5.388146,1964.16,10583.18
43028,L27,15356,A20,B30,C30,PCS,886,5.76,C,C04,5.388146,5103.36,27497.65
43028,L27,15356,A20,B30,C30,PCS,616,5.76,C,C04,5.388146,3548.16,19118
43028,L27,15356,A20,B30,C30,PCS,211,5.76,C,C04,5.388146,1215.36,6548.54
43033,L27,15404,A20,B26,C36,PCS,850,4.72,D,C01,6.825646,4012,27384.49
43033,L27,15404,A20,B26,C36,PCS,171,4.72,D,C01,6.825646,807.12,5509.12
43033,L27,15404,A20,B26,C36,PCS,68,4.72,D,C01,6.825646,320.96,2190.76
43033,L27,15404,A20,B26,C36,PCS,78,4.72,D,C01,6.825646,368.16,2512.93
43033,L27,15404,A20,B26,C36,PCS,338,4.72,D,C01,6.825646,1595.36,10889.36
43033,L27,15404,A20,B26,C36,PCS,168,4.72,D,C01,6.825646,792.96,5412.46
43033,L27,15404,A20,B26,C36,PCS,84,4.72,D,C01,6.825646,396.48,2706.23
43033,L27,15404,A20,B26,C36,PCS,941,4.72,D,C01,6.825646,4441.52,30316.24
43033,L27,15404,A20,B26,C36,PCS,373,4.72,D,C01,6.825646,1760.56,12016.96
43033,L27,15404,A20,B26,C36,PCS,678,4.72,D,C01,6.825646,3200.16,21843.16
43009,L27,15440,A11,B20,C33,PCS,653,4.68,D,C08,1.496196,3056.04,4572.43
43009,L27,15440,A11,B20,C33,PCS,41,4.68,D,C08,1.496196,191.88,287.09
43009,L27,15440,A11,B20,C33,PCS,841,4.68,D,C08,1.496196,3935.88,5888.85
43009,L27,15440,A11,B20,C33,PCS,336,4.68,D,C08,1.496196,1572.48,2352.74
43009,L27,15440,A11,B20,C33,PCS,471,4.68,D,C08,1.496196,2204.28,3298.03
43009,L27,15440,A11,B20,C33,PCS,946,4.68,D,C08,1.496196,4427.28,6624.08
43009,L27,15440,A11,B20,C33,PCS,625,4.68,D,C08,1.496196,2925,4376.37
43009,L27,15440,A11,B20,C33,PCS,282,4.68,D,C08,1.496196,1319.76,1974.62
43009,L27,15440,A11,B20,C33,PCS,731,4.68,D,C08,1.496196,3421.08,5118.61
43009,L27,15440,A11,B20,C33,PCS,605,4.68,D,C08,1.496196,2831.4,4236.33
43031,L27,15666,A13,B28,C31,PCS,724,5.01,C,C01,6.825646,3627.24,24758.26
43031,L27,15666,A13,B28,C31,PCS,270,5.01,C,C01,6.825646,1352.7,9233.05
43031,L27,15666,A13,B28,C31,PCS,757,5.01,C,C01,6.825646,3792.57,25886.74
43031,L27,15666,A13,B28,C31,PCS,68,5.01,C,C01,6.825646,340.68,2325.36
43031,L27,15666,A13,B28,C31,PCS,69,5.01,C,C01,6.825646,345.69,2359.56
43031,L27,15666,A13,B28,C31,PCS,638,5.01,C,C01,6.825646,3196.38,21817.36
43031,L27,15666,A13,B28,C31,PCS,980,5.01,C,C01,6.825646,4909.8,33512.56
43031,L27,15666,A13,B28,C31,PCS,525,5.01,C,C01,6.825646,2630.25,17953.16
43031,L27,15666,A13,B28,C31,PCS,283,5.01,C,C01,6.825646,1417.83,9677.61
43031,L27,15666,A13,B28,C31,PCS,234,5.01,C,C01,6.825646,1172.34,8001.98
43019,L27,15723,A13,B24,C33,PCS,113,3.49,C,C03,7.133317,394.37,2813.17
43019,L27,15723,A13,B24,C33,PCS,137,3.49,C,C03,7.133317,478.13,3410.65
43019,L27,15723,A13,B24,C33,PCS,494,3.49,C,C03,7.133317,1724.06,12298.27
43019,L27,15723,A13,B24,C33,PCS,609,3.49,C,C03,7.133317,2125.41,15161.22
43019,L27,15723,A13,B24,C33,PCS,913,3.49,C,C03,7.133317,3186.37,22729.39
43019,L27,15723,A13,B24,C33,PCS,287,3.49,C,C03,7.133317,1001.63,7144.94
43019,L27,15723,A13,B24,C33,PCS,935,3.49,C,C03,7.133317,3263.15,23277.08
43019,L27,15723,A13,B24,C33,PCS,557,3.49,C,C03,7.133317,1943.93,13866.67
43019,L27,15723,A13,B24,C33,PCS,143,3.49,C,C03,7.133317,499.07,3560.02
43019,L27,15723,A13,B24,C33,PCS,411,3.49,C,C03,7.133317,1434.39,10231.96
43024,L27,15896,A15,B21,C37,PCS,710,7.58,D,C04,5.388146,5381.8,28997.92
43037,L27,15896,A18,B21,C35,PCS,642,7.64,D,C07,1.358577,4904.88,6663.66
43024,L27,15896,A15,B21,C37,PCS,364,7.58,D,C04,5.388146,2759.12,14866.54
43037,L27,15896,A18,B21,C35,PCS,706,7.64,D,C07,1.358577,5393.84,7327.95
43024,L27,15896,A15,B21,C37,PCS,170,7.58,D,C04,5.388146,1288.6,6943.16
43037,L27,15896,A18,B21,C35,PCS,470,7.64,D,C07,1.358577,3590.8,4878.38
43024,L27,15896,A15,B21,C37,PCS,633,7.58,D,C04,5.388146,4798.14,25853.08
43037,L27,15896,A18,B21,C35,PCS,999,7.64,D,C07,1.358577,7632.36,10369.15
43024,L27,15896,A15,B21,C37,PCS,209,7.58,D,C04,5.388146,1584.22,8536.01
43037,L27,15896,A18,B21,C35,PCS,593,7.64,D,C07,1.358577,4530.52,6155.06
43024,L27,15896,A15,B21,C37,PCS,10,7.58,D,C04,5.388146,75.8,408.42
43037,L27,15896,A18,B21,C35,PCS,848,7.64,D,C07,1.358577,6478.72,8801.84
43024,L27,15896,A15,B21,C37,PCS,738,7.58,D,C04,5.388146,5594.04,30141.5
43037,L27,15896,A18,B21,C35,PCS,315,7.64,D,C07,1.358577,2406.6,3269.55
43024,L27,15896,A15,B21,C37,PCS,11,7.58,D,C04,5.388146,83.38,449.26
43037,L27,15896,A18,B21,C35,PCS,997,7.64,D,C07,1.358577,7617.08,10348.39
43024,L27,15896,A15,B21,C37,PCS,466,7.58,D,C04,5.388146,3532.28,19032.44
43037,L27,15896,A18,B21,C35,PCS,962,7.64,D,C07,1.358577,7349.68,9985.11
43024,L27,15896,A15,B21,C37,PCS,781,7.58,D,C04,5.388146,5919.98,31897.72
43037,L27,15896,A18,B21,C35,PCS,733,7.64,D,C07,1.358577,5600.12,7608.19
43026,L27,15943,A14,B30,C38,PCS,724,4,D,C09,1.199464,2896,3473.65
43026,L27,15943,A14,B30,C38,PCS,566,4,D,C09,1.199464,2264,2715.59
43026,L27,15943,A14,B30,C38,PCS,71,4,D,C09,1.199464,284,340.65
43026,L27,15943,A14,B30,C38,PCS,550,4,D,C09,1.199464,2200,2638.82
43026,L27,15943,A14,B30,C38,PCS,405,4,D,C09,1.199464,1620,1943.13
43026,L27,15943,A14,B30,C38,PCS,859,4,D,C09,1.199464,3436,4121.36
43026,L27,15943,A14,B30,C38,PCS,310,4,D,C09,1.199464,1240,1487.34
43026,L27,15943,A14,B30,C38,PCS,277,4,D,C09,1.199464,1108,1329.01
43026,L27,15943,A14,B30,C38,PCS,468,4,D,C09,1.199464,1872,2245.4
43026,L27,15943,A14,B30,C38,PCS,327,4,D,C09,1.199464,1308,1568.9
43011,L27,15945,A19,B28,C40,PCS,692,8.73,D,C01,6.825646,6041.16,41234.82
43011,L27,15945,A19,B28,C40,PCS,668,8.73,D,C01,6.825646,5831.64,39804.71
43011,L27,15945,A19,B28,C40,PCS,759,8.73,D,C01,6.825646,6626.07,45227.21
43011,L27,15945,A19,B28,C40,PCS,466,8.73,D,C01,6.825646,4068.18,27767.96
43011,L27,15945,A19,B28,C40,PCS,145,8.73,D,C01,6.825646,1265.85,8640.24
43011,L27,15945,A19,B28,C40,PCS,414,8.73,D,C01,6.825646,3614.22,24669.39
43011,L27,15945,A19,B28,C40,PCS,979,8.73,D,C01,6.825646,8546.67,58336.54
43011,L27,15945,A19,B28,C40,PCS,638,8.73,D,C01,6.825646,5569.74,38017.07
43011,L27,15945,A19,B28,C40,PCS,84,8.73,D,C01,6.825646,733.32,5005.38
43011,L27,15945,A19,B28,C40,PCS,517,8.73,D,C01,6.825646,4513.41,30806.94
43015,L27,16080,A12,B30,C39,PCS,434,8.1,C,C08,1.496196,3515.4,5259.73
43015,L27,16080,A12,B30,C39,PCS,984,8.1,C,C08,1.496196,7970.4,11925.28
43015,L27,16080,A12,B30,C39,PCS,670,8.1,C,C08,1.496196,5427,8119.86
43015,L27,16080,A12,B30,C39,PCS,230,8.1,C,C08,1.496196,1863,2787.41
43015,L27,16080,A12,B30,C39,PCS,551,8.1,C,C08,1.496196,4463.1,6677.67
43015,L27,16080,A12,B30,C39,PCS,610,8.1,C,C08,1.496196,4941,7392.7
43015,L27,16080,A12,B30,C39,PCS,655,8.1,C,C08,1.496196,5305.5,7938.07
43015,L27,16080,A12,B30,C39,PCS,758,8.1,C,C08,1.496196,6139.8,9186.34
43015,L27,16080,A12,B30,C39,PCS,439,8.1,C,C08,1.496196,3555.9,5320.32
43015,L27,16080,A12,B30,C39,PCS,654,8.1,C,C08,1.496196,5297.4,7925.95
43022,L27,16217,A13,B20,C31,PCS,6,6.91,D,C06,3.547054,41.46,147.06
43022,L27,16217,A13,B20,C31,PCS,506,6.91,D,C06,3.547054,3496.46,12402.13
43022,L27,16217,A13,B20,C31,PCS,732,6.91,D,C06,3.547054,5058.12,17941.42
43022,L27,16217,A13,B20,C31,PCS,872,6.91,D,C06,3.547054,6025.52,21372.84
43022,L27,16217,A13,B20,C31,PCS,646,6.91,D,C06,3.547054,4463.86,15833.55
43022,L27,16217,A13,B20,C31,PCS,182,6.91,D,C06,3.547054,1257.62,4460.85
43022,L27,16217,A13,B20,C31,PCS,924,6.91,D,C06,3.547054,6384.84,22647.37
43022,L27,16217,A13,B20,C31,PCS,88,6.91,D,C06,3.547054,608.08,2156.89
43022,L27,16217,A13,B20,C31,PCS,35,6.91,D,C06,3.547054,241.85,857.86
43022,L27,16217,A13,B20,C31,PCS,153,6.91,D,C06,3.547054,1057.23,3750.05
43025,L27,16290,A20,B29,C38,PCS,320,9.97,D,C09,1.199464,3190.4,3826.77
43025,L27,16290,A20,B29,C38,PCS,419,9.97,D,C09,1.199464,4177.43,5010.68
43025,L27,16290,A20,B29,C38,PCS,530,9.97,D,C09,1.199464,5284.1,6338.09
43025,L27,16290,A20,B29,C38,PCS,517,9.97,D,C09,1.199464,5154.49,6182.63
43025,L27,16290,A20,B29,C38,PCS,103,9.97,D,C09,1.199464,1026.91,1231.74
43025,L27,16290,A20,B29,C38,PCS,418,9.97,D,C09,1.199464,4167.46,4998.72
43025,L27,16290,A20,B29,C38,PCS,708,9.97,D,C09,1.199464,7058.76,8466.73
43025,L27,16290,A20,B29,C38,PCS,160,9.97,D,C09,1.199464,1595.2,1913.38
43025,L27,16290,A20,B29,C38,PCS,462,9.97,D,C09,1.199464,4606.14,5524.9
43025,L27,16290,A20,B29,C38,PCS,708,9.97,D,C09,1.199464,7058.76,8466.73
43033,L27,16325,A11,B21,C36,PCS,241,4.72,C,C01,6.825646,1137.52,7764.31
43033,L27,16325,A11,B21,C36,PCS,838,4.72,C,C01,6.825646,3955.36,26997.89
43033,L27,16325,A11,B21,C36,PCS,471,4.72,C,C01,6.825646,2223.12,15174.23
43033,L27,16325,A11,B21,C36,PCS,475,4.72,C,C01,6.825646,2242,15303.1
43033,L27,16325,A11,B21,C36,PCS,1,4.72,C,C01,6.825646,4.72,32.22
43033,L27,16325,A11,B21,C36,PCS,445,4.72,C,C01,6.825646,2100.4,14336.59
43033,L27,16325,A11,B21,C36,PCS,433,4.72,C,C01,6.825646,2043.76,13949.98
43033,L27,16325,A11,B21,C36,PCS,59,4.72,C,C01,6.825646,278.48,1900.81
43033,L27,16325,A11,B21,C36,PCS,800,4.72,C,C01,6.825646,3776,25773.64
43033,L27,16325,A11,B21,C36,PCS,197,4.72,C,C01,6.825646,929.84,6346.76
43024,L27,16347,A11,B22,C31,PCS,940,5.27,C,C07,1.358577,4953.8,6730.12
43024,L27,16347,A11,B22,C31,PCS,798,5.27,C,C07,1.358577,4205.46,5713.44
43024,L27,16347,A11,B22,C31,PCS,80,5.27,C,C07,1.358577,421.6,572.78
43024,L27,16347,A11,B22,C31,PCS,356,5.27,C,C07,1.358577,1876.12,2548.85
43024,L27,16347,A11,B22,C31,PCS,996,5.27,C,C07,1.358577,5248.92,7131.06
43024,L27,16347,A11,B22,C31,PCS,274,5.27,C,C07,1.358577,1443.98,1961.76
43024,L27,16347,A11,B22,C31,PCS,904,5.27,C,C07,1.358577,4764.08,6472.37
43024,L27,16347,A11,B22,C31,PCS,462,5.27,C,C07,1.358577,2434.74,3307.78
43024,L27,16347,A11,B22,C31,PCS,14,5.27,C,C07,1.358577,73.78,100.24
43024,L27,16347,A11,B22,C31,PCS,512,5.27,C,C07,1.358577,2698.24,3665.77
43029,L27,16666,A19,B27,C37,PCS,299,9.38,D,C10,8.657656,2804.62,24281.44
43029,L27,16666,A19,B27,C37,PCS,977,9.38,D,C10,8.657656,9164.26,79341.01
43029,L27,16666,A19,B27,C37,PCS,251,9.38,D,C10,8.657656,2354.38,20383.41
43029,L27,16666,A19,B27,C37,PCS,916,9.38,D,C10,8.657656,8592.08,74387.27
43029,L27,16666,A19,B27,C37,PCS,834,9.38,D,C10,8.657656,7822.92,67728.15
43029,L27,16666,A19,B27,C37,PCS,152,9.38,D,C10,8.657656,1425.76,12343.74
43029,L27,16666,A19,B27,C37,PCS,888,9.38,D,C10,8.657656,8329.44,72113.43
43029,L27,16666,A19,B27,C37,PCS,54,9.38,D,C10,8.657656,506.52,4385.28
43029,L27,16666,A19,B27,C37,PCS,96,9.38,D,C10,8.657656,900.48,7796.05
43029,L27,16666,A19,B27,C37,PCS,70,9.38,D,C10,8.657656,656.6,5684.62
43022,L27,16705,A15,B21,C40,PCS,897,2.15,D,C04,5.388146,1928.55,10391.31
43022,L27,16705,A15,B21,C40,PCS,111,2.15,D,C04,5.388146,238.65,1285.88
43022,L27,16705,A15,B21,C40,PCS,953,2.15,D,C04,5.388146,2048.95,11040.04
43022,L27,16705,A15,B21,C40,PCS,739,2.15,D,C04,5.388146,1588.85,8560.96
43022,L27,16705,A15,B21,C40,PCS,352,2.15,D,C04,5.388146,756.8,4077.75
43022,L27,16705,A15,B21,C40,PCS,130,2.15,D,C04,5.388146,279.5,1505.99
43022,L27,16705,A15,B21,C40,PCS,290,2.15,D,C04,5.388146,623.5,3359.51
43022,L27,16705,A15,B21,C40,PCS,539,2.15,D,C04,5.388146,1158.85,6244.05
43022,L27,16705,A15,B21,C40,PCS,690,2.15,D,C04,5.388146,1483.5,7993.31
43022,L27,16705,A15,B21,C40,PCS,729,2.15,D,C04,5.388146,1567.35,8445.11
43014,L27,16841,A10,B24,C37,PCS,425,8.18,C,C03,7.133317,3476.5,24798.98
43014,L27,16841,A10,B24,C37,PCS,81,8.18,C,C03,7.133317,662.58,4726.39
43014,L27,16841,A10,B24,C37,PCS,673,8.18,C,C03,7.133317,5505.14,39269.91
43014,L27,16841,A10,B24,C37,PCS,105,8.18,C,C03,7.133317,858.9,6126.81
43014,L27,16841,A10,B24,C37,PCS,584,8.18,C,C03,7.133317,4777.12,34076.71
43014,L27,16841,A10,B24,C37,PCS,981,8.18,C,C03,7.133317,8024.58,57241.87
43014,L27,16841,A10,B24,C37,PCS,65,8.18,C,C03,7.133317,531.7,3792.78
43014,L27,16841,A10,B24,C37,PCS,624,8.18,C,C03,7.133317,5104.32,36410.73
43014,L27,16841,A10,B24,C37,PCS,532,8.18,C,C03,7.133317,4351.76,31042.48
43014,L27,16841,A10,B24,C37,PCS,141,8.18,C,C03,7.133317,1153.38,8227.43
43027,L27,16862,A10,B30,C33,PCS,60,8.53,C,C03,7.133317,511.8,3650.83
43027,L27,16862,A10,B30,C33,PCS,413,8.53,C,C03,7.133317,3522.89,25129.89
43027,L27,16862,A10,B30,C33,PCS,640,8.53,C,C03,7.133317,5459.2,38942.2
43027,L27,16862,A10,B30,C33,PCS,266,8.53,C,C03,7.133317,2268.98,16185.35
43027,L27,16862,A10,B30,C33,PCS,26,8.53,C,C03,7.133317,221.78,1582.03
43027,L27,16862,A10,B30,C33,PCS,704,8.53,C,C03,7.133317,6005.12,42836.42
43027,L27,16862,A10,B30,C33,PCS,269,8.53,C,C03,7.133317,2294.57,16367.9
43027,L27,16862,A10,B30,C33,PCS,521,8.53,C,C03,7.133317,4444.13,31701.39
43027,L27,16862,A10,B30,C33,PCS,740,8.53,C,C03,7.133317,6312.2,45026.92
43027,L27,16862,A10,B30,C33,PCS,182,8.53,C,C03,7.133317,1552.46,11074.19
43022,L27,16874,A16,B22,C30,PCS,877,7.63,D,C06,3.547054,6691.51,23735.15
43022,L27,16874,A16,B22,C30,PCS,108,7.63,D,C06,3.547054,824.04,2922.91
43022,L27,16874,A16,B22,C30,PCS,937,7.63,D,C06,3.547054,7149.31,25358.99
43022,L27,16874,A16,B22,C30,PCS,195,7.63,D,C06,3.547054,1487.85,5277.48
43022,L27,16874,A16,B22,C30,PCS,909,7.63,D,C06,3.547054,6935.67,24601.2
43022,L27,16874,A16,B22,C30,PCS,974,7.63,D,C06,3.547054,7431.62,26360.36
43022,L27,16874,A16,B22,C30,PCS,682,7.63,D,C06,3.547054,5203.66,18457.66
43022,L27,16874,A16,B22,C30,PCS,64,7.63,D,C06,3.547054,488.32,1732.1
43022,L27,16874,A16,B22,C30,PCS,611,7.63,D,C06,3.547054,4661.93,16536.12
43022,L27,16874,A16,B22,C30,PCS,937,7.63,D,C06,3.547054,7149.31,25358.99
43026,L27,17211,A16,B29,C39,PCS,895,8.03,C,C03,7.133317,7186.85,51266.08
43026,L27,17211,A16,B29,C39,PCS,630,8.03,C,C03,7.133317,5058.9,36086.74
43026,L27,17211,A16,B29,C39,PCS,26,8.03,C,C03,7.133317,208.78,1489.29
43026,L27,17211,A16,B29,C39,PCS,256,8.03,C,C03,7.133317,2055.68,14663.82
43026,L27,17211,A16,B29,C39,PCS,227,8.03,C,C03,7.133317,1822.81,13002.68
43026,L27,17211,A16,B29,C39,PCS,166,8.03,C,C03,7.133317,1332.98,9508.57
43026,L27,17211,A16,B29,C39,PCS,527,8.03,C,C03,7.133317,4231.81,30186.84
43026,L27,17211,A16,B29,C39,PCS,712,8.03,C,C03,7.133317,5717.36,40783.74
43026,L27,17211,A16,B29,C39,PCS,824,8.03,C,C03,7.133317,6616.72,47199.16
43026,L27,17211,A16,B29,C39,PCS,803,8.03,C,C03,7.133317,6448.09,45996.27
43018,L27,17236,A17,B29,C30,PCS,290,6.44,C,C06,3.547054,1867.6,6624.48
43018,L27,17236,A17,B29,C30,PCS,67,6.44,C,C06,3.547054,431.48,1530.48
43018,L27,17236,A17,B29,C30,PCS,896,6.44,C,C06,3.547054,5770.24,20467.35
43018,L27,17236,A17,B29,C30,PCS,386,6.44,C,C06,3.547054,2485.84,8817.41
43018,L27,17236,A17,B29,C30,PCS,248,6.44,C,C06,3.547054,1597.12,5665.07
43018,L27,17236,A17,B29,C30,PCS,645,6.44,C,C06,3.547054,4153.8,14733.75
43018,L27,17236,A17,B29,C30,PCS,417,6.44,C,C06,3.547054,2685.48,9525.54
43018,L27,17236,A17,B29,C30,PCS,768,6.44,C,C06,3.547054,4945.92,17543.45
43018,L27,17236,A17,B29,C30,PCS,539,6.44,C,C06,3.547054,3471.16,12312.39
43018,L27,17236,A17,B29,C30,PCS,925,6.44,C,C06,3.547054,5957,21129.8
43024,L27,17441,A12,B21,C30,PCS,966,4.29,C,C10,8.657656,4144.14,35878.54
43024,L27,17441,A12,B21,C30,PCS,47,4.29,C,C10,8.657656,201.63,1745.64
43024,L27,17441,A12,B21,C30,PCS,398,4.29,C,C10,8.657656,1707.42,14782.26
43024,L27,17441,A12,B21,C30,PCS,481,4.29,C,C10,8.657656,2063.49,17864.99
43024,L27,17441,A12,B21,C30,PCS,584,4.29,C,C10,8.657656,2505.36,21690.55
43024,L27,17441,A12,B21,C30,PCS,284,4.29,C,C10,8.657656,1218.36,10548.14
43024,L27,17441,A12,B21,C30,PCS,624,4.29,C,C10,8.657656,2676.96,23176.2
43024,L27,17441,A12,B21,C30,PCS,569,4.29,C,C10,8.657656,2441.01,21133.42
43024,L27,17441,A12,B21,C30,PCS,78,4.29,C,C10,8.657656,334.62,2897.02
43024,L27,17441,A12,B21,C30,PCS,786,4.29,C,C10,8.657656,3371.94,29193.1
43013,L27,17556,A20,B26,C33,PCS,9,4.69,D,C06,3.547054,42.21,149.72
43013,L27,17556,A20,B26,C33,PCS,576,4.69,D,C06,3.547054,2701.44,9582.15
43013,L27,17556,A20,B26,C33,PCS,17,4.69,D,C06,3.547054,79.73,282.81
43013,L27,17556,A20,B26,C33,PCS,649,4.69,D,C06,3.547054,3043.81,10796.56
43013,L27,17556,A20,B26,C33,PCS,98,4.69,D,C06,3.547054,459.62,1630.3
43013,L27,17556,A20,B26,C33,PCS,131,4.69,D,C06,3.547054,614.39,2179.27
43013,L27,17556,A20,B26,C33,PCS,541,4.69,D,C06,3.547054,2537.29,8999.9
43013,L27,17556,A20,B26,C33,PCS,29,4.69,D,C06,3.547054,136.01,482.43
43013,L27,17556,A20,B26,C33,PCS,467,4.69,D,C06,3.547054,2190.23,7768.86
43013,L27,17556,A20,B26,C33,PCS,353,4.69,D,C06,3.547054,1655.57,5872.4
43020,L27,17648,A15,B25,C37,PCS,275,4.97,C,C06,3.547054,1366.75,4847.94
43020,L27,17648,A15,B25,C37,PCS,400,4.97,C,C06,3.547054,1988,7051.54
43020,L27,17648,A15,B25,C37,PCS,440,4.97,C,C06,3.547054,2186.8,7756.7
43020,L27,17648,A15,B25,C37,PCS,409,4.97,C,C06,3.547054,2032.73,7210.2
43020,L27,17648,A15,B25,C37,PCS,655,4.97,C,C06,3.547054,3255.35,11546.9
43020,L27,17648,A15,B25,C37,PCS,162,4.97,C,C06,3.547054,805.14,2855.88
43020,L27,17648,A15,B25,C37,PCS,51,4.97,C,C06,3.547054,253.47,899.07
43020,L27,17648,A15,B25,C37,PCS,498,4.97,C,C06,3.547054,2475.06,8779.17
43020,L27,17648,A15,B25,C37,PCS,919,4.97,C,C06,3.547054,4567.43,16200.92
43020,L27,17648,A15,B25,C37,PCS,492,4.97,C,C06,3.547054,2445.24,8673.4
43029,L27,17691,A18,B23,C36,PCS,366,5.54,C,C06,3.547054,2027.64,7192.15
43029,L27,17691,A18,B23,C36,PCS,592,5.54,C,C06,3.547054,3279.68,11633.2
43029,L27,17691,A18,B23,C36,PCS,67,5.54,C,C06,3.547054,371.18,1316.6
43029,L27,17691,A18,B23,C36,PCS,562,5.54,C,C06,3.547054,3113.48,11043.68
43029,L27,17691,A18,B23,C36,PCS,102,5.54,C,C06,3.547054,565.08,2004.37
43029,L27,17691,A18,B23,C36,PCS,181,5.54,C,C06,3.547054,1002.74,3556.77
43029,L27,17691,A18,B23,C36,PCS,179,5.54,C,C06,3.547054,991.66,3517.47
43029,L27,17691,A18,B23,C36,PCS,93,5.54,C,C06,3.547054,515.22,1827.51
43029,L27,17691,A18,B23,C36,PCS,101,5.54,C,C06,3.547054,559.54,1984.72
43029,L27,17691,A18,B23,C36,PCS,918,5.54,C,C06,3.547054,5085.72,18039.32
43012,L27,17722,A11,B26,C31,PCS,345,5.89,C,C02,9.912483,2032.05,20142.66
43012,L27,17722,A11,B26,C31,PCS,226,5.89,C,C02,9.912483,1331.14,13194.9
43012,L27,17722,A11,B26,C31,PCS,407,5.89,C,C02,9.912483,2397.23,23762.5
43012,L27,17722,A11,B26,C31,PCS,910,5.89,C,C02,9.912483,5359.9,53129.92
43012,L27,17722,A11,B26,C31,PCS,872,5.89,C,C02,9.912483,5136.08,50911.31
43012,L27,17722,A11,B26,C31,PCS,444,5.89,C,C02,9.912483,2615.16,25922.73
43012,L27,17722,A11,B26,C31,PCS,289,5.89,C,C02,9.912483,1702.21,16873.13
43012,L27,17722,A11,B26,C31,PCS,965,5.89,C,C02,9.912483,5683.85,56341.07
43012,L27,17722,A11,B26,C31,PCS,899,5.89,C,C02,9.912483,5295.11,52487.69
43012,L27,17722,A11,B26,C31,PCS,884,5.89,C,C02,9.912483,5206.76,51611.92
43037,L27,17914,A15,B21,C34,PCS,670,1.39,C,C03,7.133317,931.3,6643.26
43037,L27,17914,A15,B21,C34,PCS,483,1.39,C,C03,7.133317,671.37,4789.1
43037,L27,17914,A15,B21,C34,PCS,581,1.39,C,C03,7.133317,807.59,5760.8
43037,L27,17914,A15,B21,C34,PCS,270,1.39,C,C03,7.133317,375.3,2677.13
43037,L27,17914,A15,B21,C34,PCS,133,1.39,C,C03,7.133317,184.87,1318.74
43037,L27,17914,A15,B21,C34,PCS,663,1.39,C,C03,7.133317,921.57,6573.85
43037,L27,17914,A15,B21,C34,PCS,226,1.39,C,C03,7.133317,314.14,2240.86
43037,L27,17914,A15,B21,C34,PCS,829,1.39,C,C03,7.133317,1152.31,8219.79
43037,L27,17914,A15,B21,C34,PCS,292,1.39,C,C03,7.133317,405.88,2895.27
43037,L27,17914,A15,B21,C34,PCS,901,1.39,C,C03,7.133317,1252.39,8933.69
43032,L27,18103,A15,B28,C40,PCS,400,9.35,D,C09,1.199464,3740,4486
43032,L27,18103,A15,B28,C40,PCS,559,9.35,D,C09,1.199464,5226.65,6269.18
43032,L27,18103,A15,B28,C40,PCS,596,9.35,D,C09,1.199464,5572.6,6684.13
43032,L27,18103,A15,B28,C40,PCS,825,9.35,D,C09,1.199464,7713.75,9252.37
43032,L27,18103,A15,B28,C40,PCS,302,9.35,D,C09,1.199464,2823.7,3386.93
43032,L27,18103,A15,B28,C40,PCS,781,9.35,D,C09,1.199464,7302.35,8758.91
43032,L27,18103,A15,B28,C40,PCS,231,9.35,D,C09,1.199464,2159.85,2590.66
43032,L27,18103,A15,B28,C40,PCS,303,9.35,D,C09,1.199464,2833.05,3398.14
43032,L27,18103,A15,B28,C40,PCS,845,9.35,D,C09,1.199464,7900.75,9476.67
43032,L27,18103,A15,B28,C40,PCS,156,9.35,D,C09,1.199464,1458.6,1749.54
43018,L27,18132,A14,B20,C35,PCS,820,6.44,D,C06,3.547054,5280.8,18731.28
43018,L27,18132,A14,B20,C35,PCS,296,6.44,D,C06,3.547054,1906.24,6761.54
43018,L27,18132,A14,B20,C35,PCS,76,6.44,D,C06,3.547054,489.44,1736.07
43018,L27,18132,A14,B20,C35,PCS,289,6.44,D,C06,3.547054,1861.16,6601.64
43018,L27,18132,A14,B20,C35,PCS,546,6.44,D,C06,3.547054,3516.24,12472.29
43018,L27,18132,A14,B20,C35,PCS,597,6.44,D,C06,3.547054,3844.68,13637.29
43018,L27,18132,A14,B20,C35,PCS,847,6.44,D,C06,3.547054,5454.68,19348.04
43018,L27,18132,A14,B20,C35,PCS,421,6.44,D,C06,3.547054,2711.24,9616.91
43018,L27,18132,A14,B20,C35,PCS,714,6.44,D,C06,3.547054,4598.16,16309.92
43018,L27,18132,A14,B20,C35,PCS,878,6.44,D,C06,3.547054,5654.32,20056.18
43014,L27,18134,A12,B30,C39,PCS,425,8.18,D,C03,7.133317,3476.5,24798.98
43014,L27,18134,A12,B30,C39,PCS,401,8.18,D,C03,7.133317,3280.18,23398.56
43014,L27,18134,A12,B30,C39,PCS,642,8.18,D,C03,7.133317,5251.56,37461.04
43014,L27,18134,A12,B30,C39,PCS,54,8.18,D,C03,7.133317,441.72,3150.93
43014,L27,18134,A12,B30,C39,PCS,145,8.18,D,C03,7.133317,1186.1,8460.83
43014,L27,18134,A12,B30,C39,PCS,389,8.18,D,C03,7.133317,3182.02,22698.36
43014,L27,18134,A12,B30,C39,PCS,501,8.18,D,C03,7.133317,4098.18,29233.62
43014,L27,18134,A12,B30,C39,PCS,553,8.18,D,C03,7.133317,4523.54,32267.84
43014,L27,18134,A12,B30,C39,PCS,706,8.18,D,C03,7.133317,5775.08,41195.48
43014,L27,18134,A12,B30,C39,PCS,33,8.18,D,C03,7.133317,269.94,1925.57
43033,L27,18196,A12,B30,C39,PCS,967,6.75,D,C08,1.496196,6527.25,9766.05
43033,L27,18196,A12,B30,C39,PCS,423,6.75,D,C08,1.496196,2855.25,4272.01
43033,L27,18196,A12,B30,C39,PCS,369,6.75,D,C08,1.496196,2490.75,3726.65
43033,L27,18196,A12,B30,C39,PCS,981,6.75,D,C08,1.496196,6621.75,9907.44
43033,L27,18196,A12,B30,C39,PCS,316,6.75,D,C08,1.496196,2133,3191.39
43033,L27,18196,A12,B30,C39,PCS,246,6.75,D,C08,1.496196,1660.5,2484.43
43033,L27,18196,A12,B30,C39,PCS,991,6.75,D,C08,1.496196,6689.25,10008.43
43033,L27,18196,A12,B30,C39,PCS,502,6.75,D,C08,1.496196,3388.5,5069.86
43033,L27,18196,A12,B30,C39,PCS,588,6.75,D,C08,1.496196,3969,5938.4
43033,L27,18196,A12,B30,C39,PCS,681,6.75,D,C08,1.496196,4596.75,6877.64
43019,L27,18309,A13,B28,C37,PCS,879,3.1,D,C07,1.358577,2724.9,3701.99
43019,L27,18309,A13,B28,C37,PCS,687,3.1,D,C07,1.358577,2129.7,2893.36
43019,L27,18309,A13,B28,C37,PCS,780,3.1,D,C07,1.358577,2418,3285.04
43019,L27,18309,A13,B28,C37,PCS,145,3.1,D,C07,1.358577,449.5,610.68
43019,L27,18309,A13,B28,C37,PCS,698,3.1,D,C07,1.358577,2163.8,2939.69
43019,L27,18309,A13,B28,C37,PCS,913,3.1,D,C07,1.358577,2830.3,3845.18
43019,L27,18309,A13,B28,C37,PCS,437,3.1,D,C07,1.358577,1354.7,1840.46
43019,L27,18309,A13,B28,C37,PCS,467,3.1,D,C07,1.358577,1447.7,1966.81
43019,L27,18309,A13,B28,C37,PCS,18,3.1,D,C07,1.358577,55.8,75.81
43019,L27,18309,A13,B28,C37,PCS,868,3.1,D,C07,1.358577,2690.8,3655.66
43029,L27,18326,A10,B30,C39,PCS,801,5.54,C,C06,3.547054,4437.54,15740.19
43029,L27,18326,A10,B30,C39,PCS,752,5.54,C,C06,3.547054,4166.08,14777.31
43029,L27,18326,A10,B30,C39,PCS,60,5.54,C,C06,3.547054,332.4,1179.04
43029,L27,18326,A10,B30,C39,PCS,208,5.54,C,C06,3.547054,1152.32,4087.34
43029,L27,18326,A10,B30,C39,PCS,932,5.54,C,C06,3.547054,5163.28,18314.43
43029,L27,18326,A10,B30,C39,PCS,909,5.54,C,C06,3.547054,5035.86,17862.47
43029,L27,18326,A10,B30,C39,PCS,150,5.54,C,C06,3.547054,831,2947.6
43029,L27,18326,A10,B30,C39,PCS,800,5.54,C,C06,3.547054,4432,15720.54
43029,L27,18326,A10,B30,C39,PCS,446,5.54,C,C06,3.547054,2470.84,8764.2
43029,L27,18326,A10,B30,C39,PCS,179,5.54,C,C06,3.547054,991.66,3517.47
43024,L27,18407,A14,B20,C32,PCS,561,7.62,D,C05,3.40242,4274.82,14544.73
43024,L27,18407,A14,B20,C32,PCS,16,7.62,D,C05,3.40242,121.92,414.82
43024,L27,18407,A14,B20,C32,PCS,210,7.62,D,C05,3.40242,1600.2,5444.55
43024,L27,18407,A14,B20,C32,PCS,205,7.62,D,C05,3.40242,1562.1,5314.92
43024,L27,18407,A14,B20,C32,PCS,583,7.62,D,C05,3.40242,4442.46,15115.11
43024,L27,18407,A14,B20,C32,PCS,740,7.62,D,C05,3.40242,5638.8,19185.57
43024,L27,18407,A14,B20,C32,PCS,426,7.62,D,C05,3.40242,3246.12,11044.66
43024,L27,18407,A14,B20,C32,PCS,357,7.62,D,C05,3.40242,2720.34,9255.74
43024,L27,18407,A14,B20,C32,PCS,297,7.62,D,C05,3.40242,2263.14,7700.15
43024,L27,18407,A14,B20,C32,PCS,117,7.62,D,C05,3.40242,891.54,3033.39
43022,L27,18453,A20,B23,C39,PCS,300,6.91,C,C06,3.547054,2073,7353.04
43022,L27,18453,A20,B23,C39,PCS,974,6.91,C,C06,3.547054,6730.34,23872.88
43022,L27,18453,A20,B23,C39,PCS,15,6.91,C,C06,3.547054,103.65,367.65
43022,L27,18453,A20,B23,C39,PCS,167,6.91,C,C06,3.547054,1153.97,4093.19
43022,L27,18453,A20,B23,C39,PCS,154,6.91,C,C06,3.547054,1064.14,3774.56
43022,L27,18453,A20,B23,C39,PCS,475,6.91,C,C06,3.547054,3282.25,11642.32
43022,L27,18453,A20,B23,C39,PCS,397,6.91,C,C06,3.547054,2743.27,9730.53
43022,L27,18453,A20,B23,C39,PCS,722,6.91,C,C06,3.547054,4989.02,17696.32
43022,L27,18453,A20,B23,C39,PCS,762,6.91,C,C06,3.547054,5265.42,18676.73
43022,L27,18453,A20,B23,C39,PCS,568,6.91,C,C06,3.547054,3924.88,13921.76
43028,L27,18517,A10,B27,C32,PCS,544,7.79,D,C06,3.547054,4237.76,15031.56
43028,L27,18517,A10,B27,C32,PCS,678,7.79,D,C06,3.547054,5281.62,18734.19
43028,L27,18517,A10,B27,C32,PCS,759,7.79,D,C06,3.547054,5912.61,20972.35
43028,L27,18517,A10,B27,C32,PCS,465,7.79,D,C06,3.547054,3622.35,12848.67
43028,L27,18517,A10,B27,C32,PCS,19,7.79,D,C06,3.547054,148.01,525
43028,L27,18517,A10,B27,C32,PCS,397,7.79,D,C06,3.547054,3092.63,10969.73
43028,L27,18517,A10,B27,C32,PCS,159,7.79,D,C06,3.547054,1238.61,4393.42
43028,L27,18517,A10,B27,C32,PCS,220,7.79,D,C06,3.547054,1713.8,6078.94
43028,L27,18517,A10,B27,C32,PCS,986,7.79,D,C06,3.547054,7680.94,27244.71
43028,L27,18517,A10,B27,C32,PCS,168,7.79,D,C06,3.547054,1308.72,4642.1
43027,L27,18721,A16,B27,C38,PCS,830,8.53,D,C03,7.133317,7079.9,50503.17
43027,L27,18721,A16,B27,C38,PCS,94,8.53,D,C03,7.133317,801.82,5719.64
43027,L27,18721,A16,B27,C38,PCS,920,8.53,D,C03,7.133317,7847.6,55979.42
43027,L27,18721,A16,B27,C38,PCS,683,8.53,D,C03,7.133317,5825.99,41558.63
43027,L27,18721,A16,B27,C38,PCS,252,8.53,D,C03,7.133317,2149.56,15333.49
43027,L27,18721,A16,B27,C38,PCS,284,8.53,D,C03,7.133317,2422.52,17280.6
43027,L27,18721,A16,B27,C38,PCS,234,8.53,D,C03,7.133317,1996.02,14238.24
43027,L27,18721,A16,B27,C38,PCS,617,8.53,D,C03,7.133317,5263.01,37542.72
43027,L27,18721,A16,B27,C38,PCS,588,8.53,D,C03,7.133317,5015.64,35778.15
43027,L27,18721,A16,B27,C38,PCS,256,8.53,D,C03,7.133317,2183.68,15576.88
43019,L27,18899,A20,B22,C33,PCS,354,3.49,D,C03,7.133317,1235.46,8812.93
43019,L27,18899,A20,B22,C33,PCS,93,3.49,D,C03,7.133317,324.57,2315.26
43019,L27,18899,A20,B22,C33,PCS,254,3.49,D,C03,7.133317,886.46,6323.4
43019,L27,18899,A20,B22,C33,PCS,605,3.49,D,C03,7.133317,2111.45,15061.64
43019,L27,18899,A20,B22,C33,PCS,997,3.49,D,C03,7.133317,3479.53,24820.59
43019,L27,18899,A20,B22,C33,PCS,959,3.49,D,C03,7.133317,3346.91,23874.57
43019,L27,18899,A20,B22,C33,PCS,270,3.49,D,C03,7.133317,942.3,6721.72
43019,L27,18899,A20,B22,C33,PCS,910,3.49,D,C03,7.133317,3175.9,22654.7
43019,L27,18899,A20,B22,C33,PCS,846,3.49,D,C03,7.133317,2952.54,21061.4
43019,L27,18899,A20,B22,C33,PCS,133,3.49,D,C03,7.133317,464.17,3311.07
43018,L27,18913,A20,B27,C37,PCS,415,6.44,D,C06,3.547054,2672.6,9479.86
43018,L27,18913,A20,B27,C37,PCS,827,6.44,D,C06,3.547054,5325.88,18891.18
43018,L27,18913,A20,B27,C37,PCS,357,6.44,D,C06,3.547054,2299.08,8154.96
43018,L27,18913,A20,B27,C37,PCS,281,6.44,D,C06,3.547054,1809.64,6418.89
43018,L27,18913,A20,B27,C37,PCS,794,6.44,D,C06,3.547054,5113.36,18137.36
43018,L27,18913,A20,B27,C37,PCS,869,6.44,D,C06,3.547054,5596.36,19850.59
43018,L27,18913,A20,B27,C37,PCS,740,6.44,D,C06,3.547054,4765.6,16903.84
43018,L27,18913,A20,B27,C37,PCS,648,6.44,D,C06,3.547054,4173.12,14802.28
43018,L27,18913,A20,B27,C37,PCS,702,6.44,D,C06,3.547054,4520.88,16035.81
43018,L27,18913,A20,B27,C37,PCS,946,6.44,D,C06,3.547054,6092.24,21609.5
43027,L27,19028,A14,B24,C30,PCS,123,8.53,C,C03,7.133317,1049.19,7484.2
43027,L27,19028,A14,B24,C30,PCS,557,8.53,C,C03,7.133317,4751.21,33891.89
43027,L27,19028,A14,B24,C30,PCS,128,8.53,C,C03,7.133317,1091.84,7788.44
43027,L27,19028,A14,B24,C30,PCS,683,8.53,C,C03,7.133317,5825.99,41558.63
43027,L27,19028,A14,B24,C30,PCS,975,8.53,C,C03,7.133317,8316.75,59326.01
43027,L27,19028,A14,B24,C30,PCS,26,8.53,C,C03,7.133317,221.78,1582.03
43027,L27,19028,A14,B24,C30,PCS,864,8.53,C,C03,7.133317,7369.92,52571.98
43027,L27,19028,A14,B24,C30,PCS,481,8.53,C,C03,7.133317,4102.93,29267.5
43027,L27,19028,A14,B24,C30,PCS,741,8.53,C,C03,7.133317,6320.73,45087.77
43027,L27,19028,A14,B24,C30,PCS,780,8.53,C,C03,7.133317,6653.4,47460.81
43026,L27,19046,A16,B28,C32,PCS,247,3.13,C,C09,1.199464,773.11,927.32
43026,L27,19046,A16,B28,C32,PCS,534,3.13,C,C09,1.199464,1671.42,2004.81
43026,L27,19046,A16,B28,C32,PCS,397,3.13,C,C09,1.199464,1242.61,1490.47
43026,L27,19046,A16,B28,C32,PCS,49,3.13,C,C09,1.199464,153.37,183.96
43026,L27,19046,A16,B28,C32,PCS,681,3.13,C,C09,1.199464,2131.53,2556.69
43026,L27,19046,A16,B28,C32,PCS,293,3.13,C,C09,1.199464,917.09,1100.02
43026,L27,19046,A16,B28,C32,PCS,756,3.13,C,C09,1.199464,2366.28,2838.27
43026,L27,19046,A16,B28,C32,PCS,18,3.13,C,C09,1.199464,56.34,67.58
43026,L27,19046,A16,B28,C32,PCS,278,3.13,C,C09,1.199464,870.14,1043.7
43026,L27,19046,A16,B28,C32,PCS,584,3.13,C,C09,1.199464,1827.92,2192.52
43020,L27,19137,A17,B28,C39,PCS,176,4.97,C,C06,3.547054,874.72,3102.68
43020,L27,19137,A17,B28,C39,PCS,260,4.97,C,C06,3.547054,1292.2,4583.5
43020,L27,19137,A17,B28,C39,PCS,241,4.97,C,C06,3.547054,1197.77,4248.55
43020,L27,19137,A17,B28,C39,PCS,158,4.97,C,C06,3.547054,785.26,2785.36
43020,L27,19137,A17,B28,C39,PCS,897,4.97,C,C06,3.547054,4458.09,15813.09
43020,L27,19137,A17,B28,C39,PCS,218,4.97,C,C06,3.547054,1083.46,3843.09
43020,L27,19137,A17,B28,C39,PCS,560,4.97,C,C06,3.547054,2783.2,9872.16
43020,L27,19137,A17,B28,C39,PCS,605,4.97,C,C06,3.547054,3006.85,10665.46
43020,L27,19137,A17,B28,C39,PCS,369,4.97,C,C06,3.547054,1833.93,6505.05
43020,L27,19137,A17,B28,C39,PCS,511,4.97,C,C06,3.547054,2539.67,9008.35
43017,L27,19168,A20,B26,C40,PCS,466,2.31,C,C05,3.40242,1076.46,3662.57
43017,L27,19168,A20,B26,C40,PCS,658,2.31,C,C05,3.40242,1519.98,5171.61
43017,L27,19168,A20,B26,C40,PCS,134,2.31,C,C05,3.40242,309.54,1053.19
43017,L27,19168,A20,B26,C40,PCS,768,2.31,C,C05,3.40242,1774.08,6036.17
43017,L27,19168,A20,B26,C40,PCS,903,2.31,C,C05,3.40242,2085.93,7097.21
43017,L27,19168,A20,B26,C40,PCS,406,2.31,C,C05,3.40242,937.86,3190.99
43017,L27,19168,A20,B26,C40,PCS,308,2.31,C,C05,3.40242,711.48,2420.75
43017,L27,19168,A20,B26,C40,PCS,706,2.31,C,C05,3.40242,1630.86,5548.87
43017,L27,19168,A20,B26,C40,PCS,643,2.31,C,C05,3.40242,1485.33,5053.72
43017,L27,19168,A20,B26,C40,PCS,599,2.31,C,C05,3.40242,1383.69,4707.89
43027,L27,19184,A15,B27,C40,PCS,337,9.66,D,C05,3.40242,3255.42,11076.31
43027,L27,19184,A15,B27,C40,PCS,961,9.66,D,C05,3.40242,9283.26,31585.55
43027,L27,19184,A15,B27,C40,PCS,884,9.66,D,C05,3.40242,8539.44,29054.76
43027,L27,19184,A15,B27,C40,PCS,183,9.66,D,C05,3.40242,1767.78,6014.73
43027,L27,19184,A15,B27,C40,PCS,380,9.66,D,C05,3.40242,3670.8,12489.6
43027,L27,19184,A15,B27,C40,PCS,57,9.66,D,C05,3.40242,550.62,1873.44
43027,L27,19184,A15,B27,C40,PCS,738,9.66,D,C05,3.40242,7129.08,24256.12
43027,L27,19184,A15,B27,C40,PCS,593,9.66,D,C05,3.40242,5728.38,19490.35
43027,L27,19184,A15,B27,C40,PCS,572,9.66,D,C05,3.40242,5525.52,18800.14
43027,L27,19184,A15,B27,C40,PCS,496,9.66,D,C05,3.40242,4791.36,16302.22
43031,L27,19196,A20,B26,C30,PCS,661,8.66,D,C06,3.547054,5724.26,20304.26
43031,L27,19196,A20,B26,C30,PCS,655,8.66,D,C06,3.547054,5672.3,20119.95
43031,L27,19196,A20,B26,C30,PCS,614,8.66,D,C06,3.547054,5317.24,18860.54
43031,L27,19196,A20,B26,C30,PCS,87,8.66,D,C06,3.547054,753.42,2672.42
43031,L27,19196,A20,B26,C30,PCS,27,8.66,D,C06,3.547054,233.82,829.37
43031,L27,19196,A20,B26,C30,PCS,944,8.66,D,C06,3.547054,8175.04,28997.31
43031,L27,19196,A20,B26,C30,PCS,271,8.66,D,C06,3.547054,2346.86,8324.44
43031,L27,19196,A20,B26,C30,PCS,319,8.66,D,C06,3.547054,2762.54,9798.88
43031,L27,19196,A20,B26,C30,PCS,695,8.66,D,C06,3.547054,6018.7,21348.65
43031,L27,19196,A20,B26,C30,PCS,559,8.66,D,C06,3.547054,4840.94,17171.08
43019,L27,19242,A19,B21,C37,PCS,700,3.1,C,C07,1.358577,2170,2948.11
43019,L27,19242,A19,B21,C37,PCS,779,3.1,C,C07,1.358577,2414.9,3280.83
43019,L27,19242,A19,B21,C37,PCS,176,3.1,C,C07,1.358577,545.6,741.24
43019,L27,19242,A19,B21,C37,PCS,283,3.1,C,C07,1.358577,877.3,1191.88
43019,L27,19242,A19,B21,C37,PCS,863,3.1,C,C07,1.358577,2675.3,3634.6
43019,L27,19242,A19,B21,C37,PCS,267,3.1,C,C07,1.358577,827.7,1124.49
43019,L27,19242,A19,B21,C37,PCS,384,3.1,C,C07,1.358577,1190.4,1617.25
43019,L27,19242,A19,B21,C37,PCS,330,3.1,C,C07,1.358577,1023,1389.82
43019,L27,19242,A19,B21,C37,PCS,963,3.1,C,C07,1.358577,2985.3,4055.76
43019,L27,19242,A19,B21,C37,PCS,340,3.1,C,C07,1.358577,1054,1431.94
43022,L27,19257,A12,B30,C34,PCS,301,9.36,D,C01,6.825646,2817.36,19230.3
43022,L27,19257,A12,B30,C34,PCS,347,9.36,D,C01,6.825646,3247.92,22169.15
43022,L27,19257,A12,B30,C34,PCS,507,9.36,D,C01,6.825646,4745.52,32391.24
43022,L27,19257,A12,B30,C34,PCS,724,9.36,D,C01,6.825646,6776.64,46254.95
43022,L27,19257,A12,B30,C34,PCS,426,9.36,D,C01,6.825646,3987.36,27216.31
43022,L27,19257,A12,B30,C34,PCS,323,9.36,D,C01,6.825646,3023.28,20635.84
43022,L27,19257,A12,B30,C34,PCS,375,9.36,D,C01,6.825646,3510,23958.02
43022,L27,19257,A12,B30,C34,PCS,627,9.36,D,C01,6.825646,5868.72,40057.81
43022,L27,19257,A12,B30,C34,PCS,48,9.36,D,C01,6.825646,449.28,3066.63
43022,L27,19257,A12,B30,C34,PCS,195,9.36,D,C01,6.825646,1825.2,12458.17
43032,L27,19309,A17,B29,C36,PCS,904,1.54,D,C01,6.825646,1392.16,9502.39
43032,L27,19309,A17,B29,C36,PCS,268,1.54,D,C01,6.825646,412.72,2817.08
43032,L27,19309,A17,B29,C36,PCS,130,1.54,D,C01,6.825646,200.2,1366.49
43032,L27,19309,A17,B29,C36,PCS,152,1.54,D,C01,6.825646,234.08,1597.75
43032,L27,19309,A17,B29,C36,PCS,99,1.54,D,C01,6.825646,152.46,1040.64
43032,L27,19309,A17,B29,C36,PCS,969,1.54,D,C01,6.825646,1492.26,10185.64
43032,L27,19309,A17,B29,C36,PCS,773,1.54,D,C01,6.825646,1190.42,8125.39
43032,L27,19309,A17,B29,C36,PCS,527,1.54,D,C01,6.825646,811.58,5539.56
43032,L27,19309,A17,B29,C36,PCS,453,1.54,D,C01,6.825646,697.62,4761.71
43032,L27,19309,A17,B29,C36,PCS,434,1.54,D,C01,6.825646,668.36,4561.99
43027,L27,19399,A11,B24,C35,PCS,149,2.55,C,C05,3.40242,379.95,1292.75
43027,L27,19399,A11,B24,C35,PCS,764,2.55,C,C05,3.40242,1948.2,6628.59
43027,L27,19399,A11,B24,C35,PCS,571,2.55,C,C05,3.40242,1456.05,4954.09
43027,L27,19399,A11,B24,C35,PCS,790,2.55,C,C05,3.40242,2014.5,6854.18
43027,L27,19399,A11,B24,C35,PCS,150,2.55,C,C05,3.40242,382.5,1301.43
43027,L27,19399,A11,B24,C35,PCS,293,2.55,C,C05,3.40242,747.15,2542.12
43027,L27,19399,A11,B24,C35,PCS,268,2.55,C,C05,3.40242,683.4,2325.21
43027,L27,19399,A11,B24,C35,PCS,340,2.55,C,C05,3.40242,867,2949.9
43027,L27,19399,A11,B24,C35,PCS,944,2.55,C,C05,3.40242,2407.2,8190.31
43027,L27,19399,A11,B24,C35,PCS,280,2.55,C,C05,3.40242,714,2429.33
43018,L27,19543,A12,B29,C35,PCS,762,6.44,D,C06,3.547054,4907.28,17406.39
43018,L27,19543,A12,B29,C35,PCS,5,6.44,D,C06,3.547054,32.2,114.22
43018,L27,19543,A12,B29,C35,PCS,56,6.44,D,C06,3.547054,360.64,1279.21
43018,L27,19543,A12,B29,C35,PCS,747,6.44,D,C06,3.547054,4810.68,17063.74
43018,L27,19543,A12,B29,C35,PCS,837,6.44,D,C06,3.547054,5390.28,19119.61
43018,L27,19543,A12,B29,C35,PCS,617,6.44,D,C06,3.547054,3973.48,14094.15
43018,L27,19543,A12,B29,C35,PCS,529,6.44,D,C06,3.547054,3406.76,12083.96
43018,L27,19543,A12,B29,C35,PCS,335,6.44,D,C06,3.547054,2157.4,7652.41
43018,L27,19543,A12,B29,C35,PCS,239,6.44,D,C06,3.547054,1539.16,5459.48
43018,L27,19543,A12,B29,C35,PCS,737,6.44,D,C06,3.547054,4746.28,16835.31
43022,L27,19617,A18,B22,C40,PCS,523,2.83,D,C05,3.40242,1480.09,5035.89
43022,L27,19617,A18,B22,C40,PCS,43,2.83,D,C05,3.40242,121.69,414.04
43022,L27,19617,A18,B22,C40,PCS,11,2.83,D,C05,3.40242,31.13,105.92
43022,L27,19617,A18,B22,C40,PCS,755,2.83,D,C05,3.40242,2136.65,7269.78
43022,L27,19617,A18,B22,C40,PCS,809,2.83,D,C05,3.40242,2289.47,7789.74
43022,L27,19617,A18,B22,C40,PCS,89,2.83,D,C05,3.40242,251.87,856.97
43022,L27,19617,A18,B22,C40,PCS,920,2.83,D,C05,3.40242,2603.6,8858.54
43022,L27,19617,A18,B22,C40,PCS,697,2.83,D,C05,3.40242,1972.51,6711.31
43022,L27,19617,A18,B22,C40,PCS,206,2.83,D,C05,3.40242,582.98,1983.54
43022,L27,19617,A18,B22,C40,PCS,466,2.83,D,C05,3.40242,1318.78,4487.04
43036,L27,19722,A20,B28,C36,PCS,761,2.11,C,C07,1.358577,1605.71,2181.48
43036,L27,19722,A20,B28,C36,PCS,858,2.11,C,C07,1.358577,1810.38,2459.54
43036,L27,19722,A20,B28,C36,PCS,615,2.11,C,C07,1.358577,1297.65,1762.96
43036,L27,19722,A20,B28,C36,PCS,743,2.11,C,C07,1.358577,1567.73,2129.88
43036,L27,19722,A20,B28,C36,PCS,227,2.11,C,C07,1.358577,478.97,650.72
43036,L27,19722,A20,B28,C36,PCS,486,2.11,C,C07,1.358577,1025.46,1393.17
43036,L27,19722,A20,B28,C36,PCS,466,2.11,C,C07,1.358577,983.26,1335.83
43036,L27,19722,A20,B28,C36,PCS,620,2.11,C,C07,1.358577,1308.2,1777.29
43036,L27,19722,A20,B28,C36,PCS,207,2.11,C,C07,1.358577,436.77,593.39
43036,L27,19722,A20,B28,C36,PCS,927,2.11,C,C07,1.358577,1955.97,2657.34
43031,L27,19723,A20,B23,C30,PCS,975,5.01,D,C01,6.825646,4884.75,33341.57
43031,L27,19723,A20,B23,C30,PCS,648,5.01,D,C01,6.825646,3246.48,22159.32
43031,L27,19723,A20,B23,C30,PCS,746,5.01,D,C01,6.825646,3737.46,25510.58
43031,L27,19723,A20,B23,C30,PCS,366,5.01,D,C01,6.825646,1833.66,12515.91
43031,L27,19723,A20,B23,C30,PCS,373,5.01,D,C01,6.825646,1868.73,12755.29
43031,L27,19723,A20,B23,C30,PCS,903,5.01,D,C01,6.825646,4524.03,30879.43
43031,L27,19723,A20,B23,C30,PCS,898,5.01,D,C01,6.825646,4498.98,30708.44
43031,L27,19723,A20,B23,C30,PCS,296,5.01,D,C01,6.825646,1482.96,10122.16
43031,L27,19723,A20,B23,C30,PCS,364,5.01,D,C01,6.825646,1823.64,12447.52
43031,L27,19723,A20,B23,C30,PCS,842,5.01,D,C01,6.825646,4218.42,28793.44
43011,L27,19753,A20,B26,C33,PCS,573,8.73,C,C01,6.825646,5002.29,34143.86
43011,L27,19753,A20,B26,C33,PCS,458,8.73,C,C01,6.825646,3998.34,27291.25
43011,L27,19753,A20,B26,C33,PCS,948,8.73,C,C01,6.825646,8276.04,56489.32
43011,L27,19753,A20,B26,C33,PCS,2,8.73,C,C01,6.825646,17.46,119.18
43011,L27,19753,A20,B26,C33,PCS,861,8.73,C,C01,6.825646,7516.53,51305.17
43011,L27,19753,A20,B26,C33,PCS,746,8.73,C,C01,6.825646,6512.58,44452.57
43011,L27,19753,A20,B26,C33,PCS,231,8.73,C,C01,6.825646,2016.63,13764.8
43011,L27,19753,A20,B26,C33,PCS,838,8.73,C,C01,6.825646,7315.74,49934.65
43011,L27,19753,A20,B26,C33,PCS,945,8.73,C,C01,6.825646,8249.85,56310.56
43011,L27,19753,A20,B26,C33,PCS,416,8.73,C,C01,6.825646,3631.68,24788.56
43020,L27,19788,A17,B29,C40,PCS,816,3.43,D,C10,8.657656,2798.88,24231.74
43020,L27,19788,A17,B29,C40,PCS,744,3.43,D,C10,8.657656,2551.92,22093.65
43020,L27,19788,A17,B29,C40,PCS,113,3.43,D,C10,8.657656,387.59,3355.62
43020,L27,19788,A17,B29,C40,PCS,372,3.43,D,C10,8.657656,1275.96,11046.82
43020,L27,19788,A17,B29,C40,PCS,211,3.43,D,C10,8.657656,723.73,6265.81
43020,L27,19788,A17,B29,C40,PCS,932,3.43,D,C10,8.657656,3196.76,27676.45
43020,L27,19788,A17,B29,C40,PCS,240,3.43,D,C10,8.657656,823.2,7126.98
43020,L27,19788,A17,B29,C40,PCS,854,3.43,D,C10,8.657656,2929.22,25360.18
43020,L27,19788,A17,B29,C40,PCS,439,3.43,D,C10,8.657656,1505.77,13036.44
43020,L27,19788,A17,B29,C40,PCS,855,3.43,D,C10,8.657656,2932.65,25389.87
43031,L27,19943,A14,B25,C38,PCS,421,6.83,D,C04,5.388146,2875.43,15493.24
43031,L27,19943,A14,B25,C38,PCS,627,6.83,D,C04,5.388146,4282.41,23074.25
43031,L27,19943,A14,B25,C38,PCS,68,6.83,D,C04,5.388146,464.44,2502.47
43031,L27,19943,A14,B25,C38,PCS,696,6.83,D,C04,5.388146,4753.68,25613.52
43031,L27,19943,A14,B25,C38,PCS,250,6.83,D,C04,5.388146,1707.5,9200.26
43031,L27,19943,A14,B25,C38,PCS,898,6.83,D,C04,5.388146,6133.34,33047.33
43031,L27,19943,A14,B25,C38,PCS,102,6.83,D,C04,5.388146,696.66,3753.71
43031,L27,19943,A14,B25,C38,PCS,385,6.83,D,C04,5.388146,2629.55,14168.4
43031,L27,19943,A14,B25,C38,PCS,542,6.83,D,C04,5.388146,3701.86,19946.16
43031,L27,19943,A14,B25,C38,PCS,70,6.83,D,C04,5.388146,478.1,2576.07
43031,L27,19956,A16,B20,C30,PCS,743,9.11,D,C10,8.657656,6768.73,58601.34
43031,L27,19956,A16,B20,C30,PCS,758,9.11,D,C10,8.657656,6905.38,59784.4
43031,L27,19956,A16,B20,C30,PCS,317,9.11,D,C10,8.657656,2887.87,25002.19
43031,L27,19956,A16,B20,C30,PCS,321,9.11,D,C10,8.657656,2924.31,25317.67
43031,L27,19956,A16,B20,C30,PCS,368,9.11,D,C10,8.657656,3352.48,29024.62
43031,L27,19956,A16,B20,C30,PCS,610,9.11,D,C10,8.657656,5557.1,48111.46
43031,L27,19956,A16,B20,C30,PCS,518,9.11,D,C10,8.657656,4718.98,40855.31
43031,L27,19956,A16,B20,C30,PCS,393,9.11,D,C10,8.657656,3580.23,30996.4
43031,L27,19956,A16,B20,C30,PCS,442,9.11,D,C10,8.657656,4026.62,34861.09
43031,L27,19956,A16,B20,C30,PCS,138,9.11,D,C10,8.657656,1257.18,10884.23
43029,L27,19967,A14,B29,C40,PCS,674,5.54,C,C06,3.547054,3733.96,13244.56
43029,L27,19967,A14,B29,C40,PCS,96,5.54,C,C06,3.547054,531.84,1886.47
43029,L27,19967,A14,B29,C40,PCS,491,5.54,C,C06,3.547054,2720.14,9648.48
43029,L27,19967,A14,B29,C40,PCS,15,5.54,C,C06,3.547054,83.1,294.76
43029,L27,19967,A14,B29,C40,PCS,985,5.54,C,C06,3.547054,5456.9,19355.92
43029,L27,19967,A14,B29,C40,PCS,292,5.54,C,C06,3.547054,1617.68,5738
43029,L27,19967,A14,B29,C40,PCS,188,5.54,C,C06,3.547054,1041.52,3694.33
43029,L27,19967,A14,B29,C40,PCS,846,5.54,C,C06,3.547054,4686.84,16624.47
43029,L27,19967,A14,B29,C40,PCS,371,5.54,C,C06,3.547054,2055.34,7290.4
43029,L27,19967,A14,B29,C40,PCS,829,5.54,C,C06,3.547054,4592.66,16290.41
43027,L27,19990,A12,B28,C37,PCS,739,2.55,C,C05,3.40242,1884.45,6411.69
43027,L27,19990,A12,B28,C37,PCS,826,2.55,C,C05,3.40242,2106.3,7166.52
43027,L27,19990,A12,B28,C37,PCS,587,2.55,C,C05,3.40242,1496.85,5092.91
43027,L27,19990,A12,B28,C37,PCS,962,2.55,C,C05,3.40242,2453.1,8346.48
43027,L27,19990,A12,B28,C37,PCS,50,2.55,C,C05,3.40242,127.5,433.81
43027,L27,19990,A12,B28,C37,PCS,127,2.55,C,C05,3.40242,323.85,1101.87
43027,L27,19990,A12,B28,C37,PCS,582,2.55,C,C05,3.40242,1484.1,5049.53
43027,L27,19990,A12,B28,C37,PCS,570,2.55,C,C05,3.40242,1453.5,4945.42
43027,L27,19990,A12,B28,C37,PCS,600,2.55,C,C05,3.40242,1530,5205.7
43027,L27,19990,A12,B28,C37,PCS,825,2.55,C,C05,3.40242,2103.75,7157.84
43037,L27,19997,A17,B25,C34,PCS,607,1.59,D,C05,3.40242,965.13,3283.78
43037,L27,19997,A17,B25,C34,PCS,226,1.59,D,C05,3.40242,359.34,1222.63
43037,L27,19997,A17,B25,C34,PCS,506,1.59,D,C05,3.40242,804.54,2737.38
43037,L27,19997,A17,B25,C34,PCS,443,1.59,D,C05,3.40242,704.37,2396.56
43037,L27,19997,A17,B25,C34,PCS,979,1.59,D,C05,3.40242,1556.61,5296.24
43037,L27,19997,A17,B25,C34,PCS,898,1.59,D,C05,3.40242,1427.82,4858.04
43037,L27,19997,A17,B25,C34,PCS,973,1.59,D,C05,3.40242,1547.07,5263.78
43037,L27,19997,A17,B25,C34,PCS,77,1.59,D,C05,3.40242,122.43,416.56
43037,L27,19997,A17,B25,C34,PCS,872,1.59,D,C05,3.40242,1386.48,4717.39
43037,L27,19997,A17,B25,C34,PCS,491,1.59,D,C05,3.40242,780.69,2656.24
43067,L27,10049,A15,B23,C38,PCS,640,7.35,D,C03,7.133317,4704,33555.12
43067,L27,10049,A15,B23,C38,PCS,457,7.35,D,C03,7.133317,3358.95,23960.46
43067,L27,10049,A15,B23,C38,PCS,179,7.35,D,C03,7.133317,1315.65,9384.95
43067,L27,10049,A15,B23,C38,PCS,109,7.35,D,C03,7.133317,801.15,5714.86
43067,L27,10049,A15,B23,C38,PCS,425,7.35,D,C03,7.133317,3123.75,22282.7
43067,L27,10049,A15,B23,C38,PCS,252,7.35,D,C03,7.133317,1852.2,13212.33
43067,L27,10049,A15,B23,C38,PCS,774,7.35,D,C03,7.133317,5688.9,40580.73
43067,L27,10049,A15,B23,C38,PCS,372,7.35,D,C03,7.133317,2734.2,19503.92
43067,L27,10049,A15,B23,C38,PCS,57,7.35,D,C03,7.133317,418.95,2988.5
43067,L27,10049,A15,B23,C38,PCS,903,7.35,D,C03,7.133317,6637.05,47344.18
43046,L27,10153,A18,B22,C37,PCS,5,1.6,D,C09,1.199464,8,9.6
43046,L27,10153,A18,B22,C37,PCS,31,1.6,D,C09,1.199464,49.6,59.49
43046,L27,10153,A18,B22,C37,PCS,810,1.6,D,C09,1.199464,1296,1554.51
43046,L27,10153,A18,B22,C37,PCS,439,1.6,D,C09,1.199464,702.4,842.5
43046,L27,10153,A18,B22,C37,PCS,119,1.6,D,C09,1.199464,190.4,228.38
43046,L27,10153,A18,B22,C37,PCS,158,1.6,D,C09,1.199464,252.8,303.22
43046,L27,10153,A18,B22,C37,PCS,923,1.6,D,C09,1.199464,1476.8,1771.37
43046,L27,10153,A18,B22,C37,PCS,59,1.6,D,C09,1.199464,94.4,113.23
43046,L27,10153,A18,B22,C37,PCS,58,1.6,D,C09,1.199464,92.8,111.31
43046,L27,10153,A18,B22,C37,PCS,74,1.6,D,C09,1.199464,118.4,142.02
43040,L27,10258,A20,B25,C34,PCS,943,5.8,C,C07,1.358577,5469.4,7430.6
43040,L27,10258,A20,B25,C34,PCS,609,5.8,C,C07,1.358577,3532.2,4798.77
43040,L27,10258,A20,B25,C34,PCS,374,5.8,C,C07,1.358577,2169.2,2947.03
43040,L27,10258,A20,B25,C34,PCS,711,5.8,C,C07,1.358577,4123.8,5602.5
43040,L27,10258,A20,B25,C34,PCS,225,5.8,C,C07,1.358577,1305,1772.94
43040,L27,10258,A20,B25,C34,PCS,447,5.8,C,C07,1.358577,2592.6,3522.25
43040,L27,10258,A20,B25,C34,PCS,702,5.8,C,C07,1.358577,4071.6,5531.58
43040,L27,10258,A20,B25,C34,PCS,158,5.8,C,C07,1.358577,916.4,1245
43040,L27,10258,A20,B25,C34,PCS,997,5.8,C,C07,1.358577,5782.6,7856.11
43040,L27,10258,A20,B25,C34,PCS,653,5.8,C,C07,1.358577,3787.4,5145.47
43063,L27,10467,A20,B26,C32,PCS,691,7.07,D,C08,1.496196,4885.37,7309.47
43063,L27,10467,A20,B26,C32,PCS,963,7.07,D,C08,1.496196,6808.41,10186.72
43063,L27,10467,A20,B26,C32,PCS,300,7.07,D,C08,1.496196,2121,3173.43
43063,L27,10467,A20,B26,C32,PCS,900,7.07,D,C08,1.496196,6363,9520.3
43063,L27,10467,A20,B26,C32,PCS,86,7.07,D,C08,1.496196,608.02,909.72
43063,L27,10467,A20,B26,C32,PCS,863,7.07,D,C08,1.496196,6101.41,9128.91
43063,L27,10467,A20,B26,C32,PCS,560,7.07,D,C08,1.496196,3959.2,5923.74
43063,L27,10467,A20,B26,C32,PCS,734,7.07,D,C08,1.496196,5189.38,7764.33
43063,L27,10467,A20,B26,C32,PCS,75,7.07,D,C08,1.496196,530.25,793.36
43063,L27,10467,A20,B26,C32,PCS,247,7.07,D,C08,1.496196,1746.29,2612.79
43041,L27,10545,A14,B26,C33,PCS,533,8.41,D,C06,3.547054,4482.53,15899.78
43041,L27,10545,A14,B26,C33,PCS,948,8.41,D,C06,3.547054,7972.68,28279.53
43041,L27,10545,A14,B26,C33,PCS,169,8.41,D,C06,3.547054,1421.29,5041.39
43041,L27,10545,A14,B26,C33,PCS,887,8.41,D,C06,3.547054,7459.67,26459.85
43041,L27,10545,A14,B26,C33,PCS,682,8.41,D,C06,3.547054,5735.62,20344.55
43041,L27,10545,A14,B26,C33,PCS,799,8.41,D,C06,3.547054,6719.59,23834.75
43041,L27,10545,A14,B26,C33,PCS,99,8.41,D,C06,3.547054,832.59,2953.24
43041,L27,10545,A14,B26,C33,PCS,155,8.41,D,C06,3.547054,1303.55,4623.76
43041,L27,10545,A14,B26,C33,PCS,125,8.41,D,C06,3.547054,1051.25,3728.84
43041,L27,10545,A14,B26,C33,PCS,146,8.41,D,C06,3.547054,1227.86,4355.29
43064,L27,10592,A16,B22,C37,PCS,68,4.2,C,C09,1.199464,285.6,342.57
43064,L27,10592,A16,B22,C37,PCS,789,4.2,C,C09,1.199464,3313.8,3974.78
43064,L27,10592,A16,B22,C37,PCS,657,4.2,C,C09,1.199464,2759.4,3309.8
43064,L27,10592,A16,B22,C37,PCS,729,4.2,C,C09,1.199464,3061.8,3672.52
43064,L27,10592,A16,B22,C37,PCS,703,4.2,C,C09,1.199464,2952.6,3541.54
43064,L27,10592,A16,B22,C37,PCS,135,4.2,C,C09,1.199464,567,680.1
43064,L27,10592,A16,B22,C37,PCS,760,4.2,C,C09,1.199464,3192,3828.69
43064,L27,10592,A16,B22,C37,PCS,702,4.2,C,C09,1.199464,2948.4,3536.5
43064,L27,10592,A16,B22,C37,PCS,742,4.2,C,C09,1.199464,3116.4,3738.01
43064,L27,10592,A16,B22,C37,PCS,504,4.2,C,C09,1.199464,2116.8,2539.03
43067,L27,10619,A20,B20,C39,PCS,279,2.8,C,C07,1.358577,781.2,1061.32
43067,L27,10619,A20,B20,C39,PCS,598,2.8,C,C07,1.358577,1674.4,2274.8
43067,L27,10619,A20,B20,C39,PCS,761,2.8,C,C07,1.358577,2130.8,2894.86
43067,L27,10619,A20,B20,C39,PCS,964,2.8,C,C07,1.358577,2699.2,3667.07
43067,L27,10619,A20,B20,C39,PCS,835,2.8,C,C07,1.358577,2338,3176.35
43067,L27,10619,A20,B20,C39,PCS,879,2.8,C,C07,1.358577,2461.2,3343.73
43067,L27,10619,A20,B20,C39,PCS,334,2.8,C,C07,1.358577,935.2,1270.54
43067,L27,10619,A20,B20,C39,PCS,928,2.8,C,C07,1.358577,2598.4,3530.13
43067,L27,10619,A20,B20,C39,PCS,183,2.8,C,C07,1.358577,512.4,696.13
43067,L27,10619,A20,B20,C39,PCS,98,2.8,C,C07,1.358577,274.4,372.79
43067,L27,10650,A14,B28,C32,PCS,963,7.35,C,C03,7.133317,7078.05,50489.97
43067,L27,10650,A14,B28,C32,PCS,246,7.35,C,C03,7.133317,1808.1,12897.75
43067,L27,10650,A14,B28,C32,PCS,759,7.35,C,C03,7.133317,5578.65,39794.28
43067,L27,10650,A14,B28,C32,PCS,100,7.35,C,C03,7.133317,735,5242.99
43067,L27,10650,A14,B28,C32,PCS,354,7.35,C,C03,7.133317,2601.9,18560.18
43067,L27,10650,A14,B28,C32,PCS,262,7.35,C,C03,7.133317,1925.7,13736.63
43067,L27,10650,A14,B28,C32,PCS,188,7.35,C,C03,7.133317,1381.8,9856.82
43067,L27,10650,A14,B28,C32,PCS,866,7.35,C,C03,7.133317,6365.1,45404.28
43067,L27,10650,A14,B28,C32,PCS,955,7.35,C,C03,7.133317,7019.25,50070.54
43067,L27,10650,A14,B28,C32,PCS,773,7.35,C,C03,7.133317,5681.55,40528.3
43044,L27,10693,A15,B26,C35,PCS,611,5.47,C,C05,3.40242,3342.17,11371.47
43044,L27,10693,A15,B26,C35,PCS,559,5.47,C,C05,3.40242,3057.73,10403.68
43044,L27,10693,A15,B26,C35,PCS,58,5.47,C,C05,3.40242,317.26,1079.45
43044,L27,10693,A15,B26,C35,PCS,488,5.47,C,C05,3.40242,2669.36,9082.28
43044,L27,10693,A15,B26,C35,PCS,213,5.47,C,C05,3.40242,1165.11,3964.19
43044,L27,10693,A15,B26,C35,PCS,329,5.47,C,C05,3.40242,1799.63,6123.1
43044,L27,10693,A15,B26,C35,PCS,200,5.47,C,C05,3.40242,1094,3722.25
43044,L27,10693,A15,B26,C35,PCS,609,5.47,C,C05,3.40242,3331.23,11334.24
43044,L27,10693,A15,B26,C35,PCS,376,5.47,C,C05,3.40242,2056.72,6997.83
43044,L27,10693,A15,B26,C35,PCS,961,5.47,C,C05,3.40242,5256.67,17885.4
43049,L27,10744,A20,B28,C39,PCS,611,5.96,C,C04,5.388146,3641.56,19621.26
43049,L27,10744,A20,B28,C39,PCS,765,5.96,C,C04,5.388146,4559.4,24566.71
43049,L27,10744,A20,B28,C39,PCS,286,5.96,C,C04,5.388146,1704.56,9184.42
43049,L27,10744,A20,B28,C39,PCS,362,5.96,C,C04,5.388146,2157.52,11625.03
43049,L27,10744,A20,B28,C39,PCS,40,5.96,C,C04,5.388146,238.4,1284.53
43049,L27,10744,A20,B28,C39,PCS,403,5.96,C,C04,5.388146,2401.88,12941.68
43049,L27,10744,A20,B28,C39,PCS,657,5.96,C,C04,5.388146,3915.72,21098.47
43049,L27,10744,A20,B28,C39,PCS,993,5.96,C,C04,5.388146,5918.28,31888.56
43049,L27,10744,A20,B28,C39,PCS,22,5.96,C,C04,5.388146,131.12,706.49
43049,L27,10744,A20,B28,C39,PCS,921,5.96,C,C04,5.388146,5489.16,29576.4
43063,L27,10749,A12,B20,C32,PCS,220,1.12,C,C05,3.40242,246.4,838.36
43063,L27,10749,A12,B20,C32,PCS,752,1.12,C,C05,3.40242,842.24,2865.65
43063,L27,10749,A12,B20,C32,PCS,557,1.12,C,C05,3.40242,623.84,2122.57
43063,L27,10749,A12,B20,C32,PCS,559,1.12,C,C05,3.40242,626.08,2130.19
43063,L27,10749,A12,B20,C32,PCS,580,1.12,C,C05,3.40242,649.6,2210.21
43063,L27,10749,A12,B20,C32,PCS,507,1.12,C,C05,3.40242,567.84,1932.03
43063,L27,10749,A12,B20,C32,PCS,897,1.12,C,C05,3.40242,1004.64,3418.21
43063,L27,10749,A12,B20,C32,PCS,81,1.12,C,C05,3.40242,90.72,308.67
43063,L27,10749,A12,B20,C32,PCS,538,1.12,C,C05,3.40242,602.56,2050.16
43063,L27,10749,A12,B20,C32,PCS,867,1.12,C,C05,3.40242,971.04,3303.89
43051,L27,10866,A13,B26,C31,PCS,404,7.45,D,C06,3.547054,3009.8,10675.92
43051,L27,10866,A13,B26,C31,PCS,296,7.45,D,C06,3.547054,2205.2,7821.96
43051,L27,10866,A13,B26,C31,PCS,390,7.45,D,C06,3.547054,2905.5,10305.97
43051,L27,10866,A13,B26,C31,PCS,565,7.45,D,C06,3.547054,4209.25,14930.44
43051,L27,10866,A13,B26,C31,PCS,575,7.45,D,C06,3.547054,4283.75,15194.69
43051,L27,10866,A13,B26,C31,PCS,981,7.45,D,C06,3.547054,7308.45,25923.47
43051,L27,10866,A13,B26,C31,PCS,116,7.45,D,C06,3.547054,864.2,3065.36
43051,L27,10866,A13,B26,C31,PCS,454,7.45,D,C06,3.547054,3382.3,11997.2
43051,L27,10866,A13,B26,C31,PCS,958,7.45,D,C06,3.547054,7137.1,25315.68
43051,L27,10866,A13,B26,C31,PCS,991,7.45,D,C06,3.547054,7382.95,26187.72
43048,L27,10965,A19,B20,C40,PCS,825,4.07,C,C10,8.657656,3357.75,29070.24
43048,L27,10965,A19,B20,C40,PCS,546,4.07,C,C10,8.657656,2222.22,19239.22
43048,L27,10965,A19,B20,C40,PCS,196,4.07,C,C10,8.657656,797.72,6906.39
43048,L27,10965,A19,B20,C40,PCS,828,4.07,C,C10,8.657656,3369.96,29175.95
43048,L27,10965,A19,B20,C40,PCS,415,4.07,C,C10,8.657656,1689.05,14623.21
43048,L27,10965,A19,B20,C40,PCS,751,4.07,C,C10,8.657656,3056.57,26462.73
43048,L27,10965,A19,B20,C40,PCS,631,4.07,C,C10,8.657656,2568.17,22234.33
43048,L27,10965,A19,B20,C40,PCS,986,4.07,C,C10,8.657656,4013.02,34743.35
43048,L27,10965,A19,B20,C40,PCS,349,4.07,C,C10,8.657656,1420.43,12297.59
43048,L27,10965,A19,B20,C40,PCS,194,4.07,C,C10,8.657656,789.58,6835.91
43062,L27,11015,A14,B28,C37,PCS,807,3.56,C,C07,1.358577,2872.92,3903.08
43062,L27,11015,A14,B28,C37,PCS,83,3.56,C,C07,1.358577,295.48,401.43
43062,L27,11015,A14,B28,C37,PCS,199,3.56,C,C07,1.358577,708.44,962.47
43062,L27,11015,A14,B28,C37,PCS,997,3.56,C,C07,1.358577,3549.32,4822.02
43062,L27,11015,A14,B28,C37,PCS,73,3.56,C,C07,1.358577,259.88,353.07
43062,L27,11015,A14,B28,C37,PCS,322,3.56,C,C07,1.358577,1146.32,1557.36
43062,L27,11015,A14,B28,C37,PCS,8,3.56,C,C07,1.358577,28.48,38.69
43062,L27,11015,A14,B28,C37,PCS,966,3.56,C,C07,1.358577,3438.96,4672.09
43062,L27,11015,A14,B28,C37,PCS,894,3.56,C,C07,1.358577,3182.64,4323.86
43062,L27,11015,A14,B28,C37,PCS,431,3.56,C,C07,1.358577,1534.36,2084.55
43044,L27,11107,A15,B28,C34,PCS,339,5.47,D,C05,3.40242,1854.33,6309.21
43044,L27,11107,A15,B28,C34,PCS,509,5.47,D,C05,3.40242,2784.23,9473.12
43044,L27,11107,A15,B28,C34,PCS,688,5.47,D,C05,3.40242,3763.36,12804.53
43044,L27,11107,A15,B28,C34,PCS,897,5.47,D,C05,3.40242,4906.59,16694.28
43044,L27,11107,A15,B28,C34,PCS,815,5.47,D,C05,3.40242,4458.05,15168.16
43044,L27,11107,A15,B28,C34,PCS,918,5.47,D,C05,3.40242,5021.46,17085.12
43044,L27,11107,A15,B28,C34,PCS,47,5.47,D,C05,3.40242,257.09,874.73
43044,L27,11107,A15,B28,C34,PCS,817,5.47,D,C05,3.40242,4468.99,15205.38
43044,L27,11107,A15,B28,C34,PCS,630,5.47,D,C05,3.40242,3446.1,11725.08
43044,L27,11107,A15,B28,C34,PCS,682,5.47,D,C05,3.40242,3730.54,12692.86
43049,L27,11224,A13,B23,C39,PCS,148,6.72,D,C01,6.825646,994.56,6788.51
43049,L27,11224,A13,B23,C39,PCS,858,6.72,D,C01,6.825646,5765.76,39355.04
43049,L27,11224,A13,B23,C39,PCS,831,6.72,D,C01,6.825646,5584.32,38116.59
43049,L27,11224,A13,B23,C39,PCS,83,6.72,D,C01,6.825646,557.76,3807.07
43049,L27,11224,A13,B23,C39,PCS,83,6.72,D,C01,6.825646,557.76,3807.07
43049,L27,11224,A13,B23,C39,PCS,102,6.72,D,C01,6.825646,685.44,4678.57
43049,L27,11224,A13,B23,C39,PCS,607,6.72,D,C01,6.825646,4079.04,27842.08
43049,L27,11224,A13,B23,C39,PCS,92,6.72,D,C01,6.825646,618.24,4219.89
43049,L27,11224,A13,B23,C39,PCS,212,6.72,D,C01,6.825646,1424.64,9724.09
43049,L27,11224,A13,B23,C39,PCS,369,6.72,D,C01,6.825646,2479.68,16925.42
43069,L27,11244,A20,B30,C34,PCS,178,1.91,C,C10,8.657656,339.98,2943.43
43069,L27,11244,A20,B30,C34,PCS,159,1.91,C,C10,8.657656,303.69,2629.24
43069,L27,11244,A20,B30,C34,PCS,743,1.91,C,C10,8.657656,1419.13,12286.34
43069,L27,11244,A20,B30,C34,PCS,564,1.91,C,C10,8.657656,1077.24,9326.37
43069,L27,11244,A20,B30,C34,PCS,142,1.91,C,C10,8.657656,271.22,2348.13
43069,L27,11244,A20,B30,C34,PCS,500,1.91,C,C10,8.657656,955,8268.06
43069,L27,11244,A20,B30,C34,PCS,545,1.91,C,C10,8.657656,1040.95,9012.19
43069,L27,11244,A20,B30,C34,PCS,276,1.91,C,C10,8.657656,527.16,4563.97
43069,L27,11244,A20,B30,C34,PCS,659,1.91,C,C10,8.657656,1258.69,10897.31
43069,L27,11244,A20,B30,C34,PCS,554,1.91,C,C10,8.657656,1058.14,9161.01
43050,L27,11352,A16,B29,C33,PCS,736,7.93,D,C10,8.657656,5836.48,50530.24
43050,L27,11352,A16,B29,C33,PCS,719,7.93,D,C10,8.657656,5701.67,49363.1
43050,L27,11352,A16,B29,C33,PCS,542,7.93,D,C10,8.657656,4298.06,37211.12
43050,L27,11352,A16,B29,C33,PCS,915,7.93,D,C10,8.657656,7255.95,62819.52
43050,L27,11352,A16,B29,C33,PCS,492,7.93,D,C10,8.657656,3901.56,33778.36
43050,L27,11352,A16,B29,C33,PCS,864,7.93,D,C10,8.657656,6851.52,59318.1
43050,L27,11352,A16,B29,C33,PCS,940,7.93,D,C10,8.657656,7454.2,64535.9
43050,L27,11352,A16,B29,C33,PCS,24,7.93,D,C10,8.657656,190.32,1647.73
43050,L27,11352,A16,B29,C33,PCS,555,7.93,D,C10,8.657656,4401.15,38103.64
43050,L27,11352,A16,B29,C33,PCS,229,7.93,D,C10,8.657656,1815.97,15722.04
43051,L27,11467,A17,B30,C31,PCS,561,6.8,C,C09,1.199464,3814.8,4575.72
43051,L27,11467,A17,B30,C31,PCS,501,6.8,C,C09,1.199464,3406.8,4086.33
43051,L27,11467,A17,B30,C31,PCS,975,6.8,C,C09,1.199464,6630,7952.45
43051,L27,11467,A17,B30,C31,PCS,54,6.8,C,C09,1.199464,367.2,440.44
43051,L27,11467,A17,B30,C31,PCS,580,6.8,C,C09,1.199464,3944,4730.69
43051,L27,11467,A17,B30,C31,PCS,92,6.8,C,C09,1.199464,625.6,750.38
43051,L27,11467,A17,B30,C31,PCS,72,6.8,C,C09,1.199464,489.6,587.26
43051,L27,11467,A17,B30,C31,PCS,422,6.8,C,C09,1.199464,2869.6,3441.98
43051,L27,11467,A17,B30,C31,PCS,484,6.8,C,C09,1.199464,3291.2,3947.68
43051,L27,11467,A17,B30,C31,PCS,164,6.8,C,C09,1.199464,1115.2,1337.64
43052,L27,11487,A20,B30,C30,PCS,771,4.19,C,C09,1.199464,3230.49,3874.86
43052,L27,11487,A20,B30,C30,PCS,745,4.19,C,C09,1.199464,3121.55,3744.19
43052,L27,11487,A20,B30,C30,PCS,382,4.19,C,C09,1.199464,1600.58,1919.84
43052,L27,11487,A20,B30,C30,PCS,961,4.19,C,C09,1.199464,4026.59,4829.75
43052,L27,11487,A20,B30,C30,PCS,598,4.19,C,C09,1.199464,2505.62,3005.4
43052,L27,11487,A20,B30,C30,PCS,79,4.19,C,C09,1.199464,331.01,397.03
43052,L27,11487,A20,B30,C30,PCS,590,4.19,C,C09,1.199464,2472.1,2965.19
43052,L27,11487,A20,B30,C30,PCS,690,4.19,C,C09,1.199464,2891.1,3467.77
43052,L27,11487,A20,B30,C30,PCS,624,4.19,C,C09,1.199464,2614.56,3136.07
43052,L27,11487,A20,B30,C30,PCS,483,4.19,C,C09,1.199464,2023.77,2427.44
43069,L27,11520,A19,B23,C34,PCS,975,1.91,D,C10,8.657656,1862.25,16122.72
43069,L27,11520,A19,B23,C34,PCS,788,1.91,D,C10,8.657656,1505.08,13030.46
43069,L27,11520,A19,B23,C34,PCS,554,1.91,D,C10,8.657656,1058.14,9161.01
43069,L27,11520,A19,B23,C34,PCS,607,1.91,D,C10,8.657656,1159.37,10037.43
43069,L27,11520,A19,B23,C34,PCS,387,1.91,D,C10,8.657656,739.17,6399.48
43069,L27,11520,A19,B23,C34,PCS,605,1.91,D,C10,8.657656,1155.55,10004.35
43069,L27,11520,A19,B23,C34,PCS,710,1.91,D,C10,8.657656,1356.1,11740.65
43069,L27,11520,A19,B23,C34,PCS,967,1.91,D,C10,8.657656,1846.97,15990.43
43069,L27,11520,A19,B23,C34,PCS,982,1.91,D,C10,8.657656,1875.62,16238.47
43069,L27,11520,A19,B23,C34,PCS,729,1.91,D,C10,8.657656,1392.39,12054.83
43058,L27,11584,A11,B29,C30,PCS,246,8.19,D,C06,3.547054,2014.74,7146.39
43058,L27,11584,A11,B29,C30,PCS,569,8.19,D,C06,3.547054,4660.11,16529.66
43058,L27,11584,A11,B29,C30,PCS,822,8.19,D,C06,3.547054,6732.18,23879.41
43058,L27,11584,A11,B29,C30,PCS,796,8.19,D,C06,3.547054,6519.24,23124.1
43058,L27,11584,A11,B29,C30,PCS,851,8.19,D,C06,3.547054,6969.69,24721.87
43058,L27,11584,A11,B29,C30,PCS,742,8.19,D,C06,3.547054,6076.98,21555.38
43058,L27,11584,A11,B29,C30,PCS,657,8.19,D,C06,3.547054,5380.83,19086.09
43058,L27,11584,A11,B29,C30,PCS,281,8.19,D,C06,3.547054,2301.39,8163.15
43058,L27,11584,A11,B29,C30,PCS,548,8.19,D,C06,3.547054,4488.12,15919.6
43058,L27,11584,A11,B29,C30,PCS,222,8.19,D,C06,3.547054,1818.18,6449.18
43067,L27,11773,A11,B25,C34,PCS,96,1.9,C,C02,9.912483,182.4,1808.04
43067,L27,11773,A11,B25,C34,PCS,714,1.9,C,C02,9.912483,1356.6,13447.27
43067,L27,11773,A11,B25,C34,PCS,122,1.9,C,C02,9.912483,231.8,2297.71
43067,L27,11773,A11,B25,C34,PCS,244,1.9,C,C02,9.912483,463.6,4595.43
43067,L27,11773,A11,B25,C34,PCS,599,1.9,C,C02,9.912483,1138.1,11281.4
43067,L27,11773,A11,B25,C34,PCS,216,1.9,C,C02,9.912483,410.4,4068.08
43067,L27,11773,A11,B25,C34,PCS,303,1.9,C,C02,9.912483,575.7,5706.62
43067,L27,11773,A11,B25,C34,PCS,115,1.9,C,C02,9.912483,218.5,2165.88
43067,L27,11773,A11,B25,C34,PCS,199,1.9,C,C02,9.912483,378.1,3747.91
43067,L27,11773,A11,B25,C34,PCS,608,1.9,C,C02,9.912483,1155.2,11450.9
43048,L27,11917,A14,B30,C32,PCS,472,6.81,D,C03,7.133317,3214.32,22928.76
43048,L27,11917,A14,B30,C32,PCS,807,6.81,D,C03,7.133317,5495.67,39202.36
43048,L27,11917,A14,B30,C32,PCS,327,6.81,D,C03,7.133317,2226.87,15884.97
43048,L27,11917,A14,B30,C32,PCS,79,6.81,D,C03,7.133317,537.99,3837.65
43048,L27,11917,A14,B30,C32,PCS,333,6.81,D,C03,7.133317,2267.73,16176.44
43048,L27,11917,A14,B30,C32,PCS,780,6.81,D,C03,7.133317,5311.8,37890.75
43048,L27,11917,A14,B30,C32,PCS,959,6.81,D,C03,7.133317,6530.79,46586.2
43048,L27,11917,A14,B30,C32,PCS,530,6.81,D,C03,7.133317,3609.3,25746.28
43048,L27,11917,A14,B30,C32,PCS,672,6.81,D,C03,7.133317,4576.32,32644.34
43048,L27,11917,A14,B30,C32,PCS,486,6.81,D,C03,7.133317,3309.66,23608.85
43058,L27,11947,A11,B30,C37,PCS,829,3.29,C,C05,3.40242,2727.41,9279.79
43058,L27,11947,A11,B30,C37,PCS,15,3.29,C,C05,3.40242,49.35,167.91
43058,L27,11947,A11,B30,C37,PCS,12,3.29,C,C05,3.40242,39.48,134.33
43058,L27,11947,A11,B30,C37,PCS,38,3.29,C,C05,3.40242,125.02,425.37
43058,L27,11947,A11,B30,C37,PCS,979,3.29,C,C05,3.40242,3220.91,10958.89
43058,L27,11947,A11,B30,C37,PCS,175,3.29,C,C05,3.40242,575.75,1958.94
43058,L27,11947,A11,B30,C37,PCS,13,3.29,C,C05,3.40242,42.77,145.52
43058,L27,11947,A11,B30,C37,PCS,317,3.29,C,C05,3.40242,1042.93,3548.49
43058,L27,11947,A11,B30,C37,PCS,693,3.29,C,C05,3.40242,2279.97,7757.42
43058,L27,11947,A11,B30,C37,PCS,967,3.29,C,C05,3.40242,3181.43,10824.56
43058,L27,12095,A19,B26,C37,PCS,294,1.27,C,C06,3.547054,373.38,1324.4
43058,L27,12095,A19,B26,C37,PCS,548,1.27,C,C06,3.547054,695.96,2468.61
43058,L27,12095,A19,B26,C37,PCS,495,1.27,C,C06,3.547054,628.65,2229.86
43058,L27,12095,A19,B26,C37,PCS,89,1.27,C,C06,3.547054,113.03,400.92
43058,L27,12095,A19,B26,C37,PCS,423,1.27,C,C06,3.547054,537.21,1905.51
43058,L27,12095,A19,B26,C37,PCS,36,1.27,C,C06,3.547054,45.72,162.17
43058,L27,12095,A19,B26,C37,PCS,58,1.27,C,C06,3.547054,73.66,261.28
43058,L27,12095,A19,B26,C37,PCS,925,1.27,C,C06,3.547054,1174.75,4166.9
43058,L27,12095,A19,B26,C37,PCS,861,1.27,C,C06,3.547054,1093.47,3878.6
43058,L27,12095,A19,B26,C37,PCS,17,1.27,C,C06,3.547054,21.59,76.58
43049,L27,12150,A14,B25,C32,PCS,178,9.21,C,C07,1.358577,1639.38,2227.22
43049,L27,12150,A14,B25,C32,PCS,273,9.21,C,C07,1.358577,2514.33,3415.91
43049,L27,12150,A14,B25,C32,PCS,885,9.21,C,C07,1.358577,8150.85,11073.56
43049,L27,12150,A14,B25,C32,PCS,302,9.21,C,C07,1.358577,2781.42,3778.77
43049,L27,12150,A14,B25,C32,PCS,99,9.21,C,C07,1.358577,911.79,1238.74
43049,L27,12150,A14,B25,C32,PCS,937,9.21,C,C07,1.358577,8629.77,11724.21
43049,L27,12150,A14,B25,C32,PCS,424,9.21,C,C07,1.358577,3905.04,5305.3
43049,L27,12150,A14,B25,C32,PCS,752,9.21,C,C07,1.358577,6925.92,9409.4
43049,L27,12150,A14,B25,C32,PCS,28,9.21,C,C07,1.358577,257.88,350.35
43049,L27,12150,A14,B25,C32,PCS,605,9.21,C,C07,1.358577,5572.05,7570.06
43067,L27,12303,A14,B30,C39,PCS,246,7.68,C,C10,8.657656,1889.28,16356.74
43067,L27,12303,A14,B30,C39,PCS,374,7.68,C,C10,8.657656,2872.32,24867.56
43067,L27,12303,A14,B30,C39,PCS,537,7.68,C,C10,8.657656,4124.16,35705.56
43067,L27,12303,A14,B30,C39,PCS,451,7.68,C,C10,8.657656,3463.68,29987.35
43067,L27,12303,A14,B30,C39,PCS,507,7.68,C,C10,8.657656,3893.76,33710.83
43067,L27,12303,A14,B30,C39,PCS,538,7.68,C,C10,8.657656,4131.84,35772.05
43067,L27,12303,A14,B30,C39,PCS,597,7.68,C,C10,8.657656,4584.96,39695.01
43067,L27,12303,A14,B30,C39,PCS,372,7.68,C,C10,8.657656,2856.96,24734.58
43067,L27,12303,A14,B30,C39,PCS,715,7.68,C,C10,8.657656,5491.2,47540.92
43067,L27,12303,A14,B30,C39,PCS,154,7.68,C,C10,8.657656,1182.72,10239.58
43046,L27,12320,A16,B29,C40,PCS,16,5.24,D,C10,8.657656,83.84,725.86
43046,L27,12320,A16,B29,C40,PCS,32,5.24,D,C10,8.657656,167.68,1451.72
43046,L27,12320,A16,B29,C40,PCS,79,5.24,D,C10,8.657656,413.96,3583.92
43046,L27,12320,A16,B29,C40,PCS,92,5.24,D,C10,8.657656,482.08,4173.68
43046,L27,12320,A16,B29,C40,PCS,869,5.24,D,C10,8.657656,4553.56,39423.16
43046,L27,12320,A16,B29,C40,PCS,415,5.24,D,C10,8.657656,2174.6,18826.94
43046,L27,12320,A16,B29,C40,PCS,852,5.24,D,C10,8.657656,4464.48,38651.93
43046,L27,12320,A16,B29,C40,PCS,450,5.24,D,C10,8.657656,2358,20414.75
43046,L27,12320,A16,B29,C40,PCS,423,5.24,D,C10,8.657656,2216.52,19189.87
43046,L27,12320,A16,B29,C40,PCS,243,5.24,D,C10,8.657656,1273.32,11023.97
43048,L27,12390,A17,B28,C34,PCS,81,6.81,C,C03,7.133317,551.61,3934.81
43048,L27,12390,A17,B28,C34,PCS,176,6.81,C,C03,7.133317,1198.56,8549.71
43048,L27,12390,A17,B28,C34,PCS,82,6.81,C,C03,7.133317,558.42,3983.39
43048,L27,12390,A17,B28,C34,PCS,287,6.81,C,C03,7.133317,1954.47,13941.85
43048,L27,12390,A17,B28,C34,PCS,802,6.81,C,C03,7.133317,5461.62,38959.47
43048,L27,12390,A17,B28,C34,PCS,431,6.81,C,C03,7.133317,2935.11,20937.07
43048,L27,12390,A17,B28,C34,PCS,477,6.81,C,C03,7.133317,3248.37,23171.65
43048,L27,12390,A17,B28,C34,PCS,989,6.81,C,C03,7.133317,6735.09,48043.53
43048,L27,12390,A17,B28,C34,PCS,987,6.81,C,C03,7.133317,6721.47,47946.38
43048,L27,12390,A17,B28,C34,PCS,251,6.81,C,C03,7.133317,1709.31,12193.05
43049,L27,12544,A17,B25,C35,PCS,750,6.31,C,C08,1.496196,4732.5,7080.75
43049,L27,12544,A17,B25,C35,PCS,330,6.31,C,C08,1.496196,2082.3,3115.53
43049,L27,12544,A17,B25,C35,PCS,474,6.31,C,C08,1.496196,2990.94,4475.03
43049,L27,12544,A17,B25,C35,PCS,185,6.31,C,C08,1.496196,1167.35,1746.58
43049,L27,12544,A17,B25,C35,PCS,447,6.31,C,C08,1.496196,2820.57,4220.13
43049,L27,12544,A17,B25,C35,PCS,94,6.31,C,C08,1.496196,593.14,887.45
43049,L27,12544,A17,B25,C35,PCS,398,6.31,C,C08,1.496196,2511.38,3757.52
43049,L27,12544,A17,B25,C35,PCS,970,6.31,C,C08,1.496196,6120.7,9157.77
43049,L27,12544,A17,B25,C35,PCS,662,6.31,C,C08,1.496196,4177.22,6249.94
43049,L27,12544,A17,B25,C35,PCS,652,6.31,C,C08,1.496196,4114.12,6155.53
43052,L27,12593,A19,B27,C36,PCS,857,4.28,C,C06,3.547054,3667.96,13010.45
43052,L27,12593,A19,B27,C36,PCS,163,4.28,C,C06,3.547054,697.64,2474.57
43052,L27,12593,A19,B27,C36,PCS,308,4.28,C,C06,3.547054,1318.24,4675.87
43052,L27,12593,A19,B27,C36,PCS,273,4.28,C,C06,3.547054,1168.44,4144.52
43052,L27,12593,A19,B27,C36,PCS,703,4.28,C,C06,3.547054,3008.84,10672.52
43052,L27,12593,A19,B27,C36,PCS,725,4.28,C,C06,3.547054,3103,11006.51
43052,L27,12593,A19,B27,C36,PCS,618,4.28,C,C06,3.547054,2645.04,9382.1
43052,L27,12593,A19,B27,C36,PCS,406,4.28,C,C06,3.547054,1737.68,6163.64
43052,L27,12593,A19,B27,C36,PCS,276,4.28,C,C06,3.547054,1181.28,4190.06
43052,L27,12593,A19,B27,C36,PCS,381,4.28,C,C06,3.547054,1630.68,5784.11
43059,L27,12659,A14,B21,C31,PCS,30,1.2,D,C09,1.199464,36,43.18
43059,L27,12659,A14,B21,C31,PCS,944,1.2,D,C09,1.199464,1132.8,1358.75
43059,L27,12659,A14,B21,C31,PCS,872,1.2,D,C09,1.199464,1046.4,1255.12
43059,L27,12659,A14,B21,C31,PCS,1,1.2,D,C09,1.199464,1.2,1.44
43059,L27,12659,A14,B21,C31,PCS,876,1.2,D,C09,1.199464,1051.2,1260.88
43059,L27,12659,A14,B21,C31,PCS,621,1.2,D,C09,1.199464,745.2,893.84
43059,L27,12659,A14,B21,C31,PCS,517,1.2,D,C09,1.199464,620.4,744.15
43059,L27,12659,A14,B21,C31,PCS,574,1.2,D,C09,1.199464,688.8,826.19
43059,L27,12659,A14,B21,C31,PCS,615,1.2,D,C09,1.199464,738,885.2
43059,L27,12659,A14,B21,C31,PCS,559,1.2,D,C09,1.199464,670.8,804.6
43067,L27,12770,A13,B29,C37,PCS,566,3.81,C,C03,7.133317,2156.46,15382.71
43067,L27,12770,A13,B29,C37,PCS,487,3.81,C,C03,7.133317,1855.47,13235.66
43067,L27,12770,A13,B29,C37,PCS,563,3.81,C,C03,7.133317,2145.03,15301.18
43067,L27,12770,A13,B29,C37,PCS,145,3.81,C,C03,7.133317,552.45,3940.8
43067,L27,12770,A13,B29,C37,PCS,99,3.81,C,C03,7.133317,377.19,2690.62
43067,L27,12770,A13,B29,C37,PCS,145,3.81,C,C03,7.133317,552.45,3940.8
43067,L27,12770,A13,B29,C37,PCS,238,3.81,C,C03,7.133317,906.78,6468.35
43067,L27,12770,A13,B29,C37,PCS,543,3.81,C,C03,7.133317,2068.83,14757.62
43067,L27,12770,A13,B29,C37,PCS,382,3.81,C,C03,7.133317,1455.42,10381.97
43067,L27,12770,A13,B29,C37,PCS,619,3.81,C,C03,7.133317,2358.39,16823.14
43059,L27,12807,A19,B30,C38,PCS,216,1.2,C,C09,1.199464,259.2,310.9
43059,L27,12807,A19,B30,C38,PCS,148,1.2,C,C09,1.199464,177.6,213.02
43059,L27,12807,A19,B30,C38,PCS,970,1.2,C,C09,1.199464,1164,1396.18
43059,L27,12807,A19,B30,C38,PCS,590,1.2,C,C09,1.199464,708,849.22
43059,L27,12807,A19,B30,C38,PCS,82,1.2,C,C09,1.199464,98.4,118.03
43059,L27,12807,A19,B30,C38,PCS,655,1.2,C,C09,1.199464,786,942.78
43059,L27,12807,A19,B30,C38,PCS,191,1.2,C,C09,1.199464,229.2,274.92
43059,L27,12807,A19,B30,C38,PCS,132,1.2,C,C09,1.199464,158.4,190
43059,L27,12807,A19,B30,C38,PCS,936,1.2,C,C09,1.199464,1123.2,1347.24
43059,L27,12807,A19,B30,C38,PCS,193,1.2,C,C09,1.199464,231.6,277.8
43065,L27,12834,A18,B30,C34,PCS,311,7.14,C,C07,1.358577,2220.54,3016.77
43065,L27,12834,A18,B30,C34,PCS,901,7.14,C,C07,1.358577,6433.14,8739.92
43065,L27,12834,A18,B30,C34,PCS,982,7.14,C,C07,1.358577,7011.48,9525.64
43065,L27,12834,A18,B30,C34,PCS,683,7.14,C,C07,1.358577,4876.62,6625.26
43065,L27,12834,A18,B30,C34,PCS,557,7.14,C,C07,1.358577,3976.98,5403.03
43065,L27,12834,A18,B30,C34,PCS,837,7.14,C,C07,1.358577,5976.18,8119.1
43065,L27,12834,A18,B30,C34,PCS,120,7.14,C,C07,1.358577,856.8,1164.03
43065,L27,12834,A18,B30,C34,PCS,779,7.14,C,C07,1.358577,5562.06,7556.49
43065,L27,12834,A18,B30,C34,PCS,857,7.14,C,C07,1.358577,6118.98,8313.11
43065,L27,12834,A18,B30,C34,PCS,489,7.14,C,C07,1.358577,3491.46,4743.42
43063,L27,12890,A20,B21,C30,PCS,2,7.07,C,C08,1.496196,14.14,21.16
43063,L27,12890,A20,B21,C30,PCS,185,7.07,C,C08,1.496196,1307.95,1956.95
43063,L27,12890,A20,B21,C30,PCS,266,7.07,C,C08,1.496196,1880.62,2813.78
43063,L27,12890,A20,B21,C30,PCS,85,7.07,C,C08,1.496196,600.95,899.14
43063,L27,12890,A20,B21,C30,PCS,80,7.07,C,C08,1.496196,565.6,846.25
43063,L27,12890,A20,B21,C30,PCS,641,7.07,C,C08,1.496196,4531.87,6780.57
43063,L27,12890,A20,B21,C30,PCS,621,7.07,C,C08,1.496196,4390.47,6569
43063,L27,12890,A20,B21,C30,PCS,52,7.07,C,C08,1.496196,367.64,550.06
43063,L27,12890,A20,B21,C30,PCS,218,7.07,C,C08,1.496196,1541.26,2306.03
43063,L27,12890,A20,B21,C30,PCS,782,7.07,C,C08,1.496196,5528.74,8272.08
43049,L27,12898,A13,B22,C39,PCS,920,6.31,C,C08,1.496196,5805.2,8685.72
43049,L27,12898,A13,B22,C39,PCS,321,6.31,C,C08,1.496196,2025.51,3030.56
43049,L27,12898,A13,B22,C39,PCS,209,6.31,C,C08,1.496196,1318.79,1973.17
43049,L27,12898,A13,B22,C39,PCS,195,6.31,C,C08,1.496196,1230.45,1840.99
43049,L27,12898,A13,B22,C39,PCS,177,6.31,C,C08,1.496196,1116.87,1671.06
43049,L27,12898,A13,B22,C39,PCS,207,6.31,C,C08,1.496196,1306.17,1954.29
43049,L27,12898,A13,B22,C39,PCS,337,6.31,C,C08,1.496196,2126.47,3181.62
43049,L27,12898,A13,B22,C39,PCS,333,6.31,C,C08,1.496196,2101.23,3143.85
43049,L27,12898,A13,B22,C39,PCS,631,6.31,C,C08,1.496196,3981.61,5957.27
43049,L27,12898,A13,B22,C39,PCS,524,6.31,C,C08,1.496196,3306.44,4947.08
43042,L27,13038,A13,B29,C36,PCS,764,9.8,D,C07,1.358577,7487.2,10171.94
43042,L27,13038,A13,B29,C36,PCS,209,9.8,D,C07,1.358577,2048.2,2782.64
43042,L27,13038,A13,B29,C36,PCS,710,9.8,D,C07,1.358577,6958,9452.98
43042,L27,13038,A13,B29,C36,PCS,132,9.8,D,C07,1.358577,1293.6,1757.46
43042,L27,13038,A13,B29,C36,PCS,191,9.8,D,C07,1.358577,1871.8,2542.98
43042,L27,13038,A13,B29,C36,PCS,137,9.8,D,C07,1.358577,1342.6,1824.03
43042,L27,13038,A13,B29,C36,PCS,918,9.8,D,C07,1.358577,8996.4,12222.3
43042,L27,13038,A13,B29,C36,PCS,761,9.8,D,C07,1.358577,7457.8,10132
43042,L27,13038,A13,B29,C36,PCS,609,9.8,D,C07,1.358577,5968.2,8108.26
43042,L27,13038,A13,B29,C36,PCS,462,9.8,D,C07,1.358577,4527.6,6151.09
43063,L27,13121,A10,B29,C35,PCS,905,8.13,C,C10,8.657656,7357.65,63700
43063,L27,13121,A10,B29,C35,PCS,326,8.13,C,C10,8.657656,2650.38,22946.08
43063,L27,13121,A10,B29,C35,PCS,357,8.13,C,C10,8.657656,2902.41,25128.07
43063,L27,13121,A10,B29,C35,PCS,710,8.13,C,C10,8.657656,5772.3,49974.59
43063,L27,13121,A10,B29,C35,PCS,419,8.13,C,C10,8.657656,3406.47,29492.05
43063,L27,13121,A10,B29,C35,PCS,353,8.13,C,C10,8.657656,2869.89,24846.52
43063,L27,13121,A10,B29,C35,PCS,167,8.13,C,C10,8.657656,1357.71,11754.59
43063,L27,13121,A10,B29,C35,PCS,540,8.13,C,C10,8.657656,4390.2,38008.84
43063,L27,13121,A10,B29,C35,PCS,446,8.13,C,C10,8.657656,3625.98,31392.49
43063,L27,13121,A10,B29,C35,PCS,503,8.13,C,C10,8.657656,4089.39,35404.53
43043,L27,13221,A14,B28,C37,PCS,805,2.04,D,C07,1.358577,1642.2,2231.06
43043,L27,13221,A14,B28,C37,PCS,327,2.04,D,C07,1.358577,667.08,906.28
43043,L27,13221,A14,B28,C37,PCS,135,2.04,D,C07,1.358577,275.4,374.15
43043,L27,13221,A14,B28,C37,PCS,280,2.04,D,C07,1.358577,571.2,776.02
43043,L27,13221,A14,B28,C37,PCS,575,2.04,D,C07,1.358577,1173,1593.61
43043,L27,13221,A14,B28,C37,PCS,658,2.04,D,C07,1.358577,1342.32,1823.65
43043,L27,13221,A14,B28,C37,PCS,57,2.04,D,C07,1.358577,116.28,157.98
43043,L27,13221,A14,B28,C37,PCS,56,2.04,D,C07,1.358577,114.24,155.2
43043,L27,13221,A14,B28,C37,PCS,927,2.04,D,C07,1.358577,1891.08,2569.18
43043,L27,13221,A14,B28,C37,PCS,907,2.04,D,C07,1.358577,1850.28,2513.75
43058,L27,13499,A18,B29,C32,PCS,515,3.29,C,C05,3.40242,1694.35,5764.89
43058,L27,13499,A18,B29,C32,PCS,566,3.29,C,C05,3.40242,1862.14,6335.78
43058,L27,13499,A18,B29,C32,PCS,862,3.29,C,C05,3.40242,2835.98,9649.2
43058,L27,13499,A18,B29,C32,PCS,895,3.29,C,C05,3.40242,2944.55,10018.6
43058,L27,13499,A18,B29,C32,PCS,306,3.29,C,C05,3.40242,1006.74,3425.35
43058,L27,13499,A18,B29,C32,PCS,668,3.29,C,C05,3.40242,2197.72,7477.57
43058,L27,13499,A18,B29,C32,PCS,526,3.29,C,C05,3.40242,1730.54,5888.02
43058,L27,13499,A18,B29,C32,PCS,795,3.29,C,C05,3.40242,2615.55,8899.2
43058,L27,13499,A18,B29,C32,PCS,925,3.29,C,C05,3.40242,3043.25,10354.41
43058,L27,13499,A18,B29,C32,PCS,477,3.29,C,C05,3.40242,1569.33,5339.52
43040,L27,13527,A18,B23,C32,PCS,768,6.44,C,C10,8.657656,4945.92,42820.07
43040,L27,13527,A18,B23,C32,PCS,755,6.44,C,C10,8.657656,4862.2,42095.26
43040,L27,13527,A18,B23,C32,PCS,338,6.44,C,C10,8.657656,2176.72,18845.29
43040,L27,13527,A18,B23,C32,PCS,506,6.44,C,C10,8.657656,3258.64,28212.18
43040,L27,13527,A18,B23,C32,PCS,170,6.44,C,C10,8.657656,1094.8,9478.4
43040,L27,13527,A18,B23,C32,PCS,999,6.44,C,C10,8.657656,6433.56,55699.55
43040,L27,13527,A18,B23,C32,PCS,690,6.44,C,C10,8.657656,4443.6,38471.16
43040,L27,13527,A18,B23,C32,PCS,446,6.44,C,C10,8.657656,2872.24,24866.87
43040,L27,13527,A18,B23,C32,PCS,422,6.44,C,C10,8.657656,2717.68,23528.74
43040,L27,13527,A18,B23,C32,PCS,377,6.44,C,C10,8.657656,2427.88,21019.75
43041,L27,13678,A20,B22,C37,PCS,167,9.68,D,C04,5.388146,1616.56,8710.26
43041,L27,13678,A20,B22,C37,PCS,882,9.68,D,C04,5.388146,8537.76,46002.7
43041,L27,13678,A20,B22,C37,PCS,335,9.68,D,C04,5.388146,3242.8,17472.68
43041,L27,13678,A20,B22,C37,PCS,888,9.68,D,C04,5.388146,8595.84,46315.64
43041,L27,13678,A20,B22,C37,PCS,390,9.68,D,C04,5.388146,3775.2,20341.33
43041,L27,13678,A20,B22,C37,PCS,473,9.68,D,C04,5.388146,4578.64,24670.38
43041,L27,13678,A20,B22,C37,PCS,601,9.68,D,C04,5.388146,5817.68,31346.51
43041,L27,13678,A20,B22,C37,PCS,812,9.68,D,C04,5.388146,7860.16,42351.69
43041,L27,13678,A20,B22,C37,PCS,598,9.68,D,C04,5.388146,5788.64,31190.04
43041,L27,13678,A20,B22,C37,PCS,462,9.68,D,C04,5.388146,4472.16,24096.65
43046,L27,13679,A17,B27,C37,PCS,842,1.6,D,C09,1.199464,1347.2,1615.92
43046,L27,13679,A17,B27,C37,PCS,182,1.6,D,C09,1.199464,291.2,349.28
43046,L27,13679,A17,B27,C37,PCS,293,1.6,D,C09,1.199464,468.8,562.31
43046,L27,13679,A17,B27,C37,PCS,781,1.6,D,C09,1.199464,1249.6,1498.85
43046,L27,13679,A17,B27,C37,PCS,411,1.6,D,C09,1.199464,657.6,788.77
43046,L27,13679,A17,B27,C37,PCS,982,1.6,D,C09,1.199464,1571.2,1884.6
43046,L27,13679,A17,B27,C37,PCS,392,1.6,D,C09,1.199464,627.2,752.3
43046,L27,13679,A17,B27,C37,PCS,827,1.6,D,C09,1.199464,1323.2,1587.13
43046,L27,13679,A17,B27,C37,PCS,462,1.6,D,C09,1.199464,739.2,886.64
43046,L27,13679,A17,B27,C37,PCS,494,1.6,D,C09,1.199464,790.4,948.06
43054,L27,13717,A10,B30,C35,PCS,216,8.97,C,C09,1.199464,1937.52,2323.99
43054,L27,13717,A10,B30,C35,PCS,991,8.97,C,C09,1.199464,8889.27,10662.36
43054,L27,13717,A10,B30,C35,PCS,630,8.97,C,C09,1.199464,5651.1,6778.29
43054,L27,13717,A10,B30,C35,PCS,804,8.97,C,C09,1.199464,7211.88,8650.39
43054,L27,13717,A10,B30,C35,PCS,116,8.97,C,C09,1.199464,1040.52,1248.07
43054,L27,13717,A10,B30,C35,PCS,320,8.97,C,C09,1.199464,2870.4,3442.94
43054,L27,13717,A10,B30,C35,PCS,82,8.97,C,C09,1.199464,735.54,882.25
43054,L27,13717,A10,B30,C35,PCS,421,8.97,C,C09,1.199464,3776.37,4529.62
43054,L27,13717,A10,B30,C35,PCS,372,8.97,C,C09,1.199464,3336.84,4002.42
43054,L27,13717,A10,B30,C35,PCS,967,8.97,C,C09,1.199464,8673.99,10404.14
43049,L27,13820,A11,B27,C38,PCS,159,5.96,D,C04,5.388146,947.64,5106.02
43049,L27,13820,A11,B27,C38,PCS,681,5.96,D,C04,5.388146,4058.76,21869.19
43049,L27,13820,A11,B27,C38,PCS,756,5.96,D,C04,5.388146,4505.76,24277.69
43049,L27,13820,A11,B27,C38,PCS,89,5.96,D,C04,5.388146,530.44,2858.09
43049,L27,13820,A11,B27,C38,PCS,356,5.96,D,C04,5.388146,2121.76,11432.35
43049,L27,13820,A11,B27,C38,PCS,404,5.96,D,C04,5.388146,2407.84,12973.79
43049,L27,13820,A11,B27,C38,PCS,575,5.96,D,C04,5.388146,3427,18465.18
43049,L27,13820,A11,B27,C38,PCS,566,5.96,D,C04,5.388146,3373.36,18176.16
43049,L27,13820,A11,B27,C38,PCS,810,5.96,D,C04,5.388146,4827.6,26011.81
43049,L27,13820,A11,B27,C38,PCS,6,5.96,D,C04,5.388146,35.76,192.68
43046,L27,13821,A10,B26,C33,PCS,690,5.24,C,C10,8.657656,3615.6,31302.62
43046,L27,13821,A10,B26,C33,PCS,817,5.24,C,C10,8.657656,4281.08,37064.12
43046,L27,13821,A10,B26,C33,PCS,576,5.24,C,C10,8.657656,3018.24,26130.88
43046,L27,13821,A10,B26,C33,PCS,478,5.24,C,C10,8.657656,2504.72,21685
43046,L27,13821,A10,B26,C33,PCS,797,5.24,C,C10,8.657656,4176.28,36156.8
43046,L27,13821,A10,B26,C33,PCS,750,5.24,C,C10,8.657656,3930,34024.59
43046,L27,13821,A10,B26,C33,PCS,751,5.24,C,C10,8.657656,3935.24,34069.95
43046,L27,13821,A10,B26,C33,PCS,446,5.24,C,C10,8.657656,2337.04,20233.29
43046,L27,13821,A10,B26,C33,PCS,253,5.24,C,C10,8.657656,1325.72,11477.63
43046,L27,13821,A10,B26,C33,PCS,327,5.24,C,C10,8.657656,1713.48,14834.72
43059,L27,13932,A10,B22,C34,PCS,223,3.54,D,C10,8.657656,789.42,6834.53
43059,L27,13932,A10,B22,C34,PCS,386,3.54,D,C10,8.657656,1366.44,11830.17
43059,L27,13932,A10,B22,C34,PCS,354,3.54,D,C10,8.657656,1253.16,10849.43
43059,L27,13932,A10,B22,C34,PCS,554,3.54,D,C10,8.657656,1961.16,16979.05
43059,L27,13932,A10,B22,C34,PCS,838,3.54,D,C10,8.657656,2966.52,25683.11
43059,L27,13932,A10,B22,C34,PCS,441,3.54,D,C10,8.657656,1561.14,13515.81
43059,L27,13932,A10,B22,C34,PCS,505,3.54,D,C10,8.657656,1787.7,15477.29
43059,L27,13932,A10,B22,C34,PCS,629,3.54,D,C10,8.657656,2226.66,19277.66
43059,L27,13932,A10,B22,C34,PCS,682,3.54,D,C10,8.657656,2414.28,20902.01
43059,L27,13932,A10,B22,C34,PCS,80,3.54,D,C10,8.657656,283.2,2451.85
43061,L27,14271,A11,B29,C40,PCS,206,1.27,C,C03,7.133317,261.62,1866.22
43061,L27,14271,A11,B29,C40,PCS,701,1.27,C,C03,7.133317,890.27,6350.58
43061,L27,14271,A11,B29,C40,PCS,490,1.27,C,C03,7.133317,622.3,4439.06
43061,L27,14271,A11,B29,C40,PCS,399,1.27,C,C03,7.133317,506.73,3614.67
43061,L27,14271,A11,B29,C40,PCS,809,1.27,C,C03,7.133317,1027.43,7328.98
43061,L27,14271,A11,B29,C40,PCS,916,1.27,C,C03,7.133317,1163.32,8298.33
43061,L27,14271,A11,B29,C40,PCS,626,1.27,C,C03,7.133317,795.02,5671.13
43061,L27,14271,A11,B29,C40,PCS,497,1.27,C,C03,7.133317,631.19,4502.48
43061,L27,14271,A11,B29,C40,PCS,41,1.27,C,C03,7.133317,52.07,371.43
43061,L27,14271,A11,B29,C40,PCS,894,1.27,C,C03,7.133317,1135.38,8099.03
43040,L27,14386,A14,B21,C39,PCS,132,6.44,C,C10,8.657656,850.08,7359.7
43040,L27,14386,A14,B21,C39,PCS,385,6.44,C,C10,8.657656,2479.4,21465.79
43040,L27,14386,A14,B21,C39,PCS,984,6.44,C,C10,8.657656,6336.96,54863.22
43040,L27,14386,A14,B21,C39,PCS,846,6.44,C,C10,8.657656,5448.24,47168.99
43040,L27,14386,A14,B21,C39,PCS,869,6.44,C,C10,8.657656,5596.36,48451.36
43040,L27,14386,A14,B21,C39,PCS,45,6.44,C,C10,8.657656,289.8,2508.99
43040,L27,14386,A14,B21,C39,PCS,228,6.44,C,C10,8.657656,1468.32,12712.21
43040,L27,14386,A14,B21,C39,PCS,219,6.44,C,C10,8.657656,1410.36,12210.41
43040,L27,14386,A14,B21,C39,PCS,748,6.44,C,C10,8.657656,4817.12,41704.97
43040,L27,14386,A14,B21,C39,PCS,230,6.44,C,C10,8.657656,1481.2,12823.72
43049,L27,14417,A19,B25,C31,PCS,433,5.96,D,C04,5.388146,2580.68,13905.08
43049,L27,14417,A19,B25,C31,PCS,346,5.96,D,C04,5.388146,2062.16,11111.22
43049,L27,14417,A19,B25,C31,PCS,818,5.96,D,C04,5.388146,4875.28,26268.72
43049,L27,14417,A19,B25,C31,PCS,162,5.96,D,C04,5.388146,965.52,5202.36
43049,L27,14417,A19,B25,C31,PCS,660,5.96,D,C04,5.388146,3933.6,21194.81
43049,L27,14417,A19,B25,C31,PCS,808,5.96,D,C04,5.388146,4815.68,25947.59
43049,L27,14417,A19,B25,C31,PCS,928,5.96,D,C04,5.388146,5530.88,29801.19
43049,L27,14417,A19,B25,C31,PCS,770,5.96,D,C04,5.388146,4589.2,24727.28
43049,L27,14417,A19,B25,C31,PCS,386,5.96,D,C04,5.388146,2300.56,12395.75
43049,L27,14417,A19,B25,C31,PCS,99,5.96,D,C04,5.388146,590.04,3179.22
43059,L27,14449,A16,B21,C38,PCS,600,1.2,D,C09,1.199464,720,863.61
43059,L27,14449,A16,B21,C38,PCS,512,1.2,D,C09,1.199464,614.4,736.95
43059,L27,14449,A16,B21,C38,PCS,13,1.2,D,C09,1.199464,15.6,18.71
43059,L27,14449,A16,B21,C38,PCS,888,1.2,D,C09,1.199464,1065.6,1278.15
43059,L27,14449,A16,B21,C38,PCS,708,1.2,D,C09,1.199464,849.6,1019.06
43059,L27,14449,A16,B21,C38,PCS,280,1.2,D,C09,1.199464,336,403.02
43059,L27,14449,A16,B21,C38,PCS,174,1.2,D,C09,1.199464,208.8,250.45
43059,L27,14449,A16,B21,C38,PCS,150,1.2,D,C09,1.199464,180,215.9
43059,L27,14449,A16,B21,C38,PCS,104,1.2,D,C09,1.199464,124.8,149.69
43059,L27,14449,A16,B21,C38,PCS,153,1.2,D,C09,1.199464,183.6,220.22
43067,L27,14888,A17,B26,C31,PCS,159,7.68,C,C10,8.657656,1221.12,10572.04
43067,L27,14888,A17,B26,C31,PCS,596,7.68,C,C10,8.657656,4577.28,39628.52
43067,L27,14888,A17,B26,C31,PCS,97,7.68,C,C10,8.657656,744.96,6449.61
43067,L27,14888,A17,B26,C31,PCS,384,7.68,C,C10,8.657656,2949.12,25532.47
43067,L27,14888,A17,B26,C31,PCS,522,7.68,C,C10,8.657656,4008.96,34708.2
43067,L27,14888,A17,B26,C31,PCS,780,7.68,C,C10,8.657656,5990.4,51862.82
43067,L27,14888,A17,B26,C31,PCS,628,7.68,C,C10,8.657656,4823.04,41756.22
43067,L27,14888,A17,B26,C31,PCS,233,7.68,C,C10,8.657656,1789.44,15492.36
43067,L27,14888,A17,B26,C31,PCS,97,7.68,C,C10,8.657656,744.96,6449.61
43067,L27,14888,A17,B26,C31,PCS,301,7.68,C,C10,8.657656,2311.68,20013.73
43052,L27,14896,A18,B21,C31,PCS,231,4.19,D,C09,1.199464,967.89,1160.95
43052,L27,14896,A18,B21,C31,PCS,602,4.19,D,C09,1.199464,2522.38,3025.5
43052,L27,14896,A18,B21,C31,PCS,522,4.19,D,C09,1.199464,2187.18,2623.44
43052,L27,14896,A18,B21,C31,PCS,358,4.19,D,C09,1.199464,1500.02,1799.22
43052,L27,14896,A18,B21,C31,PCS,745,4.19,D,C09,1.199464,3121.55,3744.19
43052,L27,14896,A18,B21,C31,PCS,787,4.19,D,C09,1.199464,3297.53,3955.27
43052,L27,14896,A18,B21,C31,PCS,278,4.19,D,C09,1.199464,1164.82,1397.16
43052,L27,14896,A18,B21,C31,PCS,317,4.19,D,C09,1.199464,1328.23,1593.16
43052,L27,14896,A18,B21,C31,PCS,885,4.19,D,C09,1.199464,3708.15,4447.79
43052,L27,14896,A18,B21,C31,PCS,466,4.19,D,C09,1.199464,1952.54,2342
43049,L27,14926,A17,B22,C37,PCS,471,5.96,C,C04,5.388146,2807.16,15125.39
43049,L27,14926,A17,B22,C37,PCS,909,5.96,C,C04,5.388146,5417.64,29191.04
43049,L27,14926,A17,B22,C37,PCS,346,5.96,C,C04,5.388146,2062.16,11111.22
43049,L27,14926,A17,B22,C37,PCS,131,5.96,C,C04,5.388146,780.76,4206.85
43049,L27,14926,A17,B22,C37,PCS,543,5.96,C,C04,5.388146,3236.28,17437.55
43049,L27,14926,A17,B22,C37,PCS,438,5.96,C,C04,5.388146,2610.48,14065.65
43049,L27,14926,A17,B22,C37,PCS,824,5.96,C,C04,5.388146,4911.04,26461.4
43049,L27,14926,A17,B22,C37,PCS,605,5.96,C,C04,5.388146,3605.8,19428.58
43049,L27,14926,A17,B22,C37,PCS,32,5.96,C,C04,5.388146,190.72,1027.63
43049,L27,14926,A17,B22,C37,PCS,26,5.96,C,C04,5.388146,154.96,834.95
43064,L27,15098,A10,B29,C34,PCS,656,4.2,C,C09,1.199464,2755.2,3304.76
43064,L27,15098,A10,B29,C34,PCS,206,4.2,C,C09,1.199464,865.2,1037.78
43064,L27,15098,A10,B29,C34,PCS,903,4.2,C,C09,1.199464,3792.6,4549.09
43064,L27,15098,A10,B29,C34,PCS,71,4.2,C,C09,1.199464,298.2,357.68
43064,L27,15098,A10,B29,C34,PCS,699,4.2,C,C09,1.199464,2935.8,3521.39
43064,L27,15098,A10,B29,C34,PCS,430,4.2,C,C09,1.199464,1806,2166.23
43064,L27,15098,A10,B29,C34,PCS,642,4.2,C,C09,1.199464,2696.4,3234.23
43064,L27,15098,A10,B29,C34,PCS,875,4.2,C,C09,1.199464,3675,4408.03
43064,L27,15098,A10,B29,C34,PCS,943,4.2,C,C09,1.199464,3960.6,4750.6
43064,L27,15098,A10,B29,C34,PCS,455,4.2,C,C09,1.199464,1911,2292.18
43043,L27,15219,A14,B21,C34,PCS,981,2.28,C,C04,5.388146,2236.68,12051.56
43043,L27,15219,A14,B21,C34,PCS,836,2.28,C,C04,5.388146,1906.08,10270.24
43043,L27,15219,A14,B21,C34,PCS,937,2.28,C,C04,5.388146,2136.36,11511.02
43043,L27,15219,A14,B21,C34,PCS,386,2.28,C,C04,5.388146,880.08,4742
43043,L27,15219,A14,B21,C34,PCS,559,2.28,C,C04,5.388146,1274.52,6867.3
43043,L27,15219,A14,B21,C34,PCS,39,2.28,C,C04,5.388146,88.92,479.11
43043,L27,15219,A14,B21,C34,PCS,912,2.28,C,C04,5.388146,2079.36,11203.9
43043,L27,15219,A14,B21,C34,PCS,407,2.28,C,C04,5.388146,927.96,4999.98
43043,L27,15219,A14,B21,C34,PCS,492,2.28,C,C04,5.388146,1121.76,6044.21
43043,L27,15219,A14,B21,C34,PCS,363,2.28,C,C04,5.388146,827.64,4459.45
43051,L27,15318,A16,B22,C39,PCS,757,7.45,C,C06,3.547054,5639.65,20004.14
43051,L27,15318,A16,B22,C39,PCS,646,7.45,C,C06,3.547054,4812.7,17070.91
43051,L27,15318,A16,B22,C39,PCS,888,7.45,C,C06,3.547054,6615.6,23465.89
43051,L27,15318,A16,B22,C39,PCS,285,7.45,C,C06,3.547054,2123.25,7531.28
43051,L27,15318,A16,B22,C39,PCS,985,7.45,C,C06,3.547054,7338.25,26029.17
43051,L27,15318,A16,B22,C39,PCS,898,7.45,C,C06,3.547054,6690.1,23730.15
43051,L27,15318,A16,B22,C39,PCS,269,7.45,C,C06,3.547054,2004.05,7108.47
43051,L27,15318,A16,B22,C39,PCS,488,7.45,C,C06,3.547054,3635.6,12895.67
43051,L27,15318,A16,B22,C39,PCS,718,7.45,C,C06,3.547054,5349.1,18973.55
43051,L27,15318,A16,B22,C39,PCS,551,7.45,C,C06,3.547054,4104.95,14560.48
43041,L27,15371,A14,B28,C30,PCS,904,8.61,D,C06,3.547054,7783.44,27608.28
43041,L27,15371,A14,B28,C30,PCS,624,8.61,D,C06,3.547054,5372.64,19057.04
43041,L27,15371,A14,B28,C30,PCS,627,8.61,D,C06,3.547054,5398.47,19148.66
43041,L27,15371,A14,B28,C30,PCS,205,8.61,D,C06,3.547054,1765.05,6260.73
43041,L27,15371,A14,B28,C30,PCS,82,8.61,D,C06,3.547054,706.02,2504.29
43041,L27,15371,A14,B28,C30,PCS,255,8.61,D,C06,3.547054,2195.55,7787.73
43041,L27,15371,A14,B28,C30,PCS,357,8.61,D,C06,3.547054,3073.77,10902.83
43041,L27,15371,A14,B28,C30,PCS,34,8.61,D,C06,3.547054,292.74,1038.36
43041,L27,15371,A14,B28,C30,PCS,156,8.61,D,C06,3.547054,1343.16,4764.26
43041,L27,15371,A14,B28,C30,PCS,729,8.61,D,C06,3.547054,6276.69,22263.76
43046,L27,15393,A20,B21,C33,PCS,659,7.6,D,C07,1.358577,5008.4,6804.3
43046,L27,15393,A20,B21,C33,PCS,89,7.6,D,C07,1.358577,676.4,918.94
43046,L27,15393,A20,B21,C33,PCS,344,7.6,D,C07,1.358577,2614.4,3551.86
43046,L27,15393,A20,B21,C33,PCS,866,7.6,D,C07,1.358577,6581.6,8941.61
43046,L27,15393,A20,B21,C33,PCS,607,7.6,D,C07,1.358577,4613.2,6267.39
43046,L27,15393,A20,B21,C33,PCS,723,7.6,D,C07,1.358577,5494.8,7465.11
43046,L27,15393,A20,B21,C33,PCS,909,7.6,D,C07,1.358577,6908.4,9385.59
43046,L27,15393,A20,B21,C33,PCS,660,7.6,D,C07,1.358577,5016,6814.62
43046,L27,15393,A20,B21,C33,PCS,841,7.6,D,C07,1.358577,6391.6,8683.48
43046,L27,15393,A20,B21,C33,PCS,210,7.6,D,C07,1.358577,1596,2168.29
43063,L27,15779,A20,B30,C32,PCS,640,8.13,C,C10,8.657656,5203.2,45047.52
43063,L27,15779,A20,B30,C32,PCS,839,8.13,C,C10,8.657656,6821.07,59054.48
43063,L27,15779,A20,B30,C32,PCS,322,8.13,C,C10,8.657656,2617.86,22664.53
43063,L27,15779,A20,B30,C32,PCS,449,8.13,C,C10,8.657656,3650.37,31603.65
43063,L27,15779,A20,B30,C32,PCS,934,8.13,C,C10,8.657656,7593.42,65741.22
43063,L27,15779,A20,B30,C32,PCS,901,8.13,C,C10,8.657656,7325.13,63418.46
43063,L27,15779,A20,B30,C32,PCS,614,8.13,C,C10,8.657656,4991.82,43217.46
43063,L27,15779,A20,B30,C32,PCS,128,8.13,C,C10,8.657656,1040.64,9009.5
43063,L27,15779,A20,B30,C32,PCS,653,8.13,C,C10,8.657656,5308.89,45962.54
43063,L27,15779,A20,B30,C32,PCS,335,8.13,C,C10,8.657656,2723.55,23579.56
43065,L27,15784,A18,B30,C35,PCS,105,5.66,C,C07,1.358577,594.3,807.4
43065,L27,15784,A18,B30,C35,PCS,620,5.66,C,C07,1.358577,3509.2,4767.52
43065,L27,15784,A18,B30,C35,PCS,112,5.66,C,C07,1.358577,633.92,861.23
43065,L27,15784,A18,B30,C35,PCS,456,5.66,C,C07,1.358577,2580.96,3506.43
43065,L27,15784,A18,B30,C35,PCS,355,5.66,C,C07,1.358577,2009.3,2729.79
43065,L27,15784,A18,B30,C35,PCS,622,5.66,C,C07,1.358577,3520.52,4782.9
43065,L27,15784,A18,B30,C35,PCS,413,5.66,C,C07,1.358577,2337.58,3175.78
43065,L27,15784,A18,B30,C35,PCS,643,5.66,C,C07,1.358577,3639.38,4944.38
43065,L27,15784,A18,B30,C35,PCS,478,5.66,C,C07,1.358577,2705.48,3675.6
43065,L27,15784,A18,B30,C35,PCS,476,5.66,C,C07,1.358577,2694.16,3660.22
43052,L27,15809,A12,B25,C33,PCS,105,4.28,D,C06,3.547054,449.4,1594.05
43052,L27,15809,A12,B25,C33,PCS,986,4.28,D,C06,3.547054,4220.08,14968.85
43052,L27,15809,A12,B25,C33,PCS,134,4.28,D,C06,3.547054,573.52,2034.31
43052,L27,15809,A12,B25,C33,PCS,373,4.28,D,C06,3.547054,1596.44,5662.66
43052,L27,15809,A12,B25,C33,PCS,245,4.28,D,C06,3.547054,1048.6,3719.44
43052,L27,15809,A12,B25,C33,PCS,738,4.28,D,C06,3.547054,3158.64,11203.87
43052,L27,15809,A12,B25,C33,PCS,915,4.28,D,C06,3.547054,3916.2,13890.97
43052,L27,15809,A12,B25,C33,PCS,7,4.28,D,C06,3.547054,29.96,106.27
43052,L27,15809,A12,B25,C33,PCS,43,4.28,D,C06,3.547054,184.04,652.8
43052,L27,15809,A12,B25,C33,PCS,187,4.28,D,C06,3.547054,800.36,2838.92
43058,L27,15831,A13,B25,C31,PCS,962,8.19,C,C06,3.547054,7878.78,27946.46
43058,L27,15831,A13,B25,C31,PCS,638,8.19,C,C06,3.547054,5225.22,18534.14
43058,L27,15831,A13,B25,C31,PCS,182,8.19,C,C06,3.547054,1490.58,5287.17
43058,L27,15831,A13,B25,C31,PCS,65,8.19,C,C06,3.547054,532.35,1888.27
43058,L27,15831,A13,B25,C31,PCS,206,8.19,C,C06,3.547054,1687.14,5984.38
43058,L27,15831,A13,B25,C31,PCS,19,8.19,C,C06,3.547054,155.61,551.96
43058,L27,15831,A13,B25,C31,PCS,191,8.19,C,C06,3.547054,1564.29,5548.62
43058,L27,15831,A13,B25,C31,PCS,298,8.19,C,C06,3.547054,2440.62,8657.01
43058,L27,15831,A13,B25,C31,PCS,775,8.19,C,C06,3.547054,6347.25,22514.04
43058,L27,15831,A13,B25,C31,PCS,403,8.19,C,C06,3.547054,3300.57,11707.3
43049,L27,15876,A11,B27,C40,PCS,833,8.78,D,C02,9.912483,7313.74,72497.32
43049,L27,15876,A11,B27,C40,PCS,166,8.78,D,C02,9.912483,1457.48,14447.25
43049,L27,15876,A11,B27,C40,PCS,632,8.78,D,C02,9.912483,5548.96,55003.97
43049,L27,15876,A11,B27,C40,PCS,311,8.78,D,C02,9.912483,2730.58,27066.83
43049,L27,15876,A11,B27,C40,PCS,920,8.78,D,C02,9.912483,8077.6,80069.07
43049,L27,15876,A11,B27,C40,PCS,687,8.78,D,C02,9.912483,6031.86,59790.71
43049,L27,15876,A11,B27,C40,PCS,311,8.78,D,C02,9.912483,2730.58,27066.83
43049,L27,15876,A11,B27,C40,PCS,26,8.78,D,C02,9.912483,228.28,2262.82
43049,L27,15876,A11,B27,C40,PCS,104,8.78,D,C02,9.912483,913.12,9051.29
43049,L27,15876,A11,B27,C40,PCS,114,8.78,D,C02,9.912483,1000.92,9921.6
43046,L27,15918,A13,B26,C34,PCS,658,5.24,D,C10,8.657656,3447.92,29850.91
43046,L27,15918,A13,B26,C34,PCS,951,5.24,D,C10,8.657656,4983.24,43143.18
43046,L27,15918,A13,B26,C34,PCS,16,5.24,D,C10,8.657656,83.84,725.86
43046,L27,15918,A13,B26,C34,PCS,692,5.24,D,C10,8.657656,3626.08,31393.35
43046,L27,15918,A13,B26,C34,PCS,532,5.24,D,C10,8.657656,2787.68,24134.77
43046,L27,15918,A13,B26,C34,PCS,892,5.24,D,C10,8.657656,4674.08,40466.58
43046,L27,15918,A13,B26,C34,PCS,799,5.24,D,C10,8.657656,4186.76,36247.53
43046,L27,15918,A13,B26,C34,PCS,372,5.24,D,C10,8.657656,1949.28,16876.2
43046,L27,15918,A13,B26,C34,PCS,436,5.24,D,C10,8.657656,2284.64,19779.63
43046,L27,15918,A13,B26,C34,PCS,373,5.24,D,C10,8.657656,1954.52,16921.56
43042,L27,15970,A12,B20,C39,PCS,268,9.94,D,C03,7.133317,2663.92,19002.59
43042,L27,15970,A12,B20,C39,PCS,698,9.94,D,C03,7.133317,6938.12,49491.81
43042,L27,15970,A12,B20,C39,PCS,143,9.94,D,C03,7.133317,1421.42,10139.44
43042,L27,15970,A12,B20,C39,PCS,671,9.94,D,C03,7.133317,6669.74,47577.37
43042,L27,15970,A12,B20,C39,PCS,864,9.94,D,C03,7.133317,8588.16,61262.07
43042,L27,15970,A12,B20,C39,PCS,527,9.94,D,C03,7.133317,5238.38,37367.03
43042,L27,15970,A12,B20,C39,PCS,553,9.94,D,C03,7.133317,5496.82,39210.56
43042,L27,15970,A12,B20,C39,PCS,63,9.94,D,C03,7.133317,626.22,4467.03
43042,L27,15970,A12,B20,C39,PCS,981,9.94,D,C03,7.133317,9751.14,69557.97
43042,L27,15970,A12,B20,C39,PCS,421,9.94,D,C03,7.133317,4184.74,29851.08
43048,L27,16027,A15,B28,C31,PCS,242,6.95,C,C01,6.825646,1681.9,11480.05
43048,L27,16027,A15,B28,C31,PCS,966,6.95,C,C01,6.825646,6713.7,45825.34
43048,L27,16027,A15,B28,C31,PCS,344,6.95,C,C01,6.825646,2390.8,16318.75
43048,L27,16027,A15,B28,C31,PCS,860,6.95,C,C01,6.825646,5977,40796.89
43048,L27,16027,A15,B28,C31,PCS,693,6.95,C,C01,6.825646,4816.35,32874.7
43048,L27,16027,A15,B28,C31,PCS,535,6.95,C,C01,6.825646,3718.25,25379.46
43048,L27,16027,A15,B28,C31,PCS,862,6.95,C,C01,6.825646,5990.9,40891.76
43048,L27,16027,A15,B28,C31,PCS,490,6.95,C,C01,6.825646,3405.5,23244.74
43048,L27,16027,A15,B28,C31,PCS,232,6.95,C,C01,6.825646,1612.4,11005.67
43048,L27,16027,A15,B28,C31,PCS,210,6.95,C,C01,6.825646,1459.5,9962.03
43048,L27,16181,A12,B20,C39,PCS,234,1.19,C,C04,5.388146,278.46,1500.38
43048,L27,16181,A12,B20,C39,PCS,3,1.19,C,C04,5.388146,3.57,19.24
43048,L27,16181,A12,B20,C39,PCS,167,1.19,C,C04,5.388146,198.73,1070.79
43048,L27,16181,A12,B20,C39,PCS,268,1.19,C,C04,5.388146,318.92,1718.39
43048,L27,16181,A12,B20,C39,PCS,157,1.19,C,C04,5.388146,186.83,1006.67
43048,L27,16181,A12,B20,C39,PCS,658,1.19,C,C04,5.388146,783.02,4219.03
43048,L27,16181,A12,B20,C39,PCS,937,1.19,C,C04,5.388146,1115.03,6007.94
43048,L27,16181,A12,B20,C39,PCS,306,1.19,C,C04,5.388146,364.14,1962.04
43048,L27,16181,A12,B20,C39,PCS,235,1.19,C,C04,5.388146,279.65,1506.8
43048,L27,16181,A12,B20,C39,PCS,303,1.19,C,C04,5.388146,360.57,1942.8
43048,L27,16277,A18,B25,C34,PCS,61,1.19,D,C04,5.388146,72.59,391.13
43048,L27,16277,A18,B25,C34,PCS,409,1.19,D,C04,5.388146,486.71,2622.46
43048,L27,16277,A18,B25,C34,PCS,60,1.19,D,C04,5.388146,71.4,384.71
43048,L27,16277,A18,B25,C34,PCS,717,1.19,D,C04,5.388146,853.23,4597.33
43048,L27,16277,A18,B25,C34,PCS,982,1.19,D,C04,5.388146,1168.58,6296.48
43048,L27,16277,A18,B25,C34,PCS,969,1.19,D,C04,5.388146,1153.11,6213.13
43048,L27,16277,A18,B25,C34,PCS,829,1.19,D,C04,5.388146,986.51,5315.46
43048,L27,16277,A18,B25,C34,PCS,318,1.19,D,C04,5.388146,378.42,2038.98
43048,L27,16277,A18,B25,C34,PCS,747,1.19,D,C04,5.388146,888.93,4789.68
43048,L27,16277,A18,B25,C34,PCS,154,1.19,D,C04,5.388146,183.26,987.43
43053,L27,16291,A14,B21,C33,PCS,663,1.08,C,C02,9.912483,716.04,7097.73
43053,L27,16291,A14,B21,C33,PCS,390,1.08,C,C02,9.912483,421.2,4175.14
43053,L27,16291,A14,B21,C33,PCS,431,1.08,C,C02,9.912483,465.48,4614.06
43053,L27,16291,A14,B21,C33,PCS,795,1.08,C,C02,9.912483,858.6,8510.86
43053,L27,16291,A14,B21,C33,PCS,741,1.08,C,C02,9.912483,800.28,7932.76
43053,L27,16291,A14,B21,C33,PCS,107,1.08,C,C02,9.912483,115.56,1145.49
43053,L27,16291,A14,B21,C33,PCS,202,1.08,C,C02,9.912483,218.16,2162.51
43053,L27,16291,A14,B21,C33,PCS,441,1.08,C,C02,9.912483,476.28,4721.12
43053,L27,16291,A14,B21,C33,PCS,802,1.08,C,C02,9.912483,866.16,8585.8
43053,L27,16291,A14,B21,C33,PCS,133,1.08,C,C02,9.912483,143.64,1423.83
43050,L27,16348,A16,B25,C37,PCS,429,2.17,C,C03,7.133317,930.93,6640.62
43050,L27,16348,A16,B25,C37,PCS,701,2.17,C,C03,7.133317,1521.17,10850.99
43050,L27,16348,A16,B25,C37,PCS,88,2.17,C,C03,7.133317,190.96,1362.18
43050,L27,16348,A16,B25,C37,PCS,388,2.17,C,C03,7.133317,841.96,6005.97
43050,L27,16348,A16,B25,C37,PCS,217,2.17,C,C03,7.133317,470.89,3359.01
43050,L27,16348,A16,B25,C37,PCS,166,2.17,C,C03,7.133317,360.22,2569.56
43050,L27,16348,A16,B25,C37,PCS,17,2.17,C,C03,7.133317,36.89,263.15
43050,L27,16348,A16,B25,C37,PCS,845,2.17,C,C03,7.133317,1833.65,13080.01
43050,L27,16348,A16,B25,C37,PCS,107,2.17,C,C03,7.133317,232.19,1656.28
43050,L27,16348,A16,B25,C37,PCS,966,2.17,C,C03,7.133317,2096.22,14953
43046,L27,16426,A20,B26,C36,PCS,423,5.05,C,C08,1.496196,2136.15,3196.1
43046,L27,16426,A20,B26,C36,PCS,253,5.05,C,C08,1.496196,1277.65,1911.61
43046,L27,16426,A20,B26,C36,PCS,426,5.05,C,C08,1.496196,2151.3,3218.77
43046,L27,16426,A20,B26,C36,PCS,40,5.05,C,C08,1.496196,202,302.23
43046,L27,16426,A20,B26,C36,PCS,192,5.05,C,C08,1.496196,969.6,1450.71
43046,L27,16426,A20,B26,C36,PCS,253,5.05,C,C08,1.496196,1277.65,1911.61
43046,L27,16426,A20,B26,C36,PCS,985,5.05,C,C08,1.496196,4974.25,7442.45
43046,L27,16426,A20,B26,C36,PCS,477,5.05,C,C08,1.496196,2408.85,3604.11
43046,L27,16426,A20,B26,C36,PCS,838,5.05,C,C08,1.496196,4231.9,6331.75
43046,L27,16426,A20,B26,C36,PCS,596,5.05,C,C08,1.496196,3009.8,4503.25
43043,L27,16626,A10,B21,C30,PCS,776,2.24,C,C01,6.825646,1738.24,11864.61
43043,L27,16626,A10,B21,C30,PCS,812,2.24,C,C01,6.825646,1818.88,12415.03
43043,L27,16626,A10,B21,C30,PCS,82,2.24,C,C01,6.825646,183.68,1253.73
43043,L27,16626,A10,B21,C30,PCS,363,2.24,C,C01,6.825646,813.12,5550.07
43043,L27,16626,A10,B21,C30,PCS,827,2.24,C,C01,6.825646,1852.48,12644.37
43043,L27,16626,A10,B21,C30,PCS,601,2.24,C,C01,6.825646,1346.24,9188.96
43043,L27,16626,A10,B21,C30,PCS,279,2.24,C,C01,6.825646,624.96,4265.76
43043,L27,16626,A10,B21,C30,PCS,105,2.24,C,C01,6.825646,235.2,1605.39
43043,L27,16626,A10,B21,C30,PCS,724,2.24,C,C01,6.825646,1621.76,11069.56
43043,L27,16626,A10,B21,C30,PCS,18,2.24,C,C01,6.825646,40.32,275.21
43052,L27,16639,A13,B22,C38,PCS,410,4.19,D,C09,1.199464,1717.9,2060.56
43052,L27,16639,A13,B22,C38,PCS,435,4.19,D,C09,1.199464,1822.65,2186.2
43052,L27,16639,A13,B22,C38,PCS,241,4.19,D,C09,1.199464,1009.79,1211.21
43052,L27,16639,A13,B22,C38,PCS,511,4.19,D,C09,1.199464,2141.09,2568.16
43052,L27,16639,A13,B22,C38,PCS,672,4.19,D,C09,1.199464,2815.68,3377.31
43052,L27,16639,A13,B22,C38,PCS,429,4.19,D,C09,1.199464,1797.51,2156.05
43052,L27,16639,A13,B22,C38,PCS,545,4.19,D,C09,1.199464,2283.55,2739.04
43052,L27,16639,A13,B22,C38,PCS,400,4.19,D,C09,1.199464,1676,2010.3
43052,L27,16639,A13,B22,C38,PCS,851,4.19,D,C09,1.199464,3565.69,4276.92
43052,L27,16639,A13,B22,C38,PCS,401,4.19,D,C09,1.199464,1680.19,2015.33
43051,L27,16857,A19,B29,C39,PCS,632,3.45,D,C03,7.133317,2180.4,15553.48
43051,L27,16857,A19,B29,C39,PCS,445,3.45,D,C03,7.133317,1535.25,10951.42
43051,L27,16857,A19,B29,C39,PCS,757,3.45,D,C03,7.133317,2611.65,18629.73
43051,L27,16857,A19,B29,C39,PCS,218,3.45,D,C03,7.133317,752.1,5364.97
43051,L27,16857,A19,B29,C39,PCS,95,3.45,D,C03,7.133317,327.75,2337.94
43051,L27,16857,A19,B29,C39,PCS,780,3.45,D,C03,7.133317,2691,19195.76
43051,L27,16857,A19,B29,C39,PCS,820,3.45,D,C03,7.133317,2829,20180.15
43051,L27,16857,A19,B29,C39,PCS,87,3.45,D,C03,7.133317,300.15,2141.07
43051,L27,16857,A19,B29,C39,PCS,569,3.45,D,C03,7.133317,1963.05,14003.06
43051,L27,16857,A19,B29,C39,PCS,339,3.45,D,C03,7.133317,1169.55,8342.77
43043,L27,16952,A17,B21,C30,PCS,410,2.04,C,C07,1.358577,836.4,1136.31
43043,L27,16952,A17,B21,C30,PCS,529,2.04,C,C07,1.358577,1079.16,1466.12
43043,L27,16952,A17,B21,C30,PCS,161,2.04,C,C07,1.358577,328.44,446.21
43043,L27,16952,A17,B21,C30,PCS,952,2.04,C,C07,1.358577,1942.08,2638.47
43043,L27,16952,A17,B21,C30,PCS,358,2.04,C,C07,1.358577,730.32,992.2
43043,L27,16952,A17,B21,C30,PCS,259,2.04,C,C07,1.358577,528.36,717.82
43043,L27,16952,A17,B21,C30,PCS,484,2.04,C,C07,1.358577,987.36,1341.4
43043,L27,16952,A17,B21,C30,PCS,929,2.04,C,C07,1.358577,1895.16,2574.72
43043,L27,16952,A17,B21,C30,PCS,979,2.04,C,C07,1.358577,1997.16,2713.3
43043,L27,16952,A17,B21,C30,PCS,541,2.04,C,C07,1.358577,1103.64,1499.38
43069,L27,17029,A16,B23,C30,PCS,458,2.27,D,C05,3.40242,1039.66,3537.36
43069,L27,17029,A16,B23,C30,PCS,933,2.27,D,C05,3.40242,2117.91,7206.02
43069,L27,17029,A16,B23,C30,PCS,934,2.27,D,C05,3.40242,2120.18,7213.74
43069,L27,17029,A16,B23,C30,PCS,361,2.27,D,C05,3.40242,819.47,2788.18
43069,L27,17029,A16,B23,C30,PCS,97,2.27,D,C05,3.40242,220.19,749.18
43069,L27,17029,A16,B23,C30,PCS,214,2.27,D,C05,3.40242,485.78,1652.83
43069,L27,17029,A16,B23,C30,PCS,718,2.27,D,C05,3.40242,1629.86,5545.47
43069,L27,17029,A16,B23,C30,PCS,202,2.27,D,C05,3.40242,458.54,1560.15
43069,L27,17029,A16,B23,C30,PCS,619,2.27,D,C05,3.40242,1405.13,4780.84
43069,L27,17029,A16,B23,C30,PCS,630,2.27,D,C05,3.40242,1430.1,4865.8
43055,L27,17087,A20,B21,C34,PCS,827,7.41,D,C03,7.133317,6128.07,43713.47
43055,L27,17087,A20,B21,C34,PCS,329,7.41,D,C03,7.133317,2437.89,17390.24
43055,L27,17087,A20,B21,C34,PCS,373,7.41,D,C03,7.133317,2763.93,19715.99
43055,L27,17087,A20,B21,C34,PCS,757,7.41,D,C03,7.133317,5609.37,40013.41
43055,L27,17087,A20,B21,C34,PCS,518,7.41,D,C03,7.133317,3838.38,27380.38
43055,L27,17087,A20,B21,C34,PCS,409,7.41,D,C03,7.133317,3030.69,21618.87
43055,L27,17087,A20,B21,C34,PCS,22,7.41,D,C03,7.133317,163.02,1162.87
43055,L27,17087,A20,B21,C34,PCS,273,7.41,D,C03,7.133317,2022.93,14430.2
43055,L27,17087,A20,B21,C34,PCS,215,7.41,D,C03,7.133317,1593.15,11364.44
43055,L27,17087,A20,B21,C34,PCS,208,7.41,D,C03,7.133317,1541.28,10994.44
43063,L27,17135,A13,B28,C30,PCS,665,7.07,C,C08,1.496196,4701.55,7034.44
43063,L27,17135,A13,B28,C30,PCS,249,7.07,C,C08,1.496196,1760.43,2633.95
43063,L27,17135,A13,B28,C30,PCS,348,7.07,C,C08,1.496196,2460.36,3681.18
43063,L27,17135,A13,B28,C30,PCS,161,7.07,C,C08,1.496196,1138.27,1703.08
43063,L27,17135,A13,B28,C30,PCS,590,7.07,C,C08,1.496196,4171.3,6241.08
43063,L27,17135,A13,B28,C30,PCS,945,7.07,C,C08,1.496196,6681.15,9996.31
43063,L27,17135,A13,B28,C30,PCS,638,7.07,C,C08,1.496196,4510.66,6748.83
43063,L27,17135,A13,B28,C30,PCS,572,7.07,C,C08,1.496196,4044.04,6050.68
43063,L27,17135,A13,B28,C30,PCS,713,7.07,C,C08,1.496196,5040.91,7542.19
43063,L27,17135,A13,B28,C30,PCS,587,7.07,C,C08,1.496196,4150.09,6209.35
43065,L27,17318,A15,B26,C40,PCS,256,4.28,D,C06,3.547054,1095.68,3886.44
43065,L27,17318,A15,B26,C40,PCS,184,4.28,D,C06,3.547054,787.52,2793.38
43065,L27,17318,A15,B26,C40,PCS,159,4.28,D,C06,3.547054,680.52,2413.84
43065,L27,17318,A15,B26,C40,PCS,315,4.28,D,C06,3.547054,1348.2,4782.14
43065,L27,17318,A15,B26,C40,PCS,583,4.28,D,C06,3.547054,2495.24,8850.75
43065,L27,17318,A15,B26,C40,PCS,472,4.28,D,C06,3.547054,2020.16,7165.62
43065,L27,17318,A15,B26,C40,PCS,810,4.28,D,C06,3.547054,3466.8,12296.93
43065,L27,17318,A15,B26,C40,PCS,270,4.28,D,C06,3.547054,1155.6,4098.98
43065,L27,17318,A15,B26,C40,PCS,852,4.28,D,C06,3.547054,3646.56,12934.55
43065,L27,17318,A15,B26,C40,PCS,295,4.28,D,C06,3.547054,1262.6,4478.51
43053,L27,17898,A17,B22,C38,PCS,958,9.31,C,C08,1.496196,8918.98,13344.54
43053,L27,17898,A17,B22,C38,PCS,907,9.31,C,C08,1.496196,8444.17,12634.13
43053,L27,17898,A17,B22,C38,PCS,185,9.31,C,C08,1.496196,1722.35,2576.97
43053,L27,17898,A17,B22,C38,PCS,326,9.31,C,C08,1.496196,3035.06,4541.04
43053,L27,17898,A17,B22,C38,PCS,793,9.31,C,C08,1.496196,7382.83,11046.16
43053,L27,17898,A17,B22,C38,PCS,794,9.31,C,C08,1.496196,7392.14,11060.09
43053,L27,17898,A17,B22,C38,PCS,102,9.31,C,C08,1.496196,949.62,1420.82
43053,L27,17898,A17,B22,C38,PCS,983,9.31,C,C08,1.496196,9151.73,13692.78
43053,L27,17898,A17,B22,C38,PCS,261,9.31,C,C08,1.496196,2429.91,3635.62
43053,L27,17898,A17,B22,C38,PCS,913,9.31,C,C08,1.496196,8500.03,12717.71
43060,L27,17913,A11,B24,C31,PCS,991,2.79,C,C03,7.133317,2764.89,19722.84
43060,L27,17913,A11,B24,C31,PCS,62,2.79,C,C03,7.133317,172.98,1233.92
43060,L27,17913,A11,B24,C31,PCS,303,2.79,C,C03,7.133317,845.37,6030.29
43060,L27,17913,A11,B24,C31,PCS,57,2.79,C,C03,7.133317,159.03,1134.41
43060,L27,17913,A11,B24,C31,PCS,330,2.79,C,C03,7.133317,920.7,6567.64
43060,L27,17913,A11,B24,C31,PCS,153,2.79,C,C03,7.133317,426.87,3045
43060,L27,17913,A11,B24,C31,PCS,788,2.79,C,C03,7.133317,2198.52,15682.74
43060,L27,17913,A11,B24,C31,PCS,938,2.79,C,C03,7.133317,2617.02,18668.03
43060,L27,17913,A11,B24,C31,PCS,587,2.79,C,C03,7.133317,1637.73,11682.45
43060,L27,17913,A11,B24,C31,PCS,192,2.79,C,C03,7.133317,535.68,3821.18
43056,L27,17990,A17,B23,C33,PCS,877,8.01,D,C10,8.657656,7024.77,60818.04
43056,L27,17990,A17,B23,C33,PCS,973,8.01,D,C10,8.657656,7793.73,67475.43
43056,L27,17990,A17,B23,C33,PCS,376,8.01,D,C10,8.657656,3011.76,26074.78
43056,L27,17990,A17,B23,C33,PCS,807,8.01,D,C10,8.657656,6464.07,55963.69
43056,L27,17990,A17,B23,C33,PCS,398,8.01,D,C10,8.657656,3187.98,27600.43
43056,L27,17990,A17,B23,C33,PCS,738,8.01,D,C10,8.657656,5911.38,51178.69
43056,L27,17990,A17,B23,C33,PCS,612,8.01,D,C10,8.657656,4902.12,42440.87
43056,L27,17990,A17,B23,C33,PCS,816,8.01,D,C10,8.657656,6536.16,56587.82
43056,L27,17990,A17,B23,C33,PCS,50,8.01,D,C10,8.657656,400.5,3467.39
43056,L27,17990,A17,B23,C33,PCS,754,8.01,D,C10,8.657656,6039.54,52288.26
43055,L27,18048,A15,B22,C30,PCS,390,1.18,C,C09,1.199464,460.2,551.99
43055,L27,18048,A15,B22,C30,PCS,356,1.18,C,C09,1.199464,420.08,503.87
43055,L27,18048,A15,B22,C30,PCS,797,1.18,C,C09,1.199464,940.46,1128.05
43055,L27,18048,A15,B22,C30,PCS,12,1.18,C,C09,1.199464,14.16,16.98
43055,L27,18048,A15,B22,C30,PCS,632,1.18,C,C09,1.199464,745.76,894.51
43055,L27,18048,A15,B22,C30,PCS,136,1.18,C,C09,1.199464,160.48,192.49
43055,L27,18048,A15,B22,C30,PCS,505,1.18,C,C09,1.199464,595.9,714.76
43055,L27,18048,A15,B22,C30,PCS,117,1.18,C,C09,1.199464,138.06,165.6
43055,L27,18048,A15,B22,C30,PCS,519,1.18,C,C09,1.199464,612.42,734.58
43055,L27,18048,A15,B22,C30,PCS,940,1.18,C,C09,1.199464,1109.2,1330.45
43062,L27,18067,A17,B23,C35,PCS,719,3.56,C,C07,1.358577,2559.64,3477.47
43062,L27,18067,A17,B23,C35,PCS,525,3.56,C,C07,1.358577,1869,2539.18
43062,L27,18067,A17,B23,C35,PCS,846,3.56,C,C07,1.358577,3011.76,4091.71
43062,L27,18067,A17,B23,C35,PCS,383,3.56,C,C07,1.358577,1363.48,1852.39
43062,L27,18067,A17,B23,C35,PCS,729,3.56,C,C07,1.358577,2595.24,3525.83
43062,L27,18067,A17,B23,C35,PCS,545,3.56,C,C07,1.358577,1940.2,2635.91
43062,L27,18067,A17,B23,C35,PCS,736,3.56,C,C07,1.358577,2620.16,3559.69
43062,L27,18067,A17,B23,C35,PCS,684,3.56,C,C07,1.358577,2435.04,3308.19
43062,L27,18067,A17,B23,C35,PCS,675,3.56,C,C07,1.358577,2403,3264.66
43062,L27,18067,A17,B23,C35,PCS,48,3.56,C,C07,1.358577,170.88,232.15
43064,L27,18370,A17,B27,C33,PCS,883,4.2,C,C09,1.199464,3708.6,4448.33
43064,L27,18370,A17,B27,C33,PCS,724,4.2,C,C09,1.199464,3040.8,3647.33
43064,L27,18370,A17,B27,C33,PCS,751,4.2,C,C09,1.199464,3154.2,3783.35
43064,L27,18370,A17,B27,C33,PCS,788,4.2,C,C09,1.199464,3309.6,3969.75
43064,L27,18370,A17,B27,C33,PCS,538,4.2,C,C09,1.199464,2259.6,2710.31
43064,L27,18370,A17,B27,C33,PCS,349,4.2,C,C09,1.199464,1465.8,1758.17
43064,L27,18370,A17,B27,C33,PCS,958,4.2,C,C09,1.199464,4023.6,4826.16
43064,L27,18370,A17,B27,C33,PCS,179,4.2,C,C09,1.199464,751.8,901.76
43064,L27,18370,A17,B27,C33,PCS,20,4.2,C,C09,1.199464,84,100.75
43064,L27,18370,A17,B27,C33,PCS,62,4.2,C,C09,1.199464,260.4,312.34
43067,L27,18432,A19,B28,C36,PCS,18,7.68,C,C10,8.657656,138.24,1196.83
43067,L27,18432,A19,B28,C36,PCS,632,7.68,C,C10,8.657656,4853.76,42022.18
43067,L27,18432,A19,B28,C36,PCS,821,7.68,C,C10,8.657656,6305.28,54588.95
43067,L27,18432,A19,B28,C36,PCS,127,7.68,C,C10,8.657656,975.36,8444.33
43067,L27,18432,A19,B28,C36,PCS,157,7.68,C,C10,8.657656,1205.76,10439.06
43067,L27,18432,A19,B28,C36,PCS,732,7.68,C,C10,8.657656,5621.76,48671.26
43067,L27,18432,A19,B28,C36,PCS,875,7.68,C,C10,8.657656,6720,58179.45
43067,L27,18432,A19,B28,C36,PCS,909,7.68,C,C10,8.657656,6981.12,60440.14
43067,L27,18432,A19,B28,C36,PCS,6,7.68,C,C10,8.657656,46.08,398.94
43067,L27,18432,A19,B28,C36,PCS,734,7.68,C,C10,8.657656,5637.12,48804.25
43059,L27,18491,A12,B23,C34,PCS,205,3.54,D,C10,8.657656,725.7,6282.86
43059,L27,18491,A12,B23,C34,PCS,966,3.54,D,C10,8.657656,3419.64,29606.07
43059,L27,18491,A12,B23,C34,PCS,210,3.54,D,C10,8.657656,743.4,6436.1
43059,L27,18491,A12,B23,C34,PCS,686,3.54,D,C10,8.657656,2428.44,21024.6
43059,L27,18491,A12,B23,C34,PCS,573,3.54,D,C10,8.657656,2028.42,17561.36
43059,L27,18491,A12,B23,C34,PCS,551,3.54,D,C10,8.657656,1950.54,16887.1
43059,L27,18491,A12,B23,C34,PCS,824,3.54,D,C10,8.657656,2916.96,25254.04
43059,L27,18491,A12,B23,C34,PCS,842,3.54,D,C10,8.657656,2980.68,25805.7
43059,L27,18491,A12,B23,C34,PCS,783,3.54,D,C10,8.657656,2771.82,23997.46
43059,L27,18491,A12,B23,C34,PCS,950,3.54,D,C10,8.657656,3363,29115.7
43049,L27,18741,A18,B22,C32,PCS,384,6.31,C,C08,1.496196,2423.04,3625.34
43049,L27,18741,A18,B22,C32,PCS,111,6.31,C,C08,1.496196,700.41,1047.95
43049,L27,18741,A18,B22,C32,PCS,908,6.31,C,C08,1.496196,5729.48,8572.43
43049,L27,18741,A18,B22,C32,PCS,412,6.31,C,C08,1.496196,2599.72,3889.69
43049,L27,18741,A18,B22,C32,PCS,963,6.31,C,C08,1.496196,6076.53,9091.68
43049,L27,18741,A18,B22,C32,PCS,902,6.31,C,C08,1.496196,5691.62,8515.78
43049,L27,18741,A18,B22,C32,PCS,626,6.31,C,C08,1.496196,3950.06,5910.06
43049,L27,18741,A18,B22,C32,PCS,213,6.31,C,C08,1.496196,1344.03,2010.93
43049,L27,18741,A18,B22,C32,PCS,177,6.31,C,C08,1.496196,1116.87,1671.06
43049,L27,18741,A18,B22,C32,PCS,605,6.31,C,C08,1.496196,3817.55,5711.8
43050,L27,18767,A20,B24,C38,PCS,299,5.86,D,C09,1.199464,1752.14,2101.63
43050,L27,18767,A20,B24,C38,PCS,819,5.86,D,C09,1.199464,4799.34,5756.64
43050,L27,18767,A20,B24,C38,PCS,404,5.86,D,C09,1.199464,2367.44,2839.66
43050,L27,18767,A20,B24,C38,PCS,208,5.86,D,C09,1.199464,1218.88,1462
43050,L27,18767,A20,B24,C38,PCS,995,5.86,D,C09,1.199464,5830.7,6993.71
43050,L27,18767,A20,B24,C38,PCS,72,5.86,D,C09,1.199464,421.92,506.08
43050,L27,18767,A20,B24,C38,PCS,549,5.86,D,C09,1.199464,3217.14,3858.84
43050,L27,18767,A20,B24,C38,PCS,461,5.86,D,C09,1.199464,2701.46,3240.3
43050,L27,18767,A20,B24,C38,PCS,444,5.86,D,C09,1.199464,2601.84,3120.81
43050,L27,18767,A20,B24,C38,PCS,112,5.86,D,C09,1.199464,656.32,787.23
43055,L27,18819,A12,B29,C31,PCS,314,1.18,D,C09,1.199464,370.52,444.43
43055,L27,18819,A12,B29,C31,PCS,612,1.18,D,C09,1.199464,722.16,866.2
43055,L27,18819,A12,B29,C31,PCS,374,1.18,D,C09,1.199464,441.32,529.35
43055,L27,18819,A12,B29,C31,PCS,914,1.18,D,C09,1.199464,1078.52,1293.65
43055,L27,18819,A12,B29,C31,PCS,368,1.18,D,C09,1.199464,434.24,520.86
43055,L27,18819,A12,B29,C31,PCS,225,1.18,D,C09,1.199464,265.5,318.46
43055,L27,18819,A12,B29,C31,PCS,14,1.18,D,C09,1.199464,16.52,19.82
43055,L27,18819,A12,B29,C31,PCS,958,1.18,D,C09,1.199464,1130.44,1355.92
43055,L27,18819,A12,B29,C31,PCS,728,1.18,D,C09,1.199464,859.04,1030.39
43055,L27,18819,A12,B29,C31,PCS,39,1.18,D,C09,1.199464,46.02,55.2
43055,L27,19093,A19,B28,C36,PCS,49,9.95,D,C02,9.912483,487.55,4832.83
43055,L27,19093,A19,B28,C36,PCS,855,9.95,D,C02,9.912483,8507.25,84327.97
43055,L27,19093,A19,B28,C36,PCS,292,9.95,D,C02,9.912483,2905.4,28799.73
43055,L27,19093,A19,B28,C36,PCS,72,9.95,D,C02,9.912483,716.4,7101.3
43055,L27,19093,A19,B28,C36,PCS,745,9.95,D,C02,9.912483,7412.75,73478.76
43055,L27,19093,A19,B28,C36,PCS,185,9.95,D,C02,9.912483,1840.75,18246.4
43055,L27,19093,A19,B28,C36,PCS,740,9.95,D,C02,9.912483,7363,72985.61
43055,L27,19093,A19,B28,C36,PCS,922,9.95,D,C02,9.912483,9173.9,90936.13
43055,L27,19093,A19,B28,C36,PCS,993,9.95,D,C02,9.912483,9880.35,97938.8
43055,L27,19093,A19,B28,C36,PCS,231,9.95,D,C02,9.912483,2298.45,22783.35
43063,L27,19133,A14,B24,C38,PCS,21,2.42,D,C01,6.825646,50.82,346.88
43063,L27,19133,A14,B24,C38,PCS,586,2.42,D,C01,6.825646,1418.12,9679.59
43063,L27,19133,A14,B24,C38,PCS,87,2.42,D,C01,6.825646,210.54,1437.07
43063,L27,19133,A14,B24,C38,PCS,753,2.42,D,C01,6.825646,1822.26,12438.1
43063,L27,19133,A14,B24,C38,PCS,983,2.42,D,C01,6.825646,2378.86,16237.26
43063,L27,19133,A14,B24,C38,PCS,328,2.42,D,C01,6.825646,793.76,5417.92
43063,L27,19133,A14,B24,C38,PCS,757,2.42,D,C01,6.825646,1831.94,12504.17
43063,L27,19133,A14,B24,C38,PCS,159,2.42,D,C01,6.825646,384.78,2626.37
43063,L27,19133,A14,B24,C38,PCS,710,2.42,D,C01,6.825646,1718.2,11727.82
43063,L27,19133,A14,B24,C38,PCS,117,2.42,D,C01,6.825646,283.14,1932.61
43049,L27,19165,A18,B25,C35,PCS,650,6.31,D,C08,1.496196,4101.5,6136.65
43049,L27,19165,A18,B25,C35,PCS,207,6.31,D,C08,1.496196,1306.17,1954.29
43049,L27,19165,A18,B25,C35,PCS,798,6.31,D,C08,1.496196,5035.38,7533.92
43049,L27,19165,A18,B25,C35,PCS,843,6.31,D,C08,1.496196,5319.33,7958.76
43049,L27,19165,A18,B25,C35,PCS,251,6.31,D,C08,1.496196,1583.81,2369.69
43049,L27,19165,A18,B25,C35,PCS,754,6.31,D,C08,1.496196,4757.74,7118.51
43049,L27,19165,A18,B25,C35,PCS,473,6.31,D,C08,1.496196,2984.63,4465.59
43049,L27,19165,A18,B25,C35,PCS,22,6.31,D,C08,1.496196,138.82,207.7
43049,L27,19165,A18,B25,C35,PCS,64,6.31,D,C08,1.496196,403.84,604.22
43049,L27,19165,A18,B25,C35,PCS,456,6.31,D,C08,1.496196,2877.36,4305.09
43052,L27,19237,A15,B26,C32,PCS,727,4.19,C,C09,1.199464,3046.13,3653.72
43052,L27,19237,A15,B26,C32,PCS,540,4.19,C,C09,1.199464,2262.6,2713.91
43052,L27,19237,A15,B26,C32,PCS,46,4.19,C,C09,1.199464,192.74,231.18
43052,L27,19237,A15,B26,C32,PCS,510,4.19,C,C09,1.199464,2136.9,2563.13
43052,L27,19237,A15,B26,C32,PCS,997,4.19,C,C09,1.199464,4177.43,5010.68
43052,L27,19237,A15,B26,C32,PCS,466,4.19,C,C09,1.199464,1952.54,2342
43052,L27,19237,A15,B26,C32,PCS,322,4.19,C,C09,1.199464,1349.18,1618.29
43052,L27,19237,A15,B26,C32,PCS,238,4.19,C,C09,1.199464,997.22,1196.13
43052,L27,19237,A15,B26,C32,PCS,700,4.19,C,C09,1.199464,2933,3518.03
43052,L27,19237,A15,B26,C32,PCS,377,4.19,C,C09,1.199464,1579.63,1894.71
43041,L27,19240,A16,B22,C36,PCS,315,8.41,C,C06,3.547054,2649.15,9396.68
43041,L27,19240,A16,B22,C36,PCS,144,8.41,C,C06,3.547054,1211.04,4295.62
43041,L27,19240,A16,B22,C36,PCS,980,8.41,C,C06,3.547054,8241.8,29234.11
43041,L27,19240,A16,B22,C36,PCS,222,8.41,C,C06,3.547054,1867.02,6622.42
43041,L27,19240,A16,B22,C36,PCS,80,8.41,C,C06,3.547054,672.8,2386.46
43041,L27,19240,A16,B22,C36,PCS,633,8.41,C,C06,3.547054,5323.53,18882.85
43041,L27,19240,A16,B22,C36,PCS,894,8.41,C,C06,3.547054,7518.54,26668.67
43041,L27,19240,A16,B22,C36,PCS,355,8.41,C,C06,3.547054,2985.55,10589.91
43041,L27,19240,A16,B22,C36,PCS,736,8.41,C,C06,3.547054,6189.76,21955.41
43041,L27,19240,A16,B22,C36,PCS,875,8.41,C,C06,3.547054,7358.75,26101.88
43043,L27,19513,A18,B25,C30,PCS,119,6.87,D,C04,5.388146,817.53,4404.97
43043,L27,19513,A18,B25,C30,PCS,560,6.87,D,C04,5.388146,3847.2,20729.28
43043,L27,19513,A18,B25,C30,PCS,510,6.87,D,C04,5.388146,3503.7,18878.45
43043,L27,19513,A18,B25,C30,PCS,658,6.87,D,C04,5.388146,4520.46,24356.9
43043,L27,19513,A18,B25,C30,PCS,512,6.87,D,C04,5.388146,3517.44,18952.48
43043,L27,19513,A18,B25,C30,PCS,242,6.87,D,C04,5.388146,1662.54,8958.01
43043,L27,19513,A18,B25,C30,PCS,331,6.87,D,C04,5.388146,2273.97,12252.48
43043,L27,19513,A18,B25,C30,PCS,683,6.87,D,C04,5.388146,4692.21,25282.31
43043,L27,19513,A18,B25,C30,PCS,638,6.87,D,C04,5.388146,4383.06,23616.57
43043,L27,19513,A18,B25,C30,PCS,285,6.87,D,C04,5.388146,1957.95,10549.72
43043,L27,19565,A15,B22,C38,PCS,467,2.04,C,C07,1.358577,952.68,1294.29
43043,L27,19565,A15,B22,C38,PCS,485,2.04,C,C07,1.358577,989.4,1344.18
43043,L27,19565,A15,B22,C38,PCS,685,2.04,C,C07,1.358577,1397.4,1898.48
43043,L27,19565,A15,B22,C38,PCS,70,2.04,C,C07,1.358577,142.8,194
43043,L27,19565,A15,B22,C38,PCS,56,2.04,C,C07,1.358577,114.24,155.2
43043,L27,19565,A15,B22,C38,PCS,275,2.04,C,C07,1.358577,561,762.16
43043,L27,19565,A15,B22,C38,PCS,506,2.04,C,C07,1.358577,1032.24,1402.38
43043,L27,19565,A15,B22,C38,PCS,15,2.04,C,C07,1.358577,30.6,41.57
43043,L27,19565,A15,B22,C38,PCS,143,2.04,C,C07,1.358577,291.72,396.32
43043,L27,19565,A15,B22,C38,PCS,509,2.04,C,C07,1.358577,1038.36,1410.69
43051,L27,19760,A19,B27,C33,PCS,126,7.45,C,C06,3.547054,938.7,3329.62
43051,L27,19760,A19,B27,C33,PCS,4,7.45,C,C06,3.547054,29.8,105.7
43051,L27,19760,A19,B27,C33,PCS,99,7.45,C,C06,3.547054,737.55,2616.13
43051,L27,19760,A19,B27,C33,PCS,925,7.45,C,C06,3.547054,6891.25,24443.64
43051,L27,19760,A19,B27,C33,PCS,534,7.45,C,C06,3.547054,3978.3,14111.24
43051,L27,19760,A19,B27,C33,PCS,918,7.45,C,C06,3.547054,6839.1,24258.66
43051,L27,19760,A19,B27,C33,PCS,615,7.45,C,C06,3.547054,4581.75,16251.71
43051,L27,19760,A19,B27,C33,PCS,878,7.45,C,C06,3.547054,6541.1,23201.63
43051,L27,19760,A19,B27,C33,PCS,418,7.45,C,C06,3.547054,3114.1,11045.88
43051,L27,19760,A19,B27,C33,PCS,455,7.45,C,C06,3.547054,3389.75,12023.63
43058,L27,19947,A15,B21,C40,PCS,837,3.29,D,C05,3.40242,2753.73,9369.35
43058,L27,19947,A15,B21,C40,PCS,294,3.29,D,C05,3.40242,967.26,3291.02
43058,L27,19947,A15,B21,C40,PCS,455,3.29,D,C05,3.40242,1496.95,5093.25
43058,L27,19947,A15,B21,C40,PCS,684,3.29,D,C05,3.40242,2250.36,7656.67
43058,L27,19947,A15,B21,C40,PCS,341,3.29,D,C05,3.40242,1121.89,3817.14
43058,L27,19947,A15,B21,C40,PCS,83,3.29,D,C05,3.40242,273.07,929.1
43058,L27,19947,A15,B21,C40,PCS,796,3.29,D,C05,3.40242,2618.84,8910.39
43058,L27,19947,A15,B21,C40,PCS,528,3.29,D,C05,3.40242,1737.12,5910.41
43058,L27,19947,A15,B21,C40,PCS,857,3.29,D,C05,3.40242,2819.53,9593.23
43058,L27,19947,A15,B21,C40,PCS,345,3.29,D,C05,3.40242,1135.05,3861.92
43040,L27,19953,A17,B23,C31,PCS,661,5.8,C,C07,1.358577,3833.8,5208.51
43040,L27,19953,A17,B23,C31,PCS,353,5.8,C,C07,1.358577,2047.4,2781.55
43040,L27,19953,A17,B23,C31,PCS,768,5.8,C,C07,1.358577,4454.4,6051.65
43040,L27,19953,A17,B23,C31,PCS,651,5.8,C,C07,1.358577,3775.8,5129.72
43040,L27,19953,A17,B23,C31,PCS,220,5.8,C,C07,1.358577,1276,1733.54
43040,L27,19953,A17,B23,C31,PCS,108,5.8,C,C07,1.358577,626.4,851.01
43040,L27,19953,A17,B23,C31,PCS,529,5.8,C,C07,1.358577,3068.2,4168.39
43040,L27,19953,A17,B23,C31,PCS,5,5.8,C,C07,1.358577,29,39.4
43040,L27,19953,A17,B23,C31,PCS,235,5.8,C,C07,1.358577,1363,1851.74
43040,L27,19953,A17,B23,C31,PCS,855,5.8,C,C07,1.358577,4959,6737.18
43089,L27,10055,A11,B25,C39,PCS,164,2.58,D,C02,9.912483,423.12,4194.17
43089,L27,10055,A11,B25,C39,PCS,231,2.58,D,C02,9.912483,595.98,5907.64
43089,L27,10055,A11,B25,C39,PCS,961,2.58,D,C02,9.912483,2479.38,24576.81
43089,L27,10055,A11,B25,C39,PCS,16,2.58,D,C02,9.912483,41.28,409.19
43089,L27,10055,A11,B25,C39,PCS,469,2.58,D,C02,9.912483,1210.02,11994.3
43089,L27,10055,A11,B25,C39,PCS,82,2.58,D,C02,9.912483,211.56,2097.08
43089,L27,10055,A11,B25,C39,PCS,804,2.58,D,C02,9.912483,2074.32,20561.66
43089,L27,10055,A11,B25,C39,PCS,948,2.58,D,C02,9.912483,2445.84,24244.35
43089,L27,10055,A11,B25,C39,PCS,609,2.58,D,C02,9.912483,1571.22,15574.69
43089,L27,10055,A11,B25,C39,PCS,536,2.58,D,C02,9.912483,1382.88,13707.77
43088,L27,10210,A19,B24,C36,PCS,222,7.77,C,C08,1.496196,1724.94,2580.85
43088,L27,10210,A19,B24,C36,PCS,223,7.77,C,C08,1.496196,1732.71,2592.47
43088,L27,10210,A19,B24,C36,PCS,153,7.77,C,C08,1.496196,1188.81,1778.69
43088,L27,10210,A19,B24,C36,PCS,782,7.77,C,C08,1.496196,6076.14,9091.1
43088,L27,10210,A19,B24,C36,PCS,940,7.77,C,C08,1.496196,7303.8,10927.92
43088,L27,10210,A19,B24,C36,PCS,101,7.77,C,C08,1.496196,784.77,1174.17
43088,L27,10210,A19,B24,C36,PCS,219,7.77,C,C08,1.496196,1701.63,2545.97
43088,L27,10210,A19,B24,C36,PCS,70,7.77,C,C08,1.496196,543.9,813.78
43088,L27,10210,A19,B24,C36,PCS,837,7.77,C,C08,1.496196,6503.49,9730.5
43088,L27,10210,A19,B24,C36,PCS,25,7.77,C,C08,1.496196,194.25,290.64
43092,L27,10265,A20,B20,C30,PCS,898,7.46,C,C06,3.547054,6699.08,23762
43092,L27,10265,A20,B20,C30,PCS,889,7.46,C,C06,3.547054,6631.94,23523.85
43092,L27,10265,A20,B20,C30,PCS,187,7.46,C,C06,3.547054,1395.02,4948.21
43092,L27,10265,A20,B20,C30,PCS,346,7.46,C,C06,3.547054,2581.16,9155.51
43092,L27,10265,A20,B20,C30,PCS,140,7.46,C,C06,3.547054,1044.4,3704.54
43092,L27,10265,A20,B20,C30,PCS,455,7.46,C,C06,3.547054,3394.3,12039.77
43092,L27,10265,A20,B20,C30,PCS,365,7.46,C,C06,3.547054,2722.9,9658.27
43092,L27,10265,A20,B20,C30,PCS,266,7.46,C,C06,3.547054,1984.36,7038.63
43092,L27,10265,A20,B20,C30,PCS,119,7.46,C,C06,3.547054,887.74,3148.86
43092,L27,10265,A20,B20,C30,PCS,913,7.46,C,C06,3.547054,6810.98,24158.91
43075,L27,10315,A11,B27,C31,PCS,82,3.22,C,C10,8.657656,264.04,2285.97
43075,L27,10315,A11,B27,C31,PCS,10,3.22,C,C10,8.657656,32.2,278.78
43075,L27,10315,A11,B27,C31,PCS,38,3.22,C,C10,8.657656,122.36,1059.35
43075,L27,10315,A11,B27,C31,PCS,401,3.22,C,C10,8.657656,1291.22,11178.94
43075,L27,10315,A11,B27,C31,PCS,785,3.22,C,C10,8.657656,2527.7,21883.96
43075,L27,10315,A11,B27,C31,PCS,37,3.22,C,C10,8.657656,119.14,1031.47
43075,L27,10315,A11,B27,C31,PCS,416,3.22,C,C10,8.657656,1339.52,11597.1
43075,L27,10315,A11,B27,C31,PCS,676,3.22,C,C10,8.657656,2176.72,18845.29
43075,L27,10315,A11,B27,C31,PCS,243,3.22,C,C10,8.657656,782.46,6774.27
43075,L27,10315,A11,B27,C31,PCS,948,3.22,C,C10,8.657656,3052.56,26428.01
43079,L27,10351,A19,B22,C36,PCS,11,7.66,C,C02,9.912483,84.26,835.23
43079,L27,10351,A19,B22,C36,PCS,136,7.66,C,C02,9.912483,1041.76,10326.43
43079,L27,10351,A19,B22,C36,PCS,325,7.66,C,C02,9.912483,2489.5,24677.13
43079,L27,10351,A19,B22,C36,PCS,385,7.66,C,C02,9.912483,2949.1,29232.9
43079,L27,10351,A19,B22,C36,PCS,906,7.66,C,C02,9.912483,6939.96,68792.24
43079,L27,10351,A19,B22,C36,PCS,122,7.66,C,C02,9.912483,934.52,9263.41
43079,L27,10351,A19,B22,C36,PCS,524,7.66,C,C02,9.912483,4013.84,39787.12
43079,L27,10351,A19,B22,C36,PCS,788,7.66,C,C02,9.912483,6036.08,59832.54
43079,L27,10351,A19,B22,C36,PCS,102,7.66,C,C02,9.912483,781.32,7744.82
43079,L27,10351,A19,B22,C36,PCS,898,7.66,C,C02,9.912483,6878.68,68184.8
43081,L27,10404,A11,B23,C40,PCS,673,5.86,C,C07,1.358577,3943.78,5357.93
43081,L27,10404,A11,B23,C40,PCS,277,5.86,C,C07,1.358577,1623.22,2205.27
43081,L27,10404,A11,B23,C40,PCS,838,5.86,C,C07,1.358577,4910.68,6671.54
43081,L27,10404,A11,B23,C40,PCS,558,5.86,C,C07,1.358577,3269.88,4442.38
43081,L27,10404,A11,B23,C40,PCS,737,5.86,C,C07,1.358577,4318.82,5867.45
43081,L27,10404,A11,B23,C40,PCS,311,5.86,C,C07,1.358577,1822.46,2475.95
43081,L27,10404,A11,B23,C40,PCS,999,5.86,C,C07,1.358577,5854.14,7953.3
43081,L27,10404,A11,B23,C40,PCS,821,5.86,C,C07,1.358577,4811.06,6536.2
43081,L27,10404,A11,B23,C40,PCS,854,5.86,C,C07,1.358577,5004.44,6798.92
43081,L27,10404,A11,B23,C40,PCS,664,5.86,C,C07,1.358577,3891.04,5286.28
43096,L27,10440,A17,B26,C36,PCS,829,9.14,C,C05,3.40242,7577.06,25780.34
43096,L27,10440,A17,B26,C36,PCS,187,9.14,C,C05,3.40242,1709.18,5815.35
43096,L27,10440,A17,B26,C36,PCS,963,9.14,C,C05,3.40242,8801.82,29947.49
43096,L27,10440,A17,B26,C36,PCS,456,9.14,C,C05,3.40242,4167.84,14180.74
43096,L27,10440,A17,B26,C36,PCS,246,9.14,C,C05,3.40242,2248.44,7650.14
43096,L27,10440,A17,B26,C36,PCS,336,9.14,C,C05,3.40242,3071.04,10448.97
43096,L27,10440,A17,B26,C36,PCS,241,9.14,C,C05,3.40242,2202.74,7494.65
43096,L27,10440,A17,B26,C36,PCS,505,9.14,C,C05,3.40242,4615.7,15704.55
43096,L27,10440,A17,B26,C36,PCS,105,9.14,C,C05,3.40242,959.7,3265.3
43096,L27,10440,A17,B26,C36,PCS,530,9.14,C,C05,3.40242,4844.2,16482
43073,L27,10442,A11,B30,C33,PCS,838,5.46,D,C04,5.388146,4575.48,24653.35
43073,L27,10442,A11,B30,C33,PCS,430,5.46,D,C04,5.388146,2347.8,12650.29
43073,L27,10442,A11,B30,C33,PCS,784,5.46,D,C04,5.388146,4280.64,23064.71
43073,L27,10442,A11,B30,C33,PCS,402,5.46,D,C04,5.388146,2194.92,11826.55
43073,L27,10442,A11,B30,C33,PCS,346,5.46,D,C04,5.388146,1889.16,10179.07
43073,L27,10442,A11,B30,C33,PCS,962,5.46,D,C04,5.388146,5252.52,28301.34
43073,L27,10442,A11,B30,C33,PCS,55,5.46,D,C04,5.388146,300.3,1618.06
43073,L27,10442,A11,B30,C33,PCS,142,5.46,D,C04,5.388146,775.32,4177.54
43073,L27,10442,A11,B30,C33,PCS,94,5.46,D,C04,5.388146,513.24,2765.41
43073,L27,10442,A11,B30,C33,PCS,336,5.46,D,C04,5.388146,1834.56,9884.88
43094,L27,10565,A13,B28,C35,PCS,598,9.29,C,C01,6.825646,5555.42,37919.33
43094,L27,10565,A13,B28,C35,PCS,706,9.29,C,C01,6.825646,6558.74,44767.64
43094,L27,10565,A13,B28,C35,PCS,106,9.29,C,C01,6.825646,984.74,6721.49
43094,L27,10565,A13,B28,C35,PCS,897,9.29,C,C01,6.825646,8333.13,56879
43094,L27,10565,A13,B28,C35,PCS,778,9.29,C,C01,6.825646,7227.62,49333.18
43094,L27,10565,A13,B28,C35,PCS,427,9.29,C,C01,6.825646,3966.83,27076.18
43094,L27,10565,A13,B28,C35,PCS,216,9.29,C,C01,6.825646,2006.64,13696.61
43094,L27,10565,A13,B28,C35,PCS,537,9.29,C,C01,6.825646,4988.73,34051.3
43094,L27,10565,A13,B28,C35,PCS,809,9.29,C,C01,6.825646,7515.61,51298.89
43094,L27,10565,A13,B28,C35,PCS,718,9.29,C,C01,6.825646,6670.22,45528.56
43091,L27,10718,A20,B27,C30,PCS,973,6.55,C,C03,7.133317,6373.15,45461.7
43091,L27,10718,A20,B27,C30,PCS,73,6.55,C,C03,7.133317,478.15,3410.8
43091,L27,10718,A20,B27,C30,PCS,34,6.55,C,C03,7.133317,222.7,1588.59
43091,L27,10718,A20,B27,C30,PCS,904,6.55,C,C03,7.133317,5921.2,42237.8
43091,L27,10718,A20,B27,C30,PCS,752,6.55,C,C03,7.133317,4925.6,35135.87
43091,L27,10718,A20,B27,C30,PCS,766,6.55,C,C03,7.133317,5017.3,35789.99
43091,L27,10718,A20,B27,C30,PCS,939,6.55,C,C03,7.133317,6150.45,43873.11
43091,L27,10718,A20,B27,C30,PCS,399,6.55,C,C03,7.133317,2613.45,18642.57
43091,L27,10718,A20,B27,C30,PCS,835,6.55,C,C03,7.133317,5469.25,39013.89
43091,L27,10718,A20,B27,C30,PCS,822,6.55,C,C03,7.133317,5384.1,38406.49
43079,L27,10738,A13,B26,C31,PCS,378,2.44,D,C09,1.199464,922.32,1106.29
43079,L27,10738,A13,B26,C31,PCS,993,2.44,D,C09,1.199464,2422.92,2906.21
43079,L27,10738,A13,B26,C31,PCS,109,2.44,D,C09,1.199464,265.96,319.01
43079,L27,10738,A13,B26,C31,PCS,173,2.44,D,C09,1.199464,422.12,506.32
43079,L27,10738,A13,B26,C31,PCS,988,2.44,D,C09,1.199464,2410.72,2891.57
43079,L27,10738,A13,B26,C31,PCS,993,2.44,D,C09,1.199464,2422.92,2906.21
43079,L27,10738,A13,B26,C31,PCS,313,2.44,D,C09,1.199464,763.72,916.05
43079,L27,10738,A13,B26,C31,PCS,618,2.44,D,C09,1.199464,1507.92,1808.7
43079,L27,10738,A13,B26,C31,PCS,809,2.44,D,C09,1.199464,1973.96,2367.69
43079,L27,10738,A13,B26,C31,PCS,211,2.44,D,C09,1.199464,514.84,617.53
43080,L27,10821,A13,B24,C34,PCS,961,8.19,D,C04,5.388146,7870.59,42407.89
43080,L27,10821,A13,B24,C34,PCS,428,8.19,D,C04,5.388146,3505.32,18887.18
43080,L27,10821,A13,B24,C34,PCS,205,8.19,D,C04,5.388146,1678.95,9046.43
43080,L27,10821,A13,B24,C34,PCS,535,8.19,D,C04,5.388146,4381.65,23608.97
43080,L27,10821,A13,B24,C34,PCS,959,8.19,D,C04,5.388146,7854.21,42319.63
43080,L27,10821,A13,B24,C34,PCS,513,8.19,D,C04,5.388146,4201.47,22638.13
43080,L27,10821,A13,B24,C34,PCS,992,8.19,D,C04,5.388146,8124.48,43775.88
43080,L27,10821,A13,B24,C34,PCS,281,8.19,D,C04,5.388146,2301.39,12400.23
43080,L27,10821,A13,B24,C34,PCS,147,8.19,D,C04,5.388146,1203.93,6486.95
43080,L27,10821,A13,B24,C34,PCS,349,8.19,D,C04,5.388146,2858.31,15400.99
43073,L27,10833,A11,B21,C31,PCS,202,5.2,C,C03,7.133317,1050.4,7492.84
43073,L27,10833,A11,B21,C31,PCS,262,5.2,C,C03,7.133317,1362.4,9718.43
43073,L27,10833,A11,B21,C31,PCS,450,5.2,C,C03,7.133317,2340,16691.96
43073,L27,10833,A11,B21,C31,PCS,705,5.2,C,C03,7.133317,3666,26150.74
43073,L27,10833,A11,B21,C31,PCS,356,5.2,C,C03,7.133317,1851.2,13205.2
43073,L27,10833,A11,B21,C31,PCS,611,5.2,C,C03,7.133317,3177.2,22663.97
43073,L27,10833,A11,B21,C31,PCS,233,5.2,C,C03,7.133317,1211.6,8642.73
43073,L27,10833,A11,B21,C31,PCS,682,5.2,C,C03,7.133317,3546.4,25297.6
43073,L27,10833,A11,B21,C31,PCS,874,5.2,C,C03,7.133317,4544.8,32419.5
43073,L27,10833,A11,B21,C31,PCS,11,5.2,C,C03,7.133317,57.2,408.03
43089,L27,10871,A18,B29,C33,PCS,586,6.76,D,C09,1.199464,3961.36,4751.51
43089,L27,10871,A18,B29,C33,PCS,886,6.76,D,C09,1.199464,5989.36,7184.02
43089,L27,10871,A18,B29,C33,PCS,221,6.76,D,C09,1.199464,1493.96,1791.95
43089,L27,10871,A18,B29,C33,PCS,408,6.76,D,C09,1.199464,2758.08,3308.22
43089,L27,10871,A18,B29,C33,PCS,614,6.76,D,C09,1.199464,4150.64,4978.54
43089,L27,10871,A18,B29,C33,PCS,171,6.76,D,C09,1.199464,1155.96,1386.53
43089,L27,10871,A18,B29,C33,PCS,766,6.76,D,C09,1.199464,5178.16,6211.02
43089,L27,10871,A18,B29,C33,PCS,697,6.76,D,C09,1.199464,4711.72,5651.54
43089,L27,10871,A18,B29,C33,PCS,351,6.76,D,C09,1.199464,2372.76,2846.04
43089,L27,10871,A18,B29,C33,PCS,253,6.76,D,C09,1.199464,1710.28,2051.42
43084,L27,10937,A19,B30,C39,PCS,928,6.68,C,C08,1.496196,6199.04,9274.98
43084,L27,10937,A19,B30,C39,PCS,509,6.68,C,C08,1.496196,3400.12,5087.25
43084,L27,10937,A19,B30,C39,PCS,176,6.68,C,C08,1.496196,1175.68,1759.05
43084,L27,10937,A19,B30,C39,PCS,352,6.68,C,C08,1.496196,2351.36,3518.1
43084,L27,10937,A19,B30,C39,PCS,416,6.68,C,C08,1.496196,2778.88,4157.75
43084,L27,10937,A19,B30,C39,PCS,173,6.68,C,C08,1.496196,1155.64,1729.06
43084,L27,10937,A19,B30,C39,PCS,681,6.68,C,C08,1.496196,4549.08,6806.32
43084,L27,10937,A19,B30,C39,PCS,678,6.68,C,C08,1.496196,4529.04,6776.33
43084,L27,10937,A19,B30,C39,PCS,716,6.68,C,C08,1.496196,4782.88,7156.13
43084,L27,10937,A19,B30,C39,PCS,349,6.68,C,C08,1.496196,2331.32,3488.11
43079,L27,10950,A12,B29,C38,PCS,860,6.94,D,C09,1.199464,5968.4,7158.88
43079,L27,10950,A12,B29,C38,PCS,453,6.94,D,C09,1.199464,3143.82,3770.9
43079,L27,10950,A12,B29,C38,PCS,488,6.94,D,C09,1.199464,3386.72,4062.25
43079,L27,10950,A12,B29,C38,PCS,760,6.94,D,C09,1.199464,5274.4,6326.45
43079,L27,10950,A12,B29,C38,PCS,746,6.94,D,C09,1.199464,5177.24,6209.91
43079,L27,10950,A12,B29,C38,PCS,165,6.94,D,C09,1.199464,1145.1,1373.51
43079,L27,10950,A12,B29,C38,PCS,560,6.94,D,C09,1.199464,3886.4,4661.6
43079,L27,10950,A12,B29,C38,PCS,193,6.94,D,C09,1.199464,1339.42,1606.59
43079,L27,10950,A12,B29,C38,PCS,450,6.94,D,C09,1.199464,3123,3745.93
43079,L27,10950,A12,B29,C38,PCS,47,6.94,D,C09,1.199464,326.18,391.24
43087,L27,10993,A15,B30,C38,PCS,565,5.14,D,C07,1.358577,2904.1,3945.44
43087,L27,10993,A15,B30,C38,PCS,264,5.14,D,C07,1.358577,1356.96,1843.53
43087,L27,10993,A15,B30,C38,PCS,706,5.14,D,C07,1.358577,3628.84,4930.06
43087,L27,10993,A15,B30,C38,PCS,554,5.14,D,C07,1.358577,2847.56,3868.63
43087,L27,10993,A15,B30,C38,PCS,355,5.14,D,C07,1.358577,1824.7,2479
43087,L27,10993,A15,B30,C38,PCS,419,5.14,D,C07,1.358577,2153.66,2925.91
43087,L27,10993,A15,B30,C38,PCS,242,5.14,D,C07,1.358577,1243.88,1689.91
43087,L27,10993,A15,B30,C38,PCS,41,5.14,D,C07,1.358577,210.74,286.31
43087,L27,10993,A15,B30,C38,PCS,728,5.14,D,C07,1.358577,3741.92,5083.69
43087,L27,10993,A15,B30,C38,PCS,585,5.14,D,C07,1.358577,3006.9,4085.11
43080,L27,10994,A17,B23,C40,PCS,89,3.63,D,C03,7.133317,323.07,2304.56
43080,L27,10994,A17,B23,C40,PCS,212,3.63,D,C03,7.133317,769.56,5489.52
43080,L27,10994,A17,B23,C40,PCS,358,3.63,D,C03,7.133317,1299.54,9270.03
43080,L27,10994,A17,B23,C40,PCS,965,3.63,D,C03,7.133317,3502.95,24987.65
43080,L27,10994,A17,B23,C40,PCS,607,3.63,D,C03,7.133317,2203.41,15717.62
43080,L27,10994,A17,B23,C40,PCS,122,3.63,D,C03,7.133317,442.86,3159.06
43080,L27,10994,A17,B23,C40,PCS,358,3.63,D,C03,7.133317,1299.54,9270.03
43080,L27,10994,A17,B23,C40,PCS,12,3.63,D,C03,7.133317,43.56,310.73
43080,L27,10994,A17,B23,C40,PCS,76,3.63,D,C03,7.133317,275.88,1967.94
43080,L27,10994,A17,B23,C40,PCS,997,3.63,D,C03,7.133317,3619.11,25816.26
43082,L27,11000,A11,B24,C32,PCS,205,7.05,C,C10,8.657656,1445.25,12512.48
43082,L27,11000,A11,B24,C32,PCS,331,7.05,C,C10,8.657656,2333.55,20203.07
43082,L27,11000,A11,B24,C32,PCS,571,7.05,C,C10,8.657656,4025.55,34851.83
43082,L27,11000,A11,B24,C32,PCS,52,7.05,C,C10,8.657656,366.6,3173.9
43082,L27,11000,A11,B24,C32,PCS,693,7.05,C,C10,8.657656,4885.65,42298.28
43082,L27,11000,A11,B24,C32,PCS,913,7.05,C,C10,8.657656,6436.65,55726.3
43082,L27,11000,A11,B24,C32,PCS,38,7.05,C,C10,8.657656,267.9,2319.39
43082,L27,11000,A11,B24,C32,PCS,932,7.05,C,C10,8.657656,6570.6,56885.99
43082,L27,11000,A11,B24,C32,PCS,554,7.05,C,C10,8.657656,3905.7,33814.21
43082,L27,11000,A11,B24,C32,PCS,54,7.05,C,C10,8.657656,380.7,3295.97
43098,L27,11015,A13,B22,C35,PCS,808,9.71,C,C03,7.133317,7845.68,55965.72
43098,L27,11015,A13,B22,C35,PCS,849,9.71,C,C03,7.133317,8243.79,58805.57
43098,L27,11015,A13,B22,C35,PCS,699,9.71,C,C03,7.133317,6787.29,48415.89
43098,L27,11015,A13,B22,C35,PCS,461,9.71,C,C03,7.133317,4476.31,31930.94
43098,L27,11015,A13,B22,C35,PCS,937,9.71,C,C03,7.133317,9098.27,64900.84
43098,L27,11015,A13,B22,C35,PCS,951,9.71,C,C03,7.133317,9234.21,65870.55
43098,L27,11015,A13,B22,C35,PCS,913,9.71,C,C03,7.133317,8865.23,63238.5
43098,L27,11015,A13,B22,C35,PCS,54,9.71,C,C03,7.133317,524.34,3740.28
43098,L27,11015,A13,B22,C35,PCS,152,9.71,C,C03,7.133317,1475.92,10528.21
43098,L27,11015,A13,B22,C35,PCS,485,9.71,C,C03,7.133317,4709.35,33593.29
43088,L27,11060,A14,B23,C31,PCS,250,7.77,D,C08,1.496196,1942.5,2906.36
43088,L27,11060,A14,B23,C31,PCS,259,7.77,D,C08,1.496196,2012.43,3010.99
43088,L27,11060,A14,B23,C31,PCS,591,7.77,D,C08,1.496196,4592.07,6870.64
43088,L27,11060,A14,B23,C31,PCS,185,7.77,D,C08,1.496196,1437.45,2150.71
43088,L27,11060,A14,B23,C31,PCS,691,7.77,D,C08,1.496196,5369.07,8033.18
43088,L27,11060,A14,B23,C31,PCS,328,7.77,D,C08,1.496196,2548.56,3813.15
43088,L27,11060,A14,B23,C31,PCS,458,7.77,D,C08,1.496196,3558.66,5324.45
43088,L27,11060,A14,B23,C31,PCS,98,7.77,D,C08,1.496196,761.46,1139.29
43088,L27,11060,A14,B23,C31,PCS,763,7.77,D,C08,1.496196,5928.51,8870.21
43088,L27,11060,A14,B23,C31,PCS,566,7.77,D,C08,1.496196,4397.82,6580
43097,L27,11101,A19,B30,C32,PCS,736,9.62,C,C07,1.358577,7080.32,9619.16
43097,L27,11101,A19,B30,C32,PCS,763,9.62,C,C07,1.358577,7340.06,9972.04
43097,L27,11101,A19,B30,C32,PCS,56,9.62,C,C07,1.358577,538.72,731.89
43097,L27,11101,A19,B30,C32,PCS,962,9.62,C,C07,1.358577,9254.44,12572.87
43097,L27,11101,A19,B30,C32,PCS,956,9.62,C,C07,1.358577,9196.72,12494.45
43097,L27,11101,A19,B30,C32,PCS,155,9.62,C,C07,1.358577,1491.1,2025.77
43097,L27,11101,A19,B30,C32,PCS,839,9.62,C,C07,1.358577,8071.18,10965.32
43097,L27,11101,A19,B30,C32,PCS,938,9.62,C,C07,1.358577,9023.56,12259.2
43097,L27,11101,A19,B30,C32,PCS,20,9.62,C,C07,1.358577,192.4,261.39
43097,L27,11101,A19,B30,C32,PCS,841,9.62,C,C07,1.358577,8090.42,10991.46
43096,L27,11103,A19,B30,C37,PCS,939,9.49,D,C05,3.40242,8911.11,30319.34
43096,L27,11103,A19,B30,C37,PCS,423,9.49,D,C05,3.40242,4014.27,13658.23
43096,L27,11103,A19,B30,C37,PCS,644,9.49,D,C05,3.40242,6111.56,20794.09
43096,L27,11103,A19,B30,C37,PCS,325,9.49,D,C05,3.40242,3084.25,10493.91
43096,L27,11103,A19,B30,C37,PCS,939,9.49,D,C05,3.40242,8911.11,30319.34
43096,L27,11103,A19,B30,C37,PCS,101,9.49,D,C05,3.40242,958.49,3261.19
43096,L27,11103,A19,B30,C37,PCS,42,9.49,D,C05,3.40242,398.58,1356.14
43096,L27,11103,A19,B30,C37,PCS,645,9.49,D,C05,3.40242,6121.05,20826.38
43096,L27,11103,A19,B30,C37,PCS,811,9.49,D,C05,3.40242,7696.39,26186.35
43096,L27,11103,A19,B30,C37,PCS,881,9.49,D,C05,3.40242,8360.69,28446.58
43095,L27,11157,A19,B25,C32,PCS,367,6.65,C,C03,7.133317,2440.55,17409.22
43095,L27,11157,A19,B25,C32,PCS,900,6.65,C,C03,7.133317,5985,42692.9
43095,L27,11157,A19,B25,C32,PCS,357,6.65,C,C03,7.133317,2374.05,16934.85
43095,L27,11157,A19,B25,C32,PCS,853,6.65,C,C03,7.133317,5672.45,40463.38
43095,L27,11157,A19,B25,C32,PCS,558,6.65,C,C03,7.133317,3710.7,26469.6
43095,L27,11157,A19,B25,C32,PCS,346,6.65,C,C03,7.133317,2300.9,16413.05
43095,L27,11157,A19,B25,C32,PCS,38,6.65,C,C03,7.133317,252.7,1802.59
43095,L27,11157,A19,B25,C32,PCS,884,6.65,C,C03,7.133317,5878.6,41933.92
43095,L27,11157,A19,B25,C32,PCS,565,6.65,C,C03,7.133317,3757.25,26801.66
43095,L27,11157,A19,B25,C32,PCS,36,6.65,C,C03,7.133317,239.4,1707.72
43082,L27,11287,A10,B23,C35,PCS,427,4.79,C,C10,8.657656,2045.33,17707.76
43082,L27,11287,A10,B23,C35,PCS,408,4.79,C,C10,8.657656,1954.32,16919.83
43082,L27,11287,A10,B23,C35,PCS,780,4.79,C,C10,8.657656,3736.2,32346.73
43082,L27,11287,A10,B23,C35,PCS,459,4.79,C,C10,8.657656,2198.61,19034.81
43082,L27,11287,A10,B23,C35,PCS,745,4.79,C,C10,8.657656,3568.55,30895.28
43082,L27,11287,A10,B23,C35,PCS,811,4.79,C,C10,8.657656,3884.69,33632.31
43082,L27,11287,A10,B23,C35,PCS,528,4.79,C,C10,8.657656,2529.12,21896.25
43082,L27,11287,A10,B23,C35,PCS,194,4.79,C,C10,8.657656,929.26,8045.21
43082,L27,11287,A10,B23,C35,PCS,138,4.79,C,C10,8.657656,661.02,5722.88
43082,L27,11287,A10,B23,C35,PCS,173,4.79,C,C10,8.657656,828.67,7174.34
43073,L27,11407,A20,B27,C36,PCS,541,1.52,D,C01,6.825646,822.32,5612.87
43073,L27,11407,A20,B27,C36,PCS,229,1.52,D,C01,6.825646,348.08,2375.87
43073,L27,11407,A20,B27,C36,PCS,52,1.52,D,C01,6.825646,79.04,539.5
43073,L27,11407,A20,B27,C36,PCS,992,1.52,D,C01,6.825646,1507.84,10291.98
43073,L27,11407,A20,B27,C36,PCS,969,1.52,D,C01,6.825646,1472.88,10053.36
43073,L27,11407,A20,B27,C36,PCS,763,1.52,D,C01,6.825646,1159.76,7916.11
43073,L27,11407,A20,B27,C36,PCS,330,1.52,D,C01,6.825646,501.6,3423.74
43073,L27,11407,A20,B27,C36,PCS,98,1.52,D,C01,6.825646,148.96,1016.75
43073,L27,11407,A20,B27,C36,PCS,927,1.52,D,C01,6.825646,1409.04,9617.61
43073,L27,11407,A20,B27,C36,PCS,361,1.52,D,C01,6.825646,548.72,3745.37
43097,L27,11562,A16,B29,C32,PCS,86,4.51,C,C02,9.912483,387.86,3844.66
43097,L27,11562,A16,B29,C32,PCS,985,4.51,C,C02,9.912483,4442.35,44034.72
43097,L27,11562,A16,B29,C32,PCS,121,4.51,C,C02,9.912483,545.71,5409.34
43097,L27,11562,A16,B29,C32,PCS,133,4.51,C,C02,9.912483,599.83,5945.8
43097,L27,11562,A16,B29,C32,PCS,444,4.51,C,C02,9.912483,2002.44,19849.15
43097,L27,11562,A16,B29,C32,PCS,10,4.51,C,C02,9.912483,45.1,447.05
43097,L27,11562,A16,B29,C32,PCS,161,4.51,C,C02,9.912483,726.11,7197.55
43097,L27,11562,A16,B29,C32,PCS,743,4.51,C,C02,9.912483,3350.93,33216.04
43097,L27,11562,A16,B29,C32,PCS,375,4.51,C,C02,9.912483,1691.25,16764.49
43097,L27,11562,A16,B29,C32,PCS,982,4.51,C,C02,9.912483,4428.82,43900.6
43075,L27,11592,A18,B26,C31,PCS,771,3.6,C,C07,1.358577,2775.6,3770.87
43075,L27,11592,A18,B26,C31,PCS,462,3.6,C,C07,1.358577,1663.2,2259.59
43075,L27,11592,A18,B26,C31,PCS,121,3.6,C,C07,1.358577,435.6,591.8
43075,L27,11592,A18,B26,C31,PCS,903,3.6,C,C07,1.358577,3250.8,4416.46
43075,L27,11592,A18,B26,C31,PCS,959,3.6,C,C07,1.358577,3452.4,4690.35
43075,L27,11592,A18,B26,C31,PCS,602,3.6,C,C07,1.358577,2167.2,2944.31
43075,L27,11592,A18,B26,C31,PCS,785,3.6,C,C07,1.358577,2826,3839.34
43075,L27,11592,A18,B26,C31,PCS,981,3.6,C,C07,1.358577,3531.6,4797.95
43075,L27,11592,A18,B26,C31,PCS,139,3.6,C,C07,1.358577,500.4,679.83
43075,L27,11592,A18,B26,C31,PCS,44,3.6,C,C07,1.358577,158.4,215.2
43097,L27,11687,A13,B23,C39,PCS,135,9.62,C,C07,1.358577,1298.7,1764.38
43097,L27,11687,A13,B23,C39,PCS,108,9.62,C,C07,1.358577,1038.96,1411.51
43097,L27,11687,A13,B23,C39,PCS,300,9.62,C,C07,1.358577,2886,3920.85
43097,L27,11687,A13,B23,C39,PCS,824,9.62,C,C07,1.358577,7926.88,10769.28
43097,L27,11687,A13,B23,C39,PCS,778,9.62,C,C07,1.358577,7484.36,10168.08
43097,L27,11687,A13,B23,C39,PCS,726,9.62,C,C07,1.358577,6984.12,9488.46
43097,L27,11687,A13,B23,C39,PCS,425,9.62,C,C07,1.358577,4088.5,5554.54
43097,L27,11687,A13,B23,C39,PCS,636,9.62,C,C07,1.358577,6118.32,8312.21
43097,L27,11687,A13,B23,C39,PCS,382,9.62,C,C07,1.358577,3674.84,4992.55
43097,L27,11687,A13,B23,C39,PCS,769,9.62,C,C07,1.358577,7397.78,10050.45
43075,L27,11707,A16,B29,C37,PCS,458,3.6,D,C07,1.358577,1648.8,2240.02
43075,L27,11707,A16,B29,C37,PCS,683,3.6,D,C07,1.358577,2458.8,3340.47
43075,L27,11707,A16,B29,C37,PCS,915,3.6,D,C07,1.358577,3294,4475.15
43075,L27,11707,A16,B29,C37,PCS,409,3.6,D,C07,1.358577,1472.4,2000.37
43075,L27,11707,A16,B29,C37,PCS,856,3.6,D,C07,1.358577,3081.6,4186.59
43075,L27,11707,A16,B29,C37,PCS,611,3.6,D,C07,1.358577,2199.6,2988.33
43075,L27,11707,A16,B29,C37,PCS,382,3.6,D,C07,1.358577,1375.2,1868.32
43075,L27,11707,A16,B29,C37,PCS,846,3.6,D,C07,1.358577,3045.6,4137.68
43075,L27,11707,A16,B29,C37,PCS,790,3.6,D,C07,1.358577,2844,3863.79
43075,L27,11707,A16,B29,C37,PCS,462,3.6,D,C07,1.358577,1663.2,2259.59
43070,L27,11793,A18,B21,C37,PCS,586,3.47,C,C02,9.912483,2033.42,20156.24
43070,L27,11793,A18,B21,C37,PCS,379,3.47,C,C02,9.912483,1315.13,13036.2
43070,L27,11793,A18,B21,C37,PCS,191,3.47,C,C02,9.912483,662.77,6569.7
43070,L27,11793,A18,B21,C37,PCS,72,3.47,C,C02,9.912483,249.84,2476.53
43070,L27,11793,A18,B21,C37,PCS,990,3.47,C,C02,9.912483,3435.3,34052.35
43070,L27,11793,A18,B21,C37,PCS,56,3.47,C,C02,9.912483,194.32,1926.19
43070,L27,11793,A18,B21,C37,PCS,676,3.47,C,C02,9.912483,2345.72,23251.91
43070,L27,11793,A18,B21,C37,PCS,704,3.47,C,C02,9.912483,2442.88,24215.01
43070,L27,11793,A18,B21,C37,PCS,835,3.47,C,C02,9.912483,2897.45,28720.92
43070,L27,11793,A18,B21,C37,PCS,472,3.47,C,C02,9.912483,1637.84,16235.06
43100,L27,11882,A13,B22,C32,PCS,873,5.44,D,C02,9.912483,4749.12,47075.57
43100,L27,11882,A13,B22,C32,PCS,990,5.44,D,C02,9.912483,5385.6,53384.67
43100,L27,11882,A13,B22,C32,PCS,840,5.44,D,C02,9.912483,4569.6,45296.08
43100,L27,11882,A13,B22,C32,PCS,806,5.44,D,C02,9.912483,4384.64,43462.67
43100,L27,11882,A13,B22,C32,PCS,254,5.44,D,C02,9.912483,1381.76,13696.67
43100,L27,11882,A13,B22,C32,PCS,433,5.44,D,C02,9.912483,2355.52,23349.05
43100,L27,11882,A13,B22,C32,PCS,655,5.44,D,C02,9.912483,3563.2,35320.16
43100,L27,11882,A13,B22,C32,PCS,710,5.44,D,C02,9.912483,3862.4,38285.97
43100,L27,11882,A13,B22,C32,PCS,662,5.44,D,C02,9.912483,3601.28,35697.63
43100,L27,11882,A13,B22,C32,PCS,320,5.44,D,C02,9.912483,1740.8,17255.65
43098,L27,12061,A15,B21,C34,PCS,340,7.74,C,C04,5.388146,2631.6,14179.45
43098,L27,12061,A15,B21,C34,PCS,284,7.74,C,C04,5.388146,2198.16,11844.01
43098,L27,12061,A15,B21,C34,PCS,238,7.74,C,C04,5.388146,1842.12,9925.61
43098,L27,12061,A15,B21,C34,PCS,208,7.74,C,C04,5.388146,1609.92,8674.48
43098,L27,12061,A15,B21,C34,PCS,901,7.74,C,C04,5.388146,6973.74,37575.53
43098,L27,12061,A15,B21,C34,PCS,453,7.74,C,C04,5.388146,3506.22,18892.03
43098,L27,12061,A15,B21,C34,PCS,114,7.74,C,C04,5.388146,882.36,4754.28
43098,L27,12061,A15,B21,C34,PCS,336,7.74,C,C04,5.388146,2600.64,14012.63
43098,L27,12061,A15,B21,C34,PCS,271,7.74,C,C04,5.388146,2097.54,11301.85
43098,L27,12061,A15,B21,C34,PCS,304,7.74,C,C04,5.388146,2352.96,12678.09
43098,L27,12113,A19,B22,C35,PCS,191,9.71,D,C03,7.133317,1854.61,13229.52
43098,L27,12113,A19,B22,C35,PCS,295,9.71,D,C03,7.133317,2864.45,20433.03
43098,L27,12113,A19,B22,C35,PCS,671,9.71,D,C03,7.133317,6515.41,46476.48
43098,L27,12113,A19,B22,C35,PCS,475,9.71,D,C03,7.133317,4612.25,32900.64
43098,L27,12113,A19,B22,C35,PCS,250,9.71,D,C03,7.133317,2427.5,17316.13
43098,L27,12113,A19,B22,C35,PCS,332,9.71,D,C03,7.133317,3223.72,22995.82
43098,L27,12113,A19,B22,C35,PCS,589,9.71,D,C03,7.133317,5719.19,40796.8
43098,L27,12113,A19,B22,C35,PCS,560,9.71,D,C03,7.133317,5437.6,38788.12
43098,L27,12113,A19,B22,C35,PCS,623,9.71,D,C03,7.133317,6049.33,43151.79
43098,L27,12113,A19,B22,C35,PCS,409,9.71,D,C03,7.133317,3971.39,28329.18
43074,L27,12212,A17,B23,C34,PCS,924,9.44,D,C04,5.388146,8722.56,46998.43
43074,L27,12212,A17,B23,C34,PCS,846,9.44,D,C04,5.388146,7986.24,43031.03
43074,L27,12212,A17,B23,C34,PCS,290,9.44,D,C04,5.388146,2737.6,14750.59
43074,L27,12212,A17,B23,C34,PCS,512,9.44,D,C04,5.388146,4833.28,26042.42
43074,L27,12212,A17,B23,C34,PCS,600,9.44,D,C04,5.388146,5664,30518.46
43074,L27,12212,A17,B23,C34,PCS,580,9.44,D,C04,5.388146,5475.2,29501.18
43074,L27,12212,A17,B23,C34,PCS,522,9.44,D,C04,5.388146,4927.68,26551.06
43074,L27,12212,A17,B23,C34,PCS,402,9.44,D,C04,5.388146,3794.88,20447.37
43074,L27,12212,A17,B23,C34,PCS,693,9.44,D,C04,5.388146,6541.92,35248.82
43074,L27,12212,A17,B23,C34,PCS,69,9.44,D,C04,5.388146,651.36,3509.62
43080,L27,12214,A16,B28,C35,PCS,919,4.95,C,C09,1.199464,4549.05,5456.42
43080,L27,12214,A16,B28,C35,PCS,364,4.95,C,C09,1.199464,1801.8,2161.19
43080,L27,12214,A16,B28,C35,PCS,839,4.95,C,C09,1.199464,4153.05,4981.43
43080,L27,12214,A16,B28,C35,PCS,811,4.95,C,C09,1.199464,4014.45,4815.19
43080,L27,12214,A16,B28,C35,PCS,82,4.95,C,C09,1.199464,405.9,486.86
43080,L27,12214,A16,B28,C35,PCS,158,4.95,C,C09,1.199464,782.1,938.1
43080,L27,12214,A16,B28,C35,PCS,400,4.95,C,C09,1.199464,1980,2374.94
43080,L27,12214,A16,B28,C35,PCS,464,4.95,C,C09,1.199464,2296.8,2754.93
43080,L27,12214,A16,B28,C35,PCS,321,4.95,C,C09,1.199464,1588.95,1905.89
43080,L27,12214,A16,B28,C35,PCS,316,4.95,C,C09,1.199464,1564.2,1876.2
43080,L27,12234,A15,B25,C35,PCS,504,8.19,C,C04,5.388146,4127.76,22240.97
43080,L27,12234,A15,B25,C35,PCS,211,8.19,C,C04,5.388146,1728.09,9311.2
43080,L27,12234,A15,B25,C35,PCS,325,8.19,C,C04,5.388146,2661.75,14341.9
43080,L27,12234,A15,B25,C35,PCS,765,8.19,C,C04,5.388146,6265.35,33758.62
43080,L27,12234,A15,B25,C35,PCS,152,8.19,C,C04,5.388146,1244.88,6707.6
43080,L27,12234,A15,B25,C35,PCS,490,8.19,C,C04,5.388146,4013.1,21623.17
43080,L27,12234,A15,B25,C35,PCS,618,8.19,C,C04,5.388146,5061.42,27271.67
43080,L27,12234,A15,B25,C35,PCS,690,8.19,C,C04,5.388146,5651.1,30448.95
43080,L27,12234,A15,B25,C35,PCS,435,8.19,C,C04,5.388146,3562.65,19196.08
43080,L27,12234,A15,B25,C35,PCS,632,8.19,C,C04,5.388146,5176.08,27889.47
43082,L27,12348,A11,B26,C31,PCS,452,4.79,C,C10,8.657656,2165.08,18744.52
43082,L27,12348,A11,B26,C31,PCS,2,4.79,C,C10,8.657656,9.58,82.94
43082,L27,12348,A11,B26,C31,PCS,396,4.79,C,C10,8.657656,1896.84,16422.19
43082,L27,12348,A11,B26,C31,PCS,653,4.79,C,C10,8.657656,3127.87,27080.02
43082,L27,12348,A11,B26,C31,PCS,313,4.79,C,C10,8.657656,1499.27,12980.16
43082,L27,12348,A11,B26,C31,PCS,617,4.79,C,C10,8.657656,2955.43,25587.1
43082,L27,12348,A11,B26,C31,PCS,115,4.79,C,C10,8.657656,550.85,4769.07
43082,L27,12348,A11,B26,C31,PCS,664,4.79,C,C10,8.657656,3180.56,27536.19
43082,L27,12348,A11,B26,C31,PCS,569,4.79,C,C10,8.657656,2725.51,23596.53
43082,L27,12348,A11,B26,C31,PCS,771,4.79,C,C10,8.657656,3693.09,31973.5
43080,L27,12382,A17,B29,C36,PCS,382,3.63,D,C03,7.133317,1386.66,9891.49
43080,L27,12382,A17,B29,C36,PCS,575,3.63,D,C03,7.133317,2087.25,14889.02
43080,L27,12382,A17,B29,C36,PCS,205,3.63,D,C03,7.133317,744.15,5308.26
43080,L27,12382,A17,B29,C36,PCS,736,3.63,D,C03,7.133317,2671.68,19057.94
43080,L27,12382,A17,B29,C36,PCS,789,3.63,D,C03,7.133317,2864.07,20430.32
43080,L27,12382,A17,B29,C36,PCS,648,3.63,D,C03,7.133317,2352.24,16779.27
43080,L27,12382,A17,B29,C36,PCS,135,3.63,D,C03,7.133317,490.05,3495.68
43080,L27,12382,A17,B29,C36,PCS,380,3.63,D,C03,7.133317,1379.4,9839.7
43080,L27,12382,A17,B29,C36,PCS,685,3.63,D,C03,7.133317,2486.55,17737.35
43080,L27,12382,A17,B29,C36,PCS,428,3.63,D,C03,7.133317,1553.64,11082.61
43079,L27,12401,A20,B29,C32,PCS,941,7.66,C,C02,9.912483,7208.06,71449.77
43079,L27,12401,A20,B29,C32,PCS,651,7.66,C,C02,9.912483,4986.66,49430.18
43079,L27,12401,A20,B29,C32,PCS,315,7.66,C,C02,9.912483,2412.9,23917.83
43079,L27,12401,A20,B29,C32,PCS,157,7.66,C,C02,9.912483,1202.62,11920.95
43079,L27,12401,A20,B29,C32,PCS,763,7.66,C,C02,9.912483,5844.58,57934.3
43079,L27,12401,A20,B29,C32,PCS,649,7.66,C,C02,9.912483,4971.34,49278.32
43079,L27,12401,A20,B29,C32,PCS,253,7.66,C,C02,9.912483,1937.98,19210.19
43079,L27,12401,A20,B29,C32,PCS,272,7.66,C,C02,9.912483,2083.52,20652.86
43079,L27,12401,A20,B29,C32,PCS,454,7.66,C,C02,9.912483,3477.64,34472.05
43079,L27,12401,A20,B29,C32,PCS,274,7.66,C,C02,9.912483,2098.84,20804.72
43092,L27,12438,A11,B25,C38,PCS,433,7.12,C,C01,6.825646,3082.96,21043.19
43092,L27,12438,A11,B25,C38,PCS,257,7.12,C,C01,6.825646,1829.84,12489.84
43092,L27,12438,A11,B25,C38,PCS,639,7.12,C,C01,6.825646,4549.68,31054.51
43092,L27,12438,A11,B25,C38,PCS,891,7.12,C,C01,6.825646,6343.92,43301.35
43092,L27,12438,A11,B25,C38,PCS,435,7.12,C,C01,6.825646,3097.2,21140.39
43092,L27,12438,A11,B25,C38,PCS,51,7.12,C,C01,6.825646,363.12,2478.53
43092,L27,12438,A11,B25,C38,PCS,755,7.12,C,C01,6.825646,5375.6,36691.94
43092,L27,12438,A11,B25,C38,PCS,781,7.12,C,C01,6.825646,5560.72,37955.51
43092,L27,12438,A11,B25,C38,PCS,251,7.12,C,C01,6.825646,1787.12,12198.25
43092,L27,12438,A11,B25,C38,PCS,943,7.12,C,C01,6.825646,6714.16,45828.48
43080,L27,12579,A10,B30,C34,PCS,283,4.95,D,C09,1.199464,1400.85,1680.27
43080,L27,12579,A10,B30,C34,PCS,148,4.95,D,C09,1.199464,732.6,878.73
43080,L27,12579,A10,B30,C34,PCS,47,4.95,D,C09,1.199464,232.65,279.06
43080,L27,12579,A10,B30,C34,PCS,822,4.95,D,C09,1.199464,4068.9,4880.5
43080,L27,12579,A10,B30,C34,PCS,541,4.95,D,C09,1.199464,2677.95,3212.1
43080,L27,12579,A10,B30,C34,PCS,495,4.95,D,C09,1.199464,2450.25,2938.99
43080,L27,12579,A10,B30,C34,PCS,886,4.95,D,C09,1.199464,4385.7,5260.49
43080,L27,12579,A10,B30,C34,PCS,637,4.95,D,C09,1.199464,3153.15,3782.09
43080,L27,12579,A10,B30,C34,PCS,105,4.95,D,C09,1.199464,519.75,623.42
43080,L27,12579,A10,B30,C34,PCS,486,4.95,D,C09,1.199464,2405.7,2885.55
43070,L27,12593,A10,B29,C35,PCS,692,3.47,C,C02,9.912483,2401.24,23802.25
43070,L27,12593,A10,B29,C35,PCS,53,3.47,C,C02,9.912483,183.91,1823
43070,L27,12593,A10,B29,C35,PCS,897,3.47,C,C02,9.912483,3112.59,30853.5
43070,L27,12593,A10,B29,C35,PCS,772,3.47,C,C02,9.912483,2678.84,26553.96
43070,L27,12593,A10,B29,C35,PCS,929,3.47,C,C02,9.912483,3223.63,31954.18
43070,L27,12593,A10,B29,C35,PCS,152,3.47,C,C02,9.912483,527.44,5228.24
43070,L27,12593,A10,B29,C35,PCS,888,3.47,C,C02,9.912483,3081.36,30543.93
43070,L27,12593,A10,B29,C35,PCS,960,3.47,C,C02,9.912483,3331.2,33020.46
43070,L27,12593,A10,B29,C35,PCS,359,3.47,C,C02,9.912483,1245.73,12348.28
43070,L27,12593,A10,B29,C35,PCS,794,3.47,C,C02,9.912483,2755.18,27310.67
43073,L27,12660,A20,B29,C32,PCS,707,1.52,C,C01,6.825646,1074.64,7335.11
43073,L27,12660,A20,B29,C32,PCS,717,1.52,C,C01,6.825646,1089.84,7438.86
43073,L27,12660,A20,B29,C32,PCS,961,1.52,C,C01,6.825646,1460.72,9970.36
43073,L27,12660,A20,B29,C32,PCS,786,1.52,C,C01,6.825646,1194.72,8154.74
43073,L27,12660,A20,B29,C32,PCS,746,1.52,C,C01,6.825646,1133.92,7739.74
43073,L27,12660,A20,B29,C32,PCS,353,1.52,C,C01,6.825646,536.56,3662.37
43073,L27,12660,A20,B29,C32,PCS,355,1.52,C,C01,6.825646,539.6,3683.12
43073,L27,12660,A20,B29,C32,PCS,962,1.52,C,C01,6.825646,1462.24,9980.73
43073,L27,12660,A20,B29,C32,PCS,721,1.52,C,C01,6.825646,1095.92,7480.36
43073,L27,12660,A20,B29,C32,PCS,691,1.52,C,C01,6.825646,1050.32,7169.11
43099,L27,12852,A20,B21,C33,PCS,784,4.86,C,C02,9.912483,3810.24,37768.94
43099,L27,12852,A20,B21,C33,PCS,606,4.86,C,C02,9.912483,2945.16,29193.85
43099,L27,12852,A20,B21,C33,PCS,734,4.86,C,C02,9.912483,3567.24,35360.21
43099,L27,12852,A20,B21,C33,PCS,408,4.86,C,C02,9.912483,1982.88,19655.26
43099,L27,12852,A20,B21,C33,PCS,200,4.86,C,C02,9.912483,972,9634.93
43099,L27,12852,A20,B21,C33,PCS,596,4.86,C,C02,9.912483,2896.56,28712.1
43099,L27,12852,A20,B21,C33,PCS,46,4.86,C,C02,9.912483,223.56,2216.03
43099,L27,12852,A20,B21,C33,PCS,938,4.86,C,C02,9.912483,4558.68,45187.84
43099,L27,12852,A20,B21,C33,PCS,492,4.86,C,C02,9.912483,2391.12,23701.94
43099,L27,12852,A20,B21,C33,PCS,69,4.86,C,C02,9.912483,335.34,3324.05
43080,L27,12937,A16,B28,C32,PCS,652,4.95,C,C09,1.199464,3227.4,3871.15
43080,L27,12937,A16,B28,C32,PCS,679,4.95,C,C09,1.199464,3361.05,4031.46
43080,L27,12937,A16,B28,C32,PCS,778,4.95,C,C09,1.199464,3851.1,4619.26
43080,L27,12937,A16,B28,C32,PCS,28,4.95,C,C09,1.199464,138.6,166.25
43080,L27,12937,A16,B28,C32,PCS,650,4.95,C,C09,1.199464,3217.5,3859.28
43080,L27,12937,A16,B28,C32,PCS,28,4.95,C,C09,1.199464,138.6,166.25
43080,L27,12937,A16,B28,C32,PCS,313,4.95,C,C09,1.199464,1549.35,1858.39
43080,L27,12937,A16,B28,C32,PCS,964,4.95,C,C09,1.199464,4771.8,5723.6
43080,L27,12937,A16,B28,C32,PCS,957,4.95,C,C09,1.199464,4737.15,5682.04
43080,L27,12937,A16,B28,C32,PCS,951,4.95,C,C09,1.199464,4707.45,5646.42
43083,L27,13007,A14,B28,C38,PCS,723,1.59,D,C04,5.388146,1149.57,6194.05
43083,L27,13007,A14,B28,C38,PCS,695,1.59,D,C04,5.388146,1105.05,5954.17
43083,L27,13007,A14,B28,C38,PCS,852,1.59,D,C04,5.388146,1354.68,7299.21
43083,L27,13007,A14,B28,C38,PCS,505,1.59,D,C04,5.388146,802.95,4326.41
43083,L27,13007,A14,B28,C38,PCS,395,1.59,D,C04,5.388146,628.05,3384.03
43083,L27,13007,A14,B28,C38,PCS,607,1.59,D,C04,5.388146,965.13,5200.26
43083,L27,13007,A14,B28,C38,PCS,33,1.59,D,C04,5.388146,52.47,282.72
43083,L27,13007,A14,B28,C38,PCS,195,1.59,D,C04,5.388146,310.05,1670.59
43083,L27,13007,A14,B28,C38,PCS,811,1.59,D,C04,5.388146,1289.49,6947.96
43083,L27,13007,A14,B28,C38,PCS,361,1.59,D,C04,5.388146,573.99,3092.74
43088,L27,13206,A10,B30,C38,PCS,982,9.56,D,C04,5.388146,9387.92,50583.48
43088,L27,13206,A10,B30,C38,PCS,940,9.56,D,C04,5.388146,8986.4,48420.04
43088,L27,13206,A10,B30,C38,PCS,943,9.56,D,C04,5.388146,9015.08,48574.57
43088,L27,13206,A10,B30,C38,PCS,676,9.56,D,C04,5.388146,6462.56,34821.22
43088,L27,13206,A10,B30,C38,PCS,261,9.56,D,C04,5.388146,2495.16,13444.29
43088,L27,13206,A10,B30,C38,PCS,901,9.56,D,C04,5.388146,8613.56,46411.12
43088,L27,13206,A10,B30,C38,PCS,906,9.56,D,C04,5.388146,8661.36,46668.67
43088,L27,13206,A10,B30,C38,PCS,459,9.56,D,C04,5.388146,4388.04,23643.4
43088,L27,13206,A10,B30,C38,PCS,341,9.56,D,C04,5.388146,3259.96,17565.14
43088,L27,13206,A10,B30,C38,PCS,444,9.56,D,C04,5.388146,4244.64,22870.74
43076,L27,13277,A13,B25,C39,PCS,505,4.59,D,C06,3.547054,2317.95,8221.89
43076,L27,13277,A13,B25,C39,PCS,27,4.59,D,C06,3.547054,123.93,439.59
43076,L27,13277,A13,B25,C39,PCS,767,4.59,D,C06,3.547054,3520.53,12487.51
43076,L27,13277,A13,B25,C39,PCS,759,4.59,D,C06,3.547054,3483.81,12357.26
43076,L27,13277,A13,B25,C39,PCS,495,4.59,D,C06,3.547054,2272.05,8059.08
43076,L27,13277,A13,B25,C39,PCS,385,4.59,D,C06,3.547054,1767.15,6268.18
43076,L27,13277,A13,B25,C39,PCS,237,4.59,D,C06,3.547054,1087.83,3858.59
43076,L27,13277,A13,B25,C39,PCS,17,4.59,D,C06,3.547054,78.03,276.78
43076,L27,13277,A13,B25,C39,PCS,195,4.59,D,C06,3.547054,895.05,3174.79
43076,L27,13277,A13,B25,C39,PCS,262,4.59,D,C06,3.547054,1202.58,4265.62
43092,L27,13309,A12,B20,C31,PCS,172,7.12,C,C01,6.825646,1224.64,8358.96
43092,L27,13309,A12,B20,C31,PCS,642,7.12,C,C01,6.825646,4571.04,31200.3
43092,L27,13309,A12,B20,C31,PCS,502,7.12,C,C01,6.825646,3574.24,24396.5
43092,L27,13309,A12,B20,C31,PCS,384,7.12,C,C01,6.825646,2734.08,18661.86
43092,L27,13309,A12,B20,C31,PCS,883,7.12,C,C01,6.825646,6286.96,42912.56
43092,L27,13309,A12,B20,C31,PCS,711,7.12,C,C01,6.825646,5062.32,34553.6
43092,L27,13309,A12,B20,C31,PCS,882,7.12,C,C01,6.825646,6279.84,42863.96
43092,L27,13309,A12,B20,C31,PCS,862,7.12,C,C01,6.825646,6137.44,41891.99
43092,L27,13309,A12,B20,C31,PCS,441,7.12,C,C01,6.825646,3139.92,21431.98
43092,L27,13309,A12,B20,C31,PCS,925,7.12,C,C01,6.825646,6586,44953.7
43083,L27,13312,A10,B28,C40,PCS,884,2.49,D,C04,5.388146,2201.16,11860.17
43083,L27,13312,A10,B28,C40,PCS,989,2.49,D,C04,5.388146,2462.61,13268.9
43083,L27,13312,A10,B28,C40,PCS,260,2.49,D,C04,5.388146,647.4,3488.29
43083,L27,13312,A10,B28,C40,PCS,979,2.49,D,C04,5.388146,2437.71,13134.74
43083,L27,13312,A10,B28,C40,PCS,400,2.49,D,C04,5.388146,996,5366.59
43083,L27,13312,A10,B28,C40,PCS,223,2.49,D,C04,5.388146,555.27,2991.88
43083,L27,13312,A10,B28,C40,PCS,692,2.49,D,C04,5.388146,1723.08,9284.21
43083,L27,13312,A10,B28,C40,PCS,324,2.49,D,C04,5.388146,806.76,4346.94
43083,L27,13312,A10,B28,C40,PCS,816,2.49,D,C04,5.388146,2031.84,10947.85
43083,L27,13312,A10,B28,C40,PCS,974,2.49,D,C04,5.388146,2425.26,13067.65
43095,L27,13356,A19,B25,C30,PCS,105,6.65,C,C03,7.133317,698.25,4980.84
43095,L27,13356,A19,B25,C30,PCS,808,6.65,C,C03,7.133317,5373.2,38328.74
43095,L27,13356,A19,B25,C30,PCS,890,6.65,C,C03,7.133317,5918.5,42218.54
43095,L27,13356,A19,B25,C30,PCS,813,6.65,C,C03,7.133317,5406.45,38565.92
43095,L27,13356,A19,B25,C30,PCS,726,6.65,C,C03,7.133317,4827.9,34438.94
43095,L27,13356,A19,B25,C30,PCS,946,6.65,C,C03,7.133317,6290.9,44874.98
43095,L27,13356,A19,B25,C30,PCS,956,6.65,C,C03,7.133317,6357.4,45349.35
43095,L27,13356,A19,B25,C30,PCS,309,6.65,C,C03,7.133317,2054.85,14657.9
43095,L27,13356,A19,B25,C30,PCS,724,6.65,C,C03,7.133317,4814.6,34344.07
43095,L27,13356,A19,B25,C30,PCS,136,6.65,C,C03,7.133317,904.4,6451.37
43098,L27,13374,A16,B20,C39,PCS,567,9.71,C,C03,7.133317,5505.57,39272.98
43098,L27,13374,A16,B20,C39,PCS,648,9.71,C,C03,7.133317,6292.08,44883.4
43098,L27,13374,A16,B20,C39,PCS,704,9.71,C,C03,7.133317,6835.84,48762.21
43098,L27,13374,A16,B20,C39,PCS,422,9.71,C,C03,7.133317,4097.62,29229.62
43098,L27,13374,A16,B20,C39,PCS,202,9.71,C,C03,7.133317,1961.42,13991.43
43098,L27,13374,A16,B20,C39,PCS,111,9.71,C,C03,7.133317,1077.81,7688.36
43098,L27,13374,A16,B20,C39,PCS,365,9.71,C,C03,7.133317,3544.15,25281.55
43098,L27,13374,A16,B20,C39,PCS,243,9.71,C,C03,7.133317,2359.53,16831.28
43098,L27,13374,A16,B20,C39,PCS,819,9.71,C,C03,7.133317,7952.49,56727.63
43098,L27,13374,A16,B20,C39,PCS,749,9.71,C,C03,7.133317,7272.79,51879.12
43073,L27,13501,A19,B22,C36,PCS,534,5.2,C,C03,7.133317,2776.8,19807.79
43073,L27,13501,A19,B22,C36,PCS,217,5.2,C,C03,7.133317,1128.4,8049.23
43073,L27,13501,A19,B22,C36,PCS,642,5.2,C,C03,7.133317,3338.4,23813.87
43073,L27,13501,A19,B22,C36,PCS,969,5.2,C,C03,7.133317,5038.8,35943.36
43073,L27,13501,A19,B22,C36,PCS,460,5.2,C,C03,7.133317,2392,17062.89
43073,L27,13501,A19,B22,C36,PCS,447,5.2,C,C03,7.133317,2324.4,16580.68
43073,L27,13501,A19,B22,C36,PCS,798,5.2,C,C03,7.133317,4149.6,29600.41
43073,L27,13501,A19,B22,C36,PCS,47,5.2,C,C03,7.133317,244.4,1743.38
43073,L27,13501,A19,B22,C36,PCS,330,5.2,C,C03,7.133317,1716,12240.77
43073,L27,13501,A19,B22,C36,PCS,137,5.2,C,C03,7.133317,712.4,5081.78
43082,L27,13513,A20,B25,C34,PCS,133,9.23,C,C07,1.358577,1227.59,1667.78
43082,L27,13513,A20,B25,C34,PCS,62,9.23,C,C07,1.358577,572.26,777.46
43082,L27,13513,A20,B25,C34,PCS,791,9.23,C,C07,1.358577,7300.93,9918.88
43082,L27,13513,A20,B25,C34,PCS,77,9.23,C,C07,1.358577,710.71,965.55
43082,L27,13513,A20,B25,C34,PCS,362,9.23,C,C07,1.358577,3341.26,4539.36
43082,L27,13513,A20,B25,C34,PCS,11,9.23,C,C07,1.358577,101.53,137.94
43082,L27,13513,A20,B25,C34,PCS,228,9.23,C,C07,1.358577,2104.44,2859.04
43082,L27,13513,A20,B25,C34,PCS,339,9.23,C,C07,1.358577,3128.97,4250.95
43082,L27,13513,A20,B25,C34,PCS,813,9.23,C,C07,1.358577,7503.99,10194.75
43082,L27,13513,A20,B25,C34,PCS,820,9.23,C,C07,1.358577,7568.6,10282.53
43083,L27,13629,A13,B21,C34,PCS,586,1.59,D,C04,5.388146,931.74,5020.35
43083,L27,13629,A13,B21,C34,PCS,102,1.59,D,C04,5.388146,162.18,873.85
43083,L27,13629,A13,B21,C34,PCS,27,1.59,D,C04,5.388146,42.93,231.31
43083,L27,13629,A13,B21,C34,PCS,753,1.59,D,C04,5.388146,1197.27,6451.07
43083,L27,13629,A13,B21,C34,PCS,106,1.59,D,C04,5.388146,168.54,908.12
43083,L27,13629,A13,B21,C34,PCS,170,1.59,D,C04,5.388146,270.3,1456.42
43083,L27,13629,A13,B21,C34,PCS,711,1.59,D,C04,5.388146,1130.49,6091.25
43083,L27,13629,A13,B21,C34,PCS,623,1.59,D,C04,5.388146,990.57,5337.34
43083,L27,13629,A13,B21,C34,PCS,190,1.59,D,C04,5.388146,302.1,1627.76
43083,L27,13629,A13,B21,C34,PCS,269,1.59,D,C04,5.388146,427.71,2304.56
43072,L27,13854,A13,B28,C37,PCS,931,9.04,C,C01,6.825646,8416.24,57446.27
43072,L27,13854,A13,B28,C37,PCS,429,9.04,C,C01,6.825646,3878.16,26470.95
43072,L27,13854,A13,B28,C37,PCS,65,9.04,C,C01,6.825646,587.6,4010.75
43072,L27,13854,A13,B28,C37,PCS,937,9.04,C,C01,6.825646,8470.48,57816.5
43072,L27,13854,A13,B28,C37,PCS,840,9.04,C,C01,6.825646,7593.6,51831.23
43072,L27,13854,A13,B28,C37,PCS,230,9.04,C,C01,6.825646,2079.2,14191.88
43072,L27,13854,A13,B28,C37,PCS,123,9.04,C,C01,6.825646,1111.92,7589.57
43072,L27,13854,A13,B28,C37,PCS,6,9.04,C,C01,6.825646,54.24,370.22
43072,L27,13854,A13,B28,C37,PCS,261,9.04,C,C01,6.825646,2359.44,16104.7
43072,L27,13854,A13,B28,C37,PCS,585,9.04,C,C01,6.825646,5288.4,36096.75
43091,L27,13882,A11,B28,C30,PCS,30,6.55,C,C03,7.133317,196.5,1401.7
43091,L27,13882,A11,B28,C30,PCS,876,6.55,C,C03,7.133317,5737.8,40929.55
43091,L27,13882,A11,B28,C30,PCS,868,6.55,C,C03,7.133317,5685.4,40555.76
43091,L27,13882,A11,B28,C30,PCS,338,6.55,C,C03,7.133317,2213.9,15792.45
43091,L27,13882,A11,B28,C30,PCS,554,6.55,C,C03,7.133317,3628.7,25884.67
43091,L27,13882,A11,B28,C30,PCS,967,6.55,C,C03,7.133317,6333.85,45181.36
43091,L27,13882,A11,B28,C30,PCS,422,6.55,C,C03,7.133317,2764.1,19717.2
43091,L27,13882,A11,B28,C30,PCS,216,6.55,C,C03,7.133317,1414.8,10092.22
43091,L27,13882,A11,B28,C30,PCS,623,6.55,C,C03,7.133317,4080.65,29108.57
43091,L27,13882,A11,B28,C30,PCS,245,6.55,C,C03,7.133317,1604.75,11447.19
43093,L27,13890,A19,B30,C33,PCS,737,1,D,C09,1.199464,737,884
43093,L27,13890,A19,B30,C33,PCS,309,1,D,C09,1.199464,309,370.63
43093,L27,13890,A19,B30,C33,PCS,321,1,D,C09,1.199464,321,385.03
43093,L27,13890,A19,B30,C33,PCS,358,1,D,C09,1.199464,358,429.41
43093,L27,13890,A19,B30,C33,PCS,904,1,D,C09,1.199464,904,1084.32
43093,L27,13890,A19,B30,C33,PCS,562,1,D,C09,1.199464,562,674.1
43093,L27,13890,A19,B30,C33,PCS,218,1,D,C09,1.199464,218,261.48
43093,L27,13890,A19,B30,C33,PCS,717,1,D,C09,1.199464,717,860.02
43093,L27,13890,A19,B30,C33,PCS,841,1,D,C09,1.199464,841,1008.75
43093,L27,13890,A19,B30,C33,PCS,288,1,D,C09,1.199464,288,345.45
43071,L27,13929,A15,B26,C35,PCS,926,7.81,D,C08,1.496196,7232.06,10820.58
43071,L27,13929,A15,B26,C35,PCS,276,7.81,D,C08,1.496196,2155.56,3225.14
43071,L27,13929,A15,B26,C35,PCS,288,7.81,D,C08,1.496196,2249.28,3365.36
43071,L27,13929,A15,B26,C35,PCS,994,7.81,D,C08,1.496196,7763.14,11615.18
43071,L27,13929,A15,B26,C35,PCS,693,7.81,D,C08,1.496196,5412.33,8097.91
43071,L27,13929,A15,B26,C35,PCS,439,7.81,D,C08,1.496196,3428.59,5129.84
43071,L27,13929,A15,B26,C35,PCS,629,7.81,D,C08,1.496196,4912.49,7350.05
43071,L27,13929,A15,B26,C35,PCS,373,7.81,D,C08,1.496196,2913.13,4358.61
43071,L27,13929,A15,B26,C35,PCS,629,7.81,D,C08,1.496196,4912.49,7350.05
43071,L27,13929,A15,B26,C35,PCS,824,7.81,D,C08,1.496196,6435.44,9628.68
43081,L27,14063,A11,B21,C39,PCS,748,8.7,C,C02,9.912483,6507.6,64506.47
43081,L27,14063,A11,B21,C39,PCS,240,8.7,C,C02,9.912483,2088,20697.26
43081,L27,14063,A11,B21,C39,PCS,543,8.7,C,C02,9.912483,4724.1,46827.56
43081,L27,14063,A11,B21,C39,PCS,679,8.7,C,C02,9.912483,5907.3,58556.01
43081,L27,14063,A11,B21,C39,PCS,204,8.7,C,C02,9.912483,1774.8,17592.67
43081,L27,14063,A11,B21,C39,PCS,197,8.7,C,C02,9.912483,1713.9,16989
43081,L27,14063,A11,B21,C39,PCS,311,8.7,C,C02,9.912483,2705.7,26820.21
43081,L27,14063,A11,B21,C39,PCS,334,8.7,C,C02,9.912483,2905.8,28803.69
43081,L27,14063,A11,B21,C39,PCS,941,8.7,C,C02,9.912483,8186.7,81150.52
43081,L27,14063,A11,B21,C39,PCS,15,8.7,C,C02,9.912483,130.5,1293.58
43074,L27,14125,A11,B26,C33,PCS,583,9.44,D,C04,5.388146,5503.52,29653.77
43074,L27,14125,A11,B26,C33,PCS,76,9.44,D,C04,5.388146,717.44,3865.67
43074,L27,14125,A11,B26,C33,PCS,954,9.44,D,C04,5.388146,9005.76,48524.35
43074,L27,14125,A11,B26,C33,PCS,392,9.44,D,C04,5.388146,3700.48,19938.73
43074,L27,14125,A11,B26,C33,PCS,447,9.44,D,C04,5.388146,4219.68,22736.25
43074,L27,14125,A11,B26,C33,PCS,535,9.44,D,C04,5.388146,5050.4,27212.29
43074,L27,14125,A11,B26,C33,PCS,659,9.44,D,C04,5.388146,6220.96,33519.44
43074,L27,14125,A11,B26,C33,PCS,515,9.44,D,C04,5.388146,4861.6,26195.01
43074,L27,14125,A11,B26,C33,PCS,37,9.44,D,C04,5.388146,349.28,1881.97
43074,L27,14125,A11,B26,C33,PCS,272,9.44,D,C04,5.388146,2567.68,13835.03
43081,L27,14152,A13,B28,C31,PCS,530,8.7,C,C02,9.912483,4611,45706.46
43081,L27,14152,A13,B28,C31,PCS,12,8.7,C,C02,9.912483,104.4,1034.86
43081,L27,14152,A13,B28,C31,PCS,100,8.7,C,C02,9.912483,870,8623.86
43081,L27,14152,A13,B28,C31,PCS,870,8.7,C,C02,9.912483,7569,75027.58
43081,L27,14152,A13,B28,C31,PCS,256,8.7,C,C02,9.912483,2227.2,22077.08
43081,L27,14152,A13,B28,C31,PCS,743,8.7,C,C02,9.912483,6464.1,64075.28
43081,L27,14152,A13,B28,C31,PCS,551,8.7,C,C02,9.912483,4793.7,47517.47
43081,L27,14152,A13,B28,C31,PCS,262,8.7,C,C02,9.912483,2279.4,22594.51
43081,L27,14152,A13,B28,C31,PCS,955,8.7,C,C02,9.912483,8308.5,82357.87
43081,L27,14152,A13,B28,C31,PCS,631,8.7,C,C02,9.912483,5489.7,54416.56
43082,L27,14240,A11,B20,C39,PCS,271,4.79,C,C10,8.657656,1298.09,11238.42
43082,L27,14240,A11,B20,C39,PCS,793,4.79,C,C10,8.657656,3798.47,32885.85
43082,L27,14240,A11,B20,C39,PCS,862,4.79,C,C10,8.657656,4128.98,35747.29
43082,L27,14240,A11,B20,C39,PCS,911,4.79,C,C10,8.657656,4363.69,37779.33
43082,L27,14240,A11,B20,C39,PCS,15,4.79,C,C10,8.657656,71.85,622.05
43082,L27,14240,A11,B20,C39,PCS,895,4.79,C,C10,8.657656,4287.05,37115.8
43082,L27,14240,A11,B20,C39,PCS,732,4.79,C,C10,8.657656,3506.28,30356.17
43082,L27,14240,A11,B20,C39,PCS,332,4.79,C,C10,8.657656,1590.28,13768.1
43082,L27,14240,A11,B20,C39,PCS,804,4.79,C,C10,8.657656,3851.16,33342.02
43082,L27,14240,A11,B20,C39,PCS,434,4.79,C,C10,8.657656,2078.86,17998.05
43081,L27,14260,A11,B24,C34,PCS,68,7.98,D,C09,1.199464,542.64,650.88
43081,L27,14260,A11,B24,C34,PCS,658,7.98,D,C09,1.199464,5250.84,6298.19
43081,L27,14260,A11,B24,C34,PCS,633,7.98,D,C09,1.199464,5051.34,6058.9
43081,L27,14260,A11,B24,C34,PCS,231,7.98,D,C09,1.199464,1843.38,2211.07
43081,L27,14260,A11,B24,C34,PCS,328,7.98,D,C09,1.199464,2617.44,3139.53
43081,L27,14260,A11,B24,C34,PCS,678,7.98,D,C09,1.199464,5410.44,6489.63
43081,L27,14260,A11,B24,C34,PCS,819,7.98,D,C09,1.199464,6535.62,7839.24
43081,L27,14260,A11,B24,C34,PCS,67,7.98,D,C09,1.199464,534.66,641.31
43081,L27,14260,A11,B24,C34,PCS,771,7.98,D,C09,1.199464,6152.58,7379.8
43081,L27,14260,A11,B24,C34,PCS,174,7.98,D,C09,1.199464,1388.52,1665.48
43100,L27,14363,A14,B29,C33,PCS,335,5.37,D,C02,9.912483,1798.95,17832.06
43100,L27,14363,A14,B29,C33,PCS,20,5.37,D,C02,9.912483,107.4,1064.6
43100,L27,14363,A14,B29,C33,PCS,502,5.37,D,C02,9.912483,2695.74,26721.48
43100,L27,14363,A14,B29,C33,PCS,361,5.37,D,C02,9.912483,1938.57,19216.04
43100,L27,14363,A14,B29,C33,PCS,290,5.37,D,C02,9.912483,1557.3,15436.71
43100,L27,14363,A14,B29,C33,PCS,322,5.37,D,C02,9.912483,1729.14,17140.07
43100,L27,14363,A14,B29,C33,PCS,587,5.37,D,C02,9.912483,3152.19,31246.03
43100,L27,14363,A14,B29,C33,PCS,197,5.37,D,C02,9.912483,1057.89,10486.32
43100,L27,14363,A14,B29,C33,PCS,782,5.37,D,C02,9.912483,4199.34,41625.89
43100,L27,14363,A14,B29,C33,PCS,417,5.37,D,C02,9.912483,2239.29,22196.92
43081,L27,14388,A15,B27,C34,PCS,673,5.58,D,C05,3.40242,3755.34,12777.24
43081,L27,14388,A15,B27,C34,PCS,366,5.58,D,C05,3.40242,2042.28,6948.69
43081,L27,14388,A15,B27,C34,PCS,590,5.58,D,C05,3.40242,3292.2,11201.45
43081,L27,14388,A15,B27,C34,PCS,844,5.58,D,C05,3.40242,4709.52,16023.77
43081,L27,14388,A15,B27,C34,PCS,274,5.58,D,C05,3.40242,1528.92,5202.03
43081,L27,14388,A15,B27,C34,PCS,411,5.58,D,C05,3.40242,2293.38,7803.04
43081,L27,14388,A15,B27,C34,PCS,790,5.58,D,C05,3.40242,4408.2,14998.55
43081,L27,14388,A15,B27,C34,PCS,416,5.58,D,C05,3.40242,2321.28,7897.97
43081,L27,14388,A15,B27,C34,PCS,528,5.58,D,C05,3.40242,2946.24,10024.35
43081,L27,14388,A15,B27,C34,PCS,591,5.58,D,C05,3.40242,3297.78,11220.43
43075,L27,14403,A16,B27,C36,PCS,531,7.17,D,C02,9.912483,3807.27,37739.5
43075,L27,14403,A16,B27,C36,PCS,777,7.17,D,C02,9.912483,5571.09,55223.33
43075,L27,14403,A16,B27,C36,PCS,295,7.17,D,C02,9.912483,2115.15,20966.39
43075,L27,14403,A16,B27,C36,PCS,602,7.17,D,C02,9.912483,4316.34,42785.65
43075,L27,14403,A16,B27,C36,PCS,972,7.17,D,C02,9.912483,6969.24,69082.47
43075,L27,14403,A16,B27,C36,PCS,259,7.17,D,C02,9.912483,1857.03,18407.78
43075,L27,14403,A16,B27,C36,PCS,995,7.17,D,C02,9.912483,7134.15,70717.14
43075,L27,14403,A16,B27,C36,PCS,43,7.17,D,C02,9.912483,308.31,3056.12
43075,L27,14403,A16,B27,C36,PCS,169,7.17,D,C02,9.912483,1211.73,12011.25
43075,L27,14403,A16,B27,C36,PCS,332,7.17,D,C02,9.912483,2380.44,23596.07
43081,L27,14407,A12,B23,C40,PCS,323,5.86,D,C07,1.358577,1892.78,2571.49
43081,L27,14407,A12,B23,C40,PCS,300,5.86,D,C07,1.358577,1758,2388.38
43081,L27,14407,A12,B23,C40,PCS,450,5.86,D,C07,1.358577,2637,3582.57
43081,L27,14407,A12,B23,C40,PCS,204,5.86,D,C07,1.358577,1195.44,1624.1
43081,L27,14407,A12,B23,C40,PCS,980,5.86,D,C07,1.358577,5742.8,7802.04
43081,L27,14407,A12,B23,C40,PCS,891,5.86,D,C07,1.358577,5221.26,7093.48
43081,L27,14407,A12,B23,C40,PCS,620,5.86,D,C07,1.358577,3633.2,4935.98
43081,L27,14407,A12,B23,C40,PCS,616,5.86,D,C07,1.358577,3609.76,4904.14
43081,L27,14407,A12,B23,C40,PCS,357,5.86,D,C07,1.358577,2092.02,2842.17
43081,L27,14407,A12,B23,C40,PCS,635,5.86,D,C07,1.358577,3721.1,5055.4
43099,L27,14431,A10,B20,C30,PCS,155,7.87,D,C05,3.40242,1219.85,4150.44
43099,L27,14431,A10,B20,C30,PCS,214,7.87,D,C05,3.40242,1684.18,5730.29
43099,L27,14431,A10,B20,C30,PCS,443,7.87,D,C05,3.40242,3486.41,11862.23
43099,L27,14431,A10,B20,C30,PCS,822,7.87,D,C05,3.40242,6469.14,22010.73
43099,L27,14431,A10,B20,C30,PCS,219,7.87,D,C05,3.40242,1723.53,5864.17
43099,L27,14431,A10,B20,C30,PCS,28,7.87,D,C05,3.40242,220.36,749.76
43099,L27,14431,A10,B20,C30,PCS,608,7.87,D,C05,3.40242,4784.96,16280.44
43099,L27,14431,A10,B20,C30,PCS,880,7.87,D,C05,3.40242,6925.6,23563.8
43099,L27,14431,A10,B20,C30,PCS,800,7.87,D,C05,3.40242,6296,21421.64
43099,L27,14431,A10,B20,C30,PCS,729,7.87,D,C05,3.40242,5737.23,19520.47
43070,L27,14656,A11,B24,C32,PCS,75,3.47,C,C02,9.912483,260.25,2579.72
43070,L27,14656,A11,B24,C32,PCS,813,3.47,C,C02,9.912483,2821.11,27964.2
43070,L27,14656,A11,B24,C32,PCS,982,3.47,C,C02,9.912483,3407.54,33777.18
43070,L27,14656,A11,B24,C32,PCS,229,3.47,C,C02,9.912483,794.63,7876.76
43070,L27,14656,A11,B24,C32,PCS,48,3.47,C,C02,9.912483,166.56,1651.02
43070,L27,14656,A11,B24,C32,PCS,373,3.47,C,C02,9.912483,1294.31,12829.83
43070,L27,14656,A11,B24,C32,PCS,941,3.47,C,C02,9.912483,3265.27,32366.93
43070,L27,14656,A11,B24,C32,PCS,677,3.47,C,C02,9.912483,2349.19,23286.31
43070,L27,14656,A11,B24,C32,PCS,788,3.47,C,C02,9.912483,2734.36,27104.3
43070,L27,14656,A11,B24,C32,PCS,970,3.47,C,C02,9.912483,3365.9,33364.43
43095,L27,14696,A14,B21,C32,PCS,809,6.65,C,C03,7.133317,5379.85,38376.18
43095,L27,14696,A14,B21,C32,PCS,509,6.65,C,C03,7.133317,3384.85,24145.21
43095,L27,14696,A14,B21,C32,PCS,242,6.65,C,C03,7.133317,1609.3,11479.65
43095,L27,14696,A14,B21,C32,PCS,827,6.65,C,C03,7.133317,5499.55,39230.03
43095,L27,14696,A14,B21,C32,PCS,403,6.65,C,C03,7.133317,2679.95,19116.93
43095,L27,14696,A14,B21,C32,PCS,161,6.65,C,C03,7.133317,1070.65,7637.29
43095,L27,14696,A14,B21,C32,PCS,773,6.65,C,C03,7.133317,5140.45,36668.46
43095,L27,14696,A14,B21,C32,PCS,17,6.65,C,C03,7.133317,113.05,806.42
43095,L27,14696,A14,B21,C32,PCS,22,6.65,C,C03,7.133317,146.3,1043.6
43095,L27,14696,A14,B21,C32,PCS,51,6.65,C,C03,7.133317,339.15,2419.26
43079,L27,14773,A14,B22,C35,PCS,389,6.94,C,C09,1.199464,2699.66,3238.14
43079,L27,14773,A14,B22,C35,PCS,525,6.94,C,C09,1.199464,3643.5,4370.25
43079,L27,14773,A14,B22,C35,PCS,852,6.94,C,C09,1.199464,5912.88,7092.29
43079,L27,14773,A14,B22,C35,PCS,206,6.94,C,C09,1.199464,1429.64,1714.8
43079,L27,14773,A14,B22,C35,PCS,923,6.94,C,C09,1.199464,6405.62,7683.31
43079,L27,14773,A14,B22,C35,PCS,706,6.94,C,C09,1.199464,4899.64,5876.94
43079,L27,14773,A14,B22,C35,PCS,372,6.94,C,C09,1.199464,2581.68,3096.63
43079,L27,14773,A14,B22,C35,PCS,562,6.94,C,C09,1.199464,3900.28,4678.25
43079,L27,14773,A14,B22,C35,PCS,948,6.94,C,C09,1.199464,6579.12,7891.42
43079,L27,14773,A14,B22,C35,PCS,148,6.94,C,C09,1.199464,1027.12,1231.99
43071,L27,14868,A20,B29,C36,PCS,792,7.81,C,C08,1.496196,6185.52,9254.75
43071,L27,14868,A20,B29,C36,PCS,522,7.81,C,C08,1.496196,4076.82,6099.72
43071,L27,14868,A20,B29,C36,PCS,162,7.81,C,C08,1.496196,1265.22,1893.02
43071,L27,14868,A20,B29,C36,PCS,405,7.81,C,C08,1.496196,3163.05,4732.54
43071,L27,14868,A20,B29,C36,PCS,479,7.81,C,C08,1.496196,3740.99,5597.25
43071,L27,14868,A20,B29,C36,PCS,908,7.81,C,C08,1.496196,7091.48,10610.24
43071,L27,14868,A20,B29,C36,PCS,864,7.81,C,C08,1.496196,6747.84,10096.09
43071,L27,14868,A20,B29,C36,PCS,719,7.81,C,C08,1.496196,5615.39,8401.72
43071,L27,14868,A20,B29,C36,PCS,586,7.81,C,C08,1.496196,4576.66,6847.58
43071,L27,14868,A20,B29,C36,PCS,541,7.81,C,C08,1.496196,4225.21,6321.74
43080,L27,14886,A17,B25,C30,PCS,109,4.19,C,C10,8.657656,456.71,3954.04
43080,L27,14886,A17,B25,C30,PCS,264,4.19,C,C10,8.657656,1106.16,9576.75
43080,L27,14886,A17,B25,C30,PCS,466,4.19,C,C10,8.657656,1952.54,16904.42
43080,L27,14886,A17,B25,C30,PCS,711,4.19,C,C10,8.657656,2979.09,25791.94
43080,L27,14886,A17,B25,C30,PCS,619,4.19,C,C10,8.657656,2593.61,22454.58
43080,L27,14886,A17,B25,C30,PCS,472,4.19,C,C10,8.657656,1977.68,17122.07
43080,L27,14886,A17,B25,C30,PCS,255,4.19,C,C10,8.657656,1068.45,9250.27
43080,L27,14886,A17,B25,C30,PCS,944,4.19,C,C10,8.657656,3955.36,34244.15
43080,L27,14886,A17,B25,C30,PCS,888,4.19,C,C10,8.657656,3720.72,32212.71
43080,L27,14886,A17,B25,C30,PCS,125,4.19,C,C10,8.657656,523.75,4534.45
43082,L27,14888,A12,B25,C35,PCS,633,7.66,C,C09,1.199464,4848.78,5815.94
43082,L27,14888,A12,B25,C35,PCS,810,7.66,C,C09,1.199464,6204.6,7442.19
43082,L27,14888,A12,B25,C35,PCS,696,7.66,C,C09,1.199464,5331.36,6394.77
43082,L27,14888,A12,B25,C35,PCS,419,7.66,C,C09,1.199464,3209.54,3849.73
43082,L27,14888,A12,B25,C35,PCS,52,7.66,C,C09,1.199464,398.32,477.77
43082,L27,14888,A12,B25,C35,PCS,698,7.66,C,C09,1.199464,5346.68,6413.15
43082,L27,14888,A12,B25,C35,PCS,780,7.66,C,C09,1.199464,5974.8,7166.56
43082,L27,14888,A12,B25,C35,PCS,366,7.66,C,C09,1.199464,2803.56,3362.77
43082,L27,14888,A12,B25,C35,PCS,506,7.66,C,C09,1.199464,3875.96,4649.07
43082,L27,14888,A12,B25,C35,PCS,90,7.66,C,C09,1.199464,689.4,826.91
43100,L27,14948,A16,B27,C37,PCS,333,5.44,C,C02,9.912483,1811.52,17956.66
43100,L27,14948,A16,B27,C37,PCS,68,5.44,C,C02,9.912483,369.92,3666.83
43100,L27,14948,A16,B27,C37,PCS,211,5.44,C,C02,9.912483,1147.84,11377.94
43100,L27,14948,A16,B27,C37,PCS,500,5.44,C,C02,9.912483,2720,26961.95
43100,L27,14948,A16,B27,C37,PCS,405,5.44,C,C02,9.912483,2203.2,21839.18
43100,L27,14948,A16,B27,C37,PCS,339,5.44,C,C02,9.912483,1844.16,18280.2
43100,L27,14948,A16,B27,C37,PCS,125,5.44,C,C02,9.912483,680,6740.49
43100,L27,14948,A16,B27,C37,PCS,895,5.44,C,C02,9.912483,4868.8,48261.9
43100,L27,14948,A16,B27,C37,PCS,283,5.44,C,C02,9.912483,1539.52,15260.47
43100,L27,14948,A16,B27,C37,PCS,813,5.44,C,C02,9.912483,4422.72,43840.14
43073,L27,14976,A12,B28,C40,PCS,910,6.34,D,C01,6.825646,5769.4,39379.88
43073,L27,14976,A12,B28,C40,PCS,331,6.34,D,C01,6.825646,2098.54,14323.89
43073,L27,14976,A12,B28,C40,PCS,480,6.34,D,C01,6.825646,3043.2,20771.81
43073,L27,14976,A12,B28,C40,PCS,951,6.34,D,C01,6.825646,6029.34,41154.14
43073,L27,14976,A12,B28,C40,PCS,681,6.34,D,C01,6.825646,4317.54,29470
43073,L27,14976,A12,B28,C40,PCS,195,6.34,D,C01,6.825646,1236.3,8438.55
43073,L27,14976,A12,B28,C40,PCS,381,6.34,D,C01,6.825646,2415.54,16487.62
43073,L27,14976,A12,B28,C40,PCS,430,6.34,D,C01,6.825646,2726.2,18608.08
43073,L27,14976,A12,B28,C40,PCS,794,6.34,D,C01,6.825646,5033.96,34360.03
43073,L27,14976,A12,B28,C40,PCS,212,6.34,D,C01,6.825646,1344.08,9174.21
43073,L27,15091,A14,B21,C40,PCS,903,7.86,D,C07,1.358577,7097.58,9642.61
43073,L27,15091,A14,B21,C40,PCS,546,7.86,D,C07,1.358577,4291.56,5830.41
43073,L27,15091,A14,B21,C40,PCS,821,7.86,D,C07,1.358577,6453.06,8766.98
43073,L27,15091,A14,B21,C40,PCS,524,7.86,D,C07,1.358577,4118.64,5595.49
43073,L27,15091,A14,B21,C40,PCS,393,7.86,D,C07,1.358577,3088.98,4196.62
43073,L27,15091,A14,B21,C40,PCS,13,7.86,D,C07,1.358577,102.18,138.82
43073,L27,15091,A14,B21,C40,PCS,452,7.86,D,C07,1.358577,3552.72,4826.64
43073,L27,15091,A14,B21,C40,PCS,606,7.86,D,C07,1.358577,4763.16,6471.12
43073,L27,15091,A14,B21,C40,PCS,188,7.86,D,C07,1.358577,1477.68,2007.54
43073,L27,15091,A14,B21,C40,PCS,251,7.86,D,C07,1.358577,1972.86,2680.28
43075,L27,15361,A17,B26,C31,PCS,941,1.33,D,C10,8.657656,1251.53,10835.32
43075,L27,15361,A17,B26,C31,PCS,996,1.33,D,C10,8.657656,1324.68,11468.62
43075,L27,15361,A17,B26,C31,PCS,249,1.33,D,C10,8.657656,331.17,2867.16
43075,L27,15361,A17,B26,C31,PCS,564,1.33,D,C10,8.657656,750.12,6494.28
43075,L27,15361,A17,B26,C31,PCS,742,1.33,D,C10,8.657656,986.86,8543.89
43075,L27,15361,A17,B26,C31,PCS,107,1.33,D,C10,8.657656,142.31,1232.07
43075,L27,15361,A17,B26,C31,PCS,756,1.33,D,C10,8.657656,1005.48,8705.1
43075,L27,15361,A17,B26,C31,PCS,487,1.33,D,C10,8.657656,647.71,5607.65
43075,L27,15361,A17,B26,C31,PCS,346,1.33,D,C10,8.657656,460.18,3984.08
43075,L27,15361,A17,B26,C31,PCS,798,1.33,D,C10,8.657656,1061.34,9188.72
43086,L27,15400,A15,B26,C35,PCS,490,1.54,C,C05,3.40242,754.6,2567.47
43086,L27,15400,A15,B26,C35,PCS,674,1.54,C,C05,3.40242,1037.96,3531.58
43086,L27,15400,A15,B26,C35,PCS,679,1.54,C,C05,3.40242,1045.66,3557.77
43086,L27,15400,A15,B26,C35,PCS,151,1.54,C,C05,3.40242,232.54,791.2
43086,L27,15400,A15,B26,C35,PCS,491,1.54,C,C05,3.40242,756.14,2572.71
43086,L27,15400,A15,B26,C35,PCS,308,1.54,C,C05,3.40242,474.32,1613.84
43086,L27,15400,A15,B26,C35,PCS,471,1.54,C,C05,3.40242,725.34,2467.91
43086,L27,15400,A15,B26,C35,PCS,908,1.54,C,C05,3.40242,1398.32,4757.67
43086,L27,15400,A15,B26,C35,PCS,604,1.54,C,C05,3.40242,930.16,3164.79
43086,L27,15400,A15,B26,C35,PCS,484,1.54,C,C05,3.40242,745.36,2536.03
43080,L27,15429,A20,B21,C37,PCS,206,4.95,C,C09,1.199464,1019.7,1223.09
43080,L27,15429,A20,B21,C37,PCS,323,4.95,C,C09,1.199464,1598.85,1917.76
43080,L27,15429,A20,B21,C37,PCS,908,4.95,C,C09,1.199464,4494.6,5391.11
43080,L27,15429,A20,B21,C37,PCS,565,4.95,C,C09,1.199464,2796.75,3354.6
43080,L27,15429,A20,B21,C37,PCS,540,4.95,C,C09,1.199464,2673,3206.17
43080,L27,15429,A20,B21,C37,PCS,498,4.95,C,C09,1.199464,2465.1,2956.8
43080,L27,15429,A20,B21,C37,PCS,926,4.95,C,C09,1.199464,4583.7,5497.98
43080,L27,15429,A20,B21,C37,PCS,157,4.95,C,C09,1.199464,777.15,932.16
43080,L27,15429,A20,B21,C37,PCS,364,4.95,C,C09,1.199464,1801.8,2161.19
43080,L27,15429,A20,B21,C37,PCS,92,4.95,C,C09,1.199464,455.4,546.24
43088,L27,15480,A19,B30,C40,PCS,46,3.35,C,C10,8.657656,154.1,1334.14
43088,L27,15480,A19,B30,C40,PCS,736,3.35,C,C10,8.657656,2465.6,21346.32
43088,L27,15480,A19,B30,C40,PCS,678,3.35,C,C10,8.657656,2271.3,19664.13
43088,L27,15480,A19,B30,C40,PCS,37,3.35,C,C10,8.657656,123.95,1073.12
43088,L27,15480,A19,B30,C40,PCS,4,3.35,C,C10,8.657656,13.4,116.01
43088,L27,15480,A19,B30,C40,PCS,712,3.35,C,C10,8.657656,2385.2,20650.24
43088,L27,15480,A19,B30,C40,PCS,366,3.35,C,C10,8.657656,1226.1,10615.15
43088,L27,15480,A19,B30,C40,PCS,742,3.35,C,C10,8.657656,2485.7,21520.34
43088,L27,15480,A19,B30,C40,PCS,831,3.35,C,C10,8.657656,2783.85,24101.62
43088,L27,15480,A19,B30,C40,PCS,367,3.35,C,C10,8.657656,1229.45,10644.16
43076,L27,15531,A16,B28,C39,PCS,100,8.71,D,C03,7.133317,871,6213.12
43076,L27,15531,A16,B28,C39,PCS,41,8.71,D,C03,7.133317,357.11,2547.38
43076,L27,15531,A16,B28,C39,PCS,935,8.71,D,C03,7.133317,8143.85,58092.66
43076,L27,15531,A16,B28,C39,PCS,700,8.71,D,C03,7.133317,6097,43491.83
43076,L27,15531,A16,B28,C39,PCS,979,8.71,D,C03,7.133317,8527.09,60826.44
43076,L27,15531,A16,B28,C39,PCS,958,8.71,D,C03,7.133317,8344.18,59521.68
43076,L27,15531,A16,B28,C39,PCS,546,8.71,D,C03,7.133317,4755.66,33923.63
43076,L27,15531,A16,B28,C39,PCS,732,8.71,D,C03,7.133317,6375.72,45480.03
43076,L27,15531,A16,B28,C39,PCS,407,8.71,D,C03,7.133317,3544.97,25287.39
43076,L27,15531,A16,B28,C39,PCS,402,8.71,D,C03,7.133317,3501.42,24976.74
43079,L27,15537,A10,B24,C40,PCS,583,6.94,D,C09,1.199464,4046.02,4853.06
43079,L27,15537,A10,B24,C40,PCS,11,6.94,D,C09,1.199464,76.34,91.57
43079,L27,15537,A10,B24,C40,PCS,297,6.94,D,C09,1.199464,2061.18,2472.31
43079,L27,15537,A10,B24,C40,PCS,895,6.94,D,C09,1.199464,6211.3,7450.23
43079,L27,15537,A10,B24,C40,PCS,822,6.94,D,C09,1.199464,5704.68,6842.56
43079,L27,15537,A10,B24,C40,PCS,852,6.94,D,C09,1.199464,5912.88,7092.29
43079,L27,15537,A10,B24,C40,PCS,267,6.94,D,C09,1.199464,1852.98,2222.58
43079,L27,15537,A10,B24,C40,PCS,543,6.94,D,C09,1.199464,3768.42,4520.08
43079,L27,15537,A10,B24,C40,PCS,467,6.94,D,C09,1.199464,3240.98,3887.44
43079,L27,15537,A10,B24,C40,PCS,788,6.94,D,C09,1.199464,5468.72,6559.53
43100,L27,15642,A11,B27,C36,PCS,283,5.44,D,C02,9.912483,1539.52,15260.47
43100,L27,15642,A11,B27,C36,PCS,463,5.44,D,C02,9.912483,2518.72,24966.77
43100,L27,15642,A11,B27,C36,PCS,862,5.44,D,C02,9.912483,4689.28,46482.41
43100,L27,15642,A11,B27,C36,PCS,957,5.44,D,C02,9.912483,5206.08,51605.18
43100,L27,15642,A11,B27,C36,PCS,412,5.44,D,C02,9.912483,2241.28,22216.65
43100,L27,15642,A11,B27,C36,PCS,309,5.44,D,C02,9.912483,1680.96,16662.49
43100,L27,15642,A11,B27,C36,PCS,228,5.44,D,C02,9.912483,1240.32,12294.65
43100,L27,15642,A11,B27,C36,PCS,200,5.44,D,C02,9.912483,1088,10784.78
43100,L27,15642,A11,B27,C36,PCS,940,5.44,D,C02,9.912483,5113.6,50688.47
43100,L27,15642,A11,B27,C36,PCS,583,5.44,D,C02,9.912483,3171.52,31437.64
43074,L27,15663,A17,B22,C35,PCS,651,2,D,C06,3.547054,1302,4618.26
43074,L27,15663,A17,B22,C35,PCS,52,2,D,C06,3.547054,104,368.89
43074,L27,15663,A17,B22,C35,PCS,376,2,D,C06,3.547054,752,2667.38
43074,L27,15663,A17,B22,C35,PCS,776,2,D,C06,3.547054,1552,5505.03
43074,L27,15663,A17,B22,C35,PCS,793,2,D,C06,3.547054,1586,5625.63
43074,L27,15663,A17,B22,C35,PCS,475,2,D,C06,3.547054,950,3369.7
43074,L27,15663,A17,B22,C35,PCS,769,2,D,C06,3.547054,1538,5455.37
43074,L27,15663,A17,B22,C35,PCS,607,2,D,C06,3.547054,1214,4306.12
43074,L27,15663,A17,B22,C35,PCS,54,2,D,C06,3.547054,108,383.08
43074,L27,15663,A17,B22,C35,PCS,553,2,D,C06,3.547054,1106,3923.04
43075,L27,15772,A17,B22,C40,PCS,904,7.17,D,C02,9.912483,6481.68,64249.54
43075,L27,15772,A17,B22,C40,PCS,342,7.17,D,C02,9.912483,2452.14,24306.8
43075,L27,15772,A17,B22,C40,PCS,279,7.17,D,C02,9.912483,2000.43,19829.23
43075,L27,15772,A17,B22,C40,PCS,312,7.17,D,C02,9.912483,2237.04,22174.62
43075,L27,15772,A17,B22,C40,PCS,406,7.17,D,C02,9.912483,2911.02,28855.44
43075,L27,15772,A17,B22,C40,PCS,930,7.17,D,C02,9.912483,6668.1,66097.43
43075,L27,15772,A17,B22,C40,PCS,676,7.17,D,C02,9.912483,4846.92,48045.01
43075,L27,15772,A17,B22,C40,PCS,165,7.17,D,C02,9.912483,1183.05,11726.96
43075,L27,15772,A17,B22,C40,PCS,428,7.17,D,C02,9.912483,3068.76,30419.03
43075,L27,15772,A17,B22,C40,PCS,590,7.17,D,C02,9.912483,4230.3,41932.78
43092,L27,15778,A19,B27,C40,PCS,951,7.46,C,C06,3.547054,7094.46,25164.43
43092,L27,15778,A19,B27,C40,PCS,760,7.46,C,C06,3.547054,5669.6,20110.38
43092,L27,15778,A19,B27,C40,PCS,706,7.46,C,C06,3.547054,5266.76,18681.48
43092,L27,15778,A19,B27,C40,PCS,276,7.46,C,C06,3.547054,2058.96,7303.24
43092,L27,15778,A19,B27,C40,PCS,703,7.46,C,C06,3.547054,5244.38,18602.1
43092,L27,15778,A19,B27,C40,PCS,236,7.46,C,C06,3.547054,1760.56,6244.8
43092,L27,15778,A19,B27,C40,PCS,973,7.46,C,C06,3.547054,7258.58,25746.58
43092,L27,15778,A19,B27,C40,PCS,849,7.46,C,C06,3.547054,6333.54,22465.41
43092,L27,15778,A19,B27,C40,PCS,555,7.46,C,C06,3.547054,4140.3,14685.87
43092,L27,15778,A19,B27,C40,PCS,746,7.46,C,C06,3.547054,5565.16,19739.92
43077,L27,15810,A18,B22,C34,PCS,884,3.77,D,C01,6.825646,3332.68,22747.69
43077,L27,15810,A18,B22,C34,PCS,46,3.77,D,C01,6.825646,173.42,1183.7
43077,L27,15810,A18,B22,C34,PCS,821,3.77,D,C01,6.825646,3095.17,21126.53
43077,L27,15810,A18,B22,C34,PCS,151,3.77,D,C01,6.825646,569.27,3885.64
43077,L27,15810,A18,B22,C34,PCS,206,3.77,D,C01,6.825646,776.62,5300.93
43077,L27,15810,A18,B22,C34,PCS,862,3.77,D,C01,6.825646,3249.74,22181.57
43077,L27,15810,A18,B22,C34,PCS,798,3.77,D,C01,6.825646,3008.46,20534.68
43077,L27,15810,A18,B22,C34,PCS,257,3.77,D,C01,6.825646,968.89,6613.3
43077,L27,15810,A18,B22,C34,PCS,529,3.77,D,C01,6.825646,1994.33,13612.59
43077,L27,15810,A18,B22,C34,PCS,411,3.77,D,C01,6.825646,1549.47,10576.13
43077,L27,15832,A11,B22,C36,PCS,737,3.77,D,C01,6.825646,2778.49,18964.99
43077,L27,15832,A11,B22,C36,PCS,718,3.77,D,C01,6.825646,2706.86,18476.07
43077,L27,15832,A11,B22,C36,PCS,888,3.77,D,C01,6.825646,3347.76,22850.62
43077,L27,15832,A11,B22,C36,PCS,838,3.77,D,C01,6.825646,3159.26,21563.99
43077,L27,15832,A11,B22,C36,PCS,272,3.77,D,C01,6.825646,1025.44,6999.29
43077,L27,15832,A11,B22,C36,PCS,659,3.77,D,C01,6.825646,2484.43,16957.84
43077,L27,15832,A11,B22,C36,PCS,825,3.77,D,C01,6.825646,3110.25,21229.47
43077,L27,15832,A11,B22,C36,PCS,375,3.77,D,C01,6.825646,1413.75,9649.76
43077,L27,15832,A11,B22,C36,PCS,444,3.77,D,C01,6.825646,1673.88,11425.31
43077,L27,15832,A11,B22,C36,PCS,392,3.77,D,C01,6.825646,1477.84,10087.21
43100,L27,15964,A19,B25,C31,PCS,577,5.37,C,C02,9.912483,3098.49,30713.73
43100,L27,15964,A19,B25,C31,PCS,919,5.37,C,C02,9.912483,4935.03,48918.4
43100,L27,15964,A19,B25,C31,PCS,368,5.37,C,C02,9.912483,1976.16,19588.65
43100,L27,15964,A19,B25,C31,PCS,43,5.37,C,C02,9.912483,230.91,2288.89
43100,L27,15964,A19,B25,C31,PCS,333,5.37,C,C02,9.912483,1788.21,17725.6
43100,L27,15964,A19,B25,C31,PCS,9,5.37,C,C02,9.912483,48.33,479.07
43100,L27,15964,A19,B25,C31,PCS,512,5.37,C,C02,9.912483,2749.44,27253.78
43100,L27,15964,A19,B25,C31,PCS,640,5.37,C,C02,9.912483,3436.8,34067.22
43100,L27,15964,A19,B25,C31,PCS,772,5.37,C,C02,9.912483,4145.64,41093.59
43100,L27,15964,A19,B25,C31,PCS,813,5.37,C,C02,9.912483,4365.81,43276.02
43091,L27,15996,A12,B29,C40,PCS,766,6.55,D,C03,7.133317,5017.3,35789.99
43091,L27,15996,A12,B29,C40,PCS,361,6.55,D,C03,7.133317,2364.55,16867.08
43091,L27,15996,A12,B29,C40,PCS,414,6.55,D,C03,7.133317,2711.7,19343.42
43091,L27,15996,A12,B29,C40,PCS,857,6.55,D,C03,7.133317,5613.35,40041.8
43091,L27,15996,A12,B29,C40,PCS,67,6.55,D,C03,7.133317,438.85,3130.46
43091,L27,15996,A12,B29,C40,PCS,116,6.55,D,C03,7.133317,759.8,5419.89
43091,L27,15996,A12,B29,C40,PCS,933,6.55,D,C03,7.133317,6111.15,43592.77
43091,L27,15996,A12,B29,C40,PCS,92,6.55,D,C03,7.133317,602.6,4298.54
43091,L27,15996,A12,B29,C40,PCS,536,6.55,D,C03,7.133317,3510.8,25043.65
43091,L27,15996,A12,B29,C40,PCS,433,6.55,D,C03,7.133317,2836.15,20231.16
43099,L27,16158,A14,B22,C31,PCS,328,4.29,C,C10,8.657656,1407.12,12182.36
43099,L27,16158,A14,B22,C31,PCS,581,4.29,C,C10,8.657656,2492.49,21579.12
43099,L27,16158,A14,B22,C31,PCS,581,4.29,C,C10,8.657656,2492.49,21579.12
43099,L27,16158,A14,B22,C31,PCS,193,4.29,C,C10,8.657656,827.97,7168.28
43099,L27,16158,A14,B22,C31,PCS,615,4.29,C,C10,8.657656,2638.35,22841.93
43099,L27,16158,A14,B22,C31,PCS,978,4.29,C,C10,8.657656,4195.62,36324.23
43099,L27,16158,A14,B22,C31,PCS,868,4.29,C,C10,8.657656,3723.72,32238.69
43099,L27,16158,A14,B22,C31,PCS,866,4.29,C,C10,8.657656,3715.14,32164.4
43099,L27,16158,A14,B22,C31,PCS,822,4.29,C,C10,8.657656,3526.38,30530.18
43099,L27,16158,A14,B22,C31,PCS,81,4.29,C,C10,8.657656,347.49,3008.45
43075,L27,16213,A13,B24,C34,PCS,619,7.17,D,C02,9.912483,4438.23,43993.88
43075,L27,16213,A13,B24,C34,PCS,676,7.17,D,C02,9.912483,4846.92,48045.01
43075,L27,16213,A13,B24,C34,PCS,757,7.17,D,C02,9.912483,5427.69,53801.88
43075,L27,16213,A13,B24,C34,PCS,642,7.17,D,C02,9.912483,4603.14,45628.55
43075,L27,16213,A13,B24,C34,PCS,552,7.17,D,C02,9.912483,3957.84,39232.02
43075,L27,16213,A13,B24,C34,PCS,701,7.17,D,C02,9.912483,5026.17,49821.82
43075,L27,16213,A13,B24,C34,PCS,137,7.17,D,C02,9.912483,982.29,9736.93
43075,L27,16213,A13,B24,C34,PCS,841,7.17,D,C02,9.912483,6029.97,59771.98
43075,L27,16213,A13,B24,C34,PCS,129,7.17,D,C02,9.912483,924.93,9168.35
43075,L27,16213,A13,B24,C34,PCS,364,7.17,D,C02,9.912483,2609.88,25870.39
43074,L27,16268,A12,B25,C38,PCS,325,2,C,C06,3.547054,650,2305.59
43074,L27,16268,A12,B25,C38,PCS,788,2,C,C06,3.547054,1576,5590.16
43074,L27,16268,A12,B25,C38,PCS,652,2,C,C06,3.547054,1304,4625.36
43074,L27,16268,A12,B25,C38,PCS,103,2,C,C06,3.547054,206,730.69
43074,L27,16268,A12,B25,C38,PCS,274,2,C,C06,3.547054,548,1943.79
43074,L27,16268,A12,B25,C38,PCS,423,2,C,C06,3.547054,846,3000.81
43074,L27,16268,A12,B25,C38,PCS,723,2,C,C06,3.547054,1446,5129.04
43074,L27,16268,A12,B25,C38,PCS,543,2,C,C06,3.547054,1086,3852.1
43074,L27,16268,A12,B25,C38,PCS,233,2,C,C06,3.547054,466,1652.93
43074,L27,16268,A12,B25,C38,PCS,797,2,C,C06,3.547054,1594,5654
43086,L27,16417,A11,B29,C33,PCS,180,1.36,C,C09,1.199464,244.8,293.63
43086,L27,16417,A11,B29,C33,PCS,834,1.36,C,C09,1.199464,1134.24,1360.48
43086,L27,16417,A11,B29,C33,PCS,839,1.36,C,C09,1.199464,1141.04,1368.64
43086,L27,16417,A11,B29,C33,PCS,767,1.36,C,C09,1.199464,1043.12,1251.18
43086,L27,16417,A11,B29,C33,PCS,119,1.36,C,C09,1.199464,161.84,194.12
43086,L27,16417,A11,B29,C33,PCS,330,1.36,C,C09,1.199464,448.8,538.32
43086,L27,16417,A11,B29,C33,PCS,779,1.36,C,C09,1.199464,1059.44,1270.76
43086,L27,16417,A11,B29,C33,PCS,175,1.36,C,C09,1.199464,238,285.47
43086,L27,16417,A11,B29,C33,PCS,266,1.36,C,C09,1.199464,361.76,433.92
43086,L27,16417,A11,B29,C33,PCS,878,1.36,C,C09,1.199464,1194.08,1432.26
43079,L27,16443,A16,B24,C32,PCS,500,6.94,C,C09,1.199464,3470,4162.14
43079,L27,16443,A16,B24,C32,PCS,147,6.94,C,C09,1.199464,1020.18,1223.67
43079,L27,16443,A16,B24,C32,PCS,347,6.94,C,C09,1.199464,2408.18,2888.53
43079,L27,16443,A16,B24,C32,PCS,395,6.94,C,C09,1.199464,2741.3,3288.09
43079,L27,16443,A16,B24,C32,PCS,55,6.94,C,C09,1.199464,381.7,457.84
43079,L27,16443,A16,B24,C32,PCS,786,6.94,C,C09,1.199464,5454.84,6542.88
43079,L27,16443,A16,B24,C32,PCS,746,6.94,C,C09,1.199464,5177.24,6209.91
43079,L27,16443,A16,B24,C32,PCS,837,6.94,C,C09,1.199464,5808.78,6967.42
43079,L27,16443,A16,B24,C32,PCS,555,6.94,C,C09,1.199464,3851.7,4619.98
43079,L27,16443,A16,B24,C32,PCS,568,6.94,C,C09,1.199464,3941.92,4728.19
43098,L27,16491,A18,B20,C36,PCS,623,9.71,D,C03,7.133317,6049.33,43151.79
43098,L27,16491,A18,B20,C36,PCS,484,9.71,D,C03,7.133317,4699.64,33524.02
43098,L27,16491,A18,B20,C36,PCS,881,9.71,D,C03,7.133317,8554.51,61022.03
43098,L27,16491,A18,B20,C36,PCS,522,9.71,D,C03,7.133317,5068.62,36156.07
43098,L27,16491,A18,B20,C36,PCS,760,9.71,D,C03,7.133317,7379.6,52641.03
43098,L27,16491,A18,B20,C36,PCS,203,9.71,D,C03,7.133317,1971.13,14060.7
43098,L27,16491,A18,B20,C36,PCS,211,9.71,D,C03,7.133317,2048.81,14614.81
43098,L27,16491,A18,B20,C36,PCS,282,9.71,D,C03,7.133317,2738.22,19532.59
43098,L27,16491,A18,B20,C36,PCS,299,9.71,D,C03,7.133317,2903.29,20710.09
43098,L27,16491,A18,B20,C36,PCS,180,9.71,D,C03,7.133317,1747.8,12467.61
43077,L27,16516,A20,B20,C40,PCS,292,5.67,D,C01,6.825646,1655.64,11300.81
43077,L27,16516,A20,B20,C40,PCS,356,5.67,D,C01,6.825646,2018.52,13777.7
43077,L27,16516,A20,B20,C40,PCS,59,5.67,D,C01,6.825646,334.53,2283.38
43077,L27,16516,A20,B20,C40,PCS,988,5.67,D,C01,6.825646,5601.96,38237
43077,L27,16516,A20,B20,C40,PCS,680,5.67,D,C01,6.825646,3855.6,26316.96
43077,L27,16516,A20,B20,C40,PCS,295,5.67,D,C01,6.825646,1672.65,11416.92
43077,L27,16516,A20,B20,C40,PCS,880,5.67,D,C01,6.825646,4989.6,34057.24
43077,L27,16516,A20,B20,C40,PCS,449,5.67,D,C01,6.825646,2545.83,17376.93
43077,L27,16516,A20,B20,C40,PCS,585,5.67,D,C01,6.825646,3316.95,22640.33
43077,L27,16516,A20,B20,C40,PCS,369,5.67,D,C01,6.825646,2092.23,14280.82
43081,L27,16702,A12,B21,C40,PCS,810,8.7,C,C02,9.912483,7047,69853.27
43081,L27,16702,A12,B21,C40,PCS,243,8.7,C,C02,9.912483,2114.1,20955.98
43081,L27,16702,A12,B21,C40,PCS,228,8.7,C,C02,9.912483,1983.6,19662.4
43081,L27,16702,A12,B21,C40,PCS,763,8.7,C,C02,9.912483,6638.1,65800.05
43081,L27,16702,A12,B21,C40,PCS,31,8.7,C,C02,9.912483,269.7,2673.4
43081,L27,16702,A12,B21,C40,PCS,578,8.7,C,C02,9.912483,5028.6,49845.91
43081,L27,16702,A12,B21,C40,PCS,600,8.7,C,C02,9.912483,5220,51743.16
43081,L27,16702,A12,B21,C40,PCS,973,8.7,C,C02,9.912483,8465.1,83910.16
43081,L27,16702,A12,B21,C40,PCS,691,8.7,C,C02,9.912483,6011.7,59590.87
43081,L27,16702,A12,B21,C40,PCS,557,8.7,C,C02,9.912483,4845.9,48034.9
43079,L27,16948,A13,B23,C35,PCS,343,1.86,C,C05,3.40242,637.98,2170.68
43079,L27,16948,A13,B23,C35,PCS,634,1.86,C,C05,3.40242,1179.24,4012.27
43079,L27,16948,A13,B23,C35,PCS,165,1.86,C,C05,3.40242,306.9,1044.2
43079,L27,16948,A13,B23,C35,PCS,357,1.86,C,C05,3.40242,664.02,2259.27
43079,L27,16948,A13,B23,C35,PCS,612,1.86,C,C05,3.40242,1138.32,3873.04
43079,L27,16948,A13,B23,C35,PCS,927,1.86,C,C05,3.40242,1724.22,5866.52
43079,L27,16948,A13,B23,C35,PCS,585,1.86,C,C05,3.40242,1088.1,3702.17
43079,L27,16948,A13,B23,C35,PCS,455,1.86,C,C05,3.40242,846.3,2879.47
43079,L27,16948,A13,B23,C35,PCS,27,1.86,C,C05,3.40242,50.22,170.87
43079,L27,16948,A13,B23,C35,PCS,494,1.86,C,C05,3.40242,918.84,3126.28
43098,L27,17077,A13,B26,C30,PCS,26,1.03,C,C04,5.388146,26.78,144.29
43098,L27,17077,A13,B26,C30,PCS,15,1.03,C,C04,5.388146,15.45,83.25
43098,L27,17077,A13,B26,C30,PCS,47,1.03,C,C04,5.388146,48.41,260.84
43098,L27,17077,A13,B26,C30,PCS,955,1.03,C,C04,5.388146,983.65,5300.05
43098,L27,17077,A13,B26,C30,PCS,689,1.03,C,C04,5.388146,709.67,3823.81
43098,L27,17077,A13,B26,C30,PCS,401,1.03,C,C04,5.388146,413.03,2225.47
43098,L27,17077,A13,B26,C30,PCS,356,1.03,C,C04,5.388146,366.68,1975.73
43098,L27,17077,A13,B26,C30,PCS,166,1.03,C,C04,5.388146,170.98,921.27
43098,L27,17077,A13,B26,C30,PCS,385,1.03,C,C04,5.388146,396.55,2136.67
43098,L27,17077,A13,B26,C30,PCS,97,1.03,C,C04,5.388146,99.91,538.33
43086,L27,17094,A11,B28,C31,PCS,250,1.54,C,C05,3.40242,385,1309.93
43086,L27,17094,A11,B28,C31,PCS,422,1.54,C,C05,3.40242,649.88,2211.16
43086,L27,17094,A11,B28,C31,PCS,441,1.54,C,C05,3.40242,679.14,2310.72
43086,L27,17094,A11,B28,C31,PCS,261,1.54,C,C05,3.40242,401.94,1367.57
43086,L27,17094,A11,B28,C31,PCS,632,1.54,C,C05,3.40242,973.28,3311.51
43086,L27,17094,A11,B28,C31,PCS,602,1.54,C,C05,3.40242,927.08,3154.32
43086,L27,17094,A11,B28,C31,PCS,801,1.54,C,C05,3.40242,1233.54,4197.02
43086,L27,17094,A11,B28,C31,PCS,20,1.54,C,C05,3.40242,30.8,104.79
43086,L27,17094,A11,B28,C31,PCS,924,1.54,C,C05,3.40242,1422.96,4841.51
43086,L27,17094,A11,B28,C31,PCS,937,1.54,C,C05,3.40242,1442.98,4909.62
43086,L27,17146,A12,B20,C33,PCS,2,2.26,C,C06,3.547054,4.52,16.03
43086,L27,17146,A12,B20,C33,PCS,925,2.26,C,C06,3.547054,2090.5,7415.12
43086,L27,17146,A12,B20,C33,PCS,747,2.26,C,C06,3.547054,1688.22,5988.21
43086,L27,17146,A12,B20,C33,PCS,877,2.26,C,C06,3.547054,1982.02,7030.33
43086,L27,17146,A12,B20,C33,PCS,714,2.26,C,C06,3.547054,1613.64,5723.67
43086,L27,17146,A12,B20,C33,PCS,707,2.26,C,C06,3.547054,1597.82,5667.55
43086,L27,17146,A12,B20,C33,PCS,806,2.26,C,C06,3.547054,1821.56,6461.17
43086,L27,17146,A12,B20,C33,PCS,919,2.26,C,C06,3.547054,2076.94,7367.02
43086,L27,17146,A12,B20,C33,PCS,66,2.26,C,C06,3.547054,149.16,529.08
43086,L27,17146,A12,B20,C33,PCS,561,2.26,C,C06,3.547054,1267.86,4497.17
43094,L27,17175,A13,B29,C36,PCS,851,9.29,C,C01,6.825646,7905.79,53962.12
43094,L27,17175,A13,B29,C36,PCS,963,9.29,C,C01,6.825646,8946.27,61064.07
43094,L27,17175,A13,B29,C36,PCS,994,9.29,C,C01,6.825646,9234.26,63029.79
43094,L27,17175,A13,B29,C36,PCS,579,9.29,C,C01,6.825646,5378.91,36714.54
43094,L27,17175,A13,B29,C36,PCS,343,9.29,C,C01,6.825646,3186.47,21749.72
43094,L27,17175,A13,B29,C36,PCS,473,9.29,C,C01,6.825646,4394.17,29993.05
43094,L27,17175,A13,B29,C36,PCS,643,9.29,C,C01,6.825646,5973.47,40772.79
43094,L27,17175,A13,B29,C36,PCS,115,9.29,C,C01,6.825646,1068.35,7292.18
43094,L27,17175,A13,B29,C36,PCS,916,9.29,C,C01,6.825646,8509.64,58083.79
43094,L27,17175,A13,B29,C36,PCS,963,9.29,C,C01,6.825646,8946.27,61064.07
43088,L27,17306,A17,B28,C32,PCS,869,9.56,D,C04,5.388146,8307.64,44762.78
43088,L27,17306,A17,B28,C32,PCS,175,9.56,D,C04,5.388146,1673,9014.37
43088,L27,17306,A17,B28,C32,PCS,134,9.56,D,C04,5.388146,1281.04,6902.43
43088,L27,17306,A17,B28,C32,PCS,416,9.56,D,C04,5.388146,3976.96,21428.44
43088,L27,17306,A17,B28,C32,PCS,312,9.56,D,C04,5.388146,2982.72,16071.33
43088,L27,17306,A17,B28,C32,PCS,137,9.56,D,C04,5.388146,1309.72,7056.96
43088,L27,17306,A17,B28,C32,PCS,260,9.56,D,C04,5.388146,2485.6,13392.78
43088,L27,17306,A17,B28,C32,PCS,957,9.56,D,C04,5.388146,9148.92,49295.72
43088,L27,17306,A17,B28,C32,PCS,137,9.56,D,C04,5.388146,1309.72,7056.96
43088,L27,17306,A17,B28,C32,PCS,676,9.56,D,C04,5.388146,6462.56,34821.22
43090,L27,17465,A15,B28,C36,PCS,371,2.57,C,C10,8.657656,953.47,8254.82
43090,L27,17465,A15,B28,C36,PCS,867,2.57,C,C10,8.657656,2228.19,19290.9
43090,L27,17465,A15,B28,C36,PCS,912,2.57,C,C10,8.657656,2343.84,20292.16
43090,L27,17465,A15,B28,C36,PCS,943,2.57,C,C10,8.657656,2423.51,20981.92
43090,L27,17465,A15,B28,C36,PCS,645,2.57,C,C10,8.657656,1657.65,14351.36
43090,L27,17465,A15,B28,C36,PCS,31,2.57,C,C10,8.657656,79.67,689.76
43090,L27,17465,A15,B28,C36,PCS,979,2.57,C,C10,8.657656,2516.03,21782.92
43090,L27,17465,A15,B28,C36,PCS,571,2.57,C,C10,8.657656,1467.47,12704.85
43090,L27,17465,A15,B28,C36,PCS,469,2.57,C,C10,8.657656,1205.33,10435.33
43090,L27,17465,A15,B28,C36,PCS,270,2.57,C,C10,8.657656,693.9,6007.55
43098,L27,17510,A10,B20,C34,PCS,756,8.83,C,C10,8.657656,6675.48,57794.01
43098,L27,17510,A10,B20,C34,PCS,692,8.83,C,C10,8.657656,6110.36,52901.39
43098,L27,17510,A10,B20,C34,PCS,668,8.83,C,C10,8.657656,5898.44,51066.66
43098,L27,17510,A10,B20,C34,PCS,586,8.83,C,C10,8.657656,5174.38,44798
43098,L27,17510,A10,B20,C34,PCS,853,8.83,C,C10,8.657656,7531.99,65209.38
43098,L27,17510,A10,B20,C34,PCS,994,8.83,C,C10,8.657656,8777.02,75988.42
43098,L27,17510,A10,B20,C34,PCS,125,8.83,C,C10,8.657656,1103.75,9555.89
43098,L27,17510,A10,B20,C34,PCS,445,8.83,C,C10,8.657656,3929.35,34018.96
43098,L27,17510,A10,B20,C34,PCS,613,8.83,C,C10,8.657656,5412.79,46862.07
43098,L27,17510,A10,B20,C34,PCS,79,8.83,C,C10,8.657656,697.57,6039.32
43088,L27,17521,A13,B26,C33,PCS,397,3.35,D,C10,8.657656,1329.95,11514.25
43088,L27,17521,A13,B26,C33,PCS,219,3.35,D,C10,8.657656,733.65,6351.69
43088,L27,17521,A13,B26,C33,PCS,562,3.35,D,C10,8.657656,1882.7,16299.77
43088,L27,17521,A13,B26,C33,PCS,94,3.35,D,C10,8.657656,314.9,2726.3
43088,L27,17521,A13,B26,C33,PCS,625,3.35,D,C10,8.657656,2093.75,18126.97
43088,L27,17521,A13,B26,C33,PCS,720,3.35,D,C10,8.657656,2412,20882.27
43088,L27,17521,A13,B26,C33,PCS,815,3.35,D,C10,8.657656,2730.25,23637.57
43088,L27,17521,A13,B26,C33,PCS,335,3.35,D,C10,8.657656,1122.25,9716.05
43088,L27,17521,A13,B26,C33,PCS,618,3.35,D,C10,8.657656,2070.3,17923.95
43088,L27,17521,A13,B26,C33,PCS,327,3.35,D,C10,8.657656,1095.45,9484.03
43078,L27,17558,A15,B29,C39,PCS,510,2.69,D,C10,8.657656,1371.9,11877.44
43078,L27,17558,A15,B29,C39,PCS,244,2.69,D,C10,8.657656,656.36,5682.54
43078,L27,17558,A15,B29,C39,PCS,685,2.69,D,C10,8.657656,1842.65,15953.03
43078,L27,17558,A15,B29,C39,PCS,107,2.69,D,C10,8.657656,287.83,2491.93
43078,L27,17558,A15,B29,C39,PCS,56,2.69,D,C10,8.657656,150.64,1304.19
43078,L27,17558,A15,B29,C39,PCS,513,2.69,D,C10,8.657656,1379.97,11947.31
43078,L27,17558,A15,B29,C39,PCS,44,2.69,D,C10,8.657656,118.36,1024.72
43078,L27,17558,A15,B29,C39,PCS,233,2.69,D,C10,8.657656,626.77,5426.36
43078,L27,17558,A15,B29,C39,PCS,57,2.69,D,C10,8.657656,153.33,1327.48
43078,L27,17558,A15,B29,C39,PCS,374,2.69,D,C10,8.657656,1006.06,8710.12
43089,L27,17588,A17,B26,C40,PCS,819,2.58,D,C02,9.912483,2113.02,20945.27
43089,L27,17588,A17,B26,C40,PCS,753,2.58,D,C02,9.912483,1942.74,19257.38
43089,L27,17588,A17,B26,C40,PCS,721,2.58,D,C02,9.912483,1860.18,18439
43089,L27,17588,A17,B26,C40,PCS,347,2.58,D,C02,9.912483,895.26,8874.25
43089,L27,17588,A17,B26,C40,PCS,4,2.58,D,C02,9.912483,10.32,102.3
43089,L27,17588,A17,B26,C40,PCS,578,2.58,D,C02,9.912483,1491.24,14781.89
43089,L27,17588,A17,B26,C40,PCS,438,2.58,D,C02,9.912483,1130.04,11201.5
43089,L27,17588,A17,B26,C40,PCS,979,2.58,D,C02,9.912483,2525.82,25037.15
43089,L27,17588,A17,B26,C40,PCS,45,2.58,D,C02,9.912483,116.1,1150.84
43089,L27,17588,A17,B26,C40,PCS,102,2.58,D,C02,9.912483,263.16,2608.57
43071,L27,17670,A14,B25,C39,PCS,191,6.75,C,C05,3.40242,1289.25,4386.57
43071,L27,17670,A14,B25,C39,PCS,66,6.75,C,C05,3.40242,445.5,1515.78
43071,L27,17670,A14,B25,C39,PCS,414,6.75,C,C05,3.40242,2794.5,9508.06
43071,L27,17670,A14,B25,C39,PCS,39,6.75,C,C05,3.40242,263.25,895.69
43071,L27,17670,A14,B25,C39,PCS,391,6.75,C,C05,3.40242,2639.25,8979.84
43071,L27,17670,A14,B25,C39,PCS,578,6.75,C,C05,3.40242,3901.5,13274.54
43071,L27,17670,A14,B25,C39,PCS,943,6.75,C,C05,3.40242,6365.25,21657.25
43071,L27,17670,A14,B25,C39,PCS,746,6.75,C,C05,3.40242,5035.5,17132.89
43071,L27,17670,A14,B25,C39,PCS,425,6.75,C,C05,3.40242,2868.75,9760.69
43071,L27,17670,A14,B25,C39,PCS,584,6.75,C,C05,3.40242,3942,13412.34
43098,L27,17712,A14,B24,C37,PCS,782,8.83,D,C10,8.657656,6905.06,59781.63
43098,L27,17712,A14,B24,C37,PCS,558,8.83,D,C10,8.657656,4927.14,42657.48
43098,L27,17712,A14,B24,C37,PCS,845,8.83,D,C10,8.657656,7461.35,64597.8
43098,L27,17712,A14,B24,C37,PCS,673,8.83,D,C10,8.657656,5942.59,51448.9
43098,L27,17712,A14,B24,C37,PCS,152,8.83,D,C10,8.657656,1342.16,11619.96
43098,L27,17712,A14,B24,C37,PCS,443,8.83,D,C10,8.657656,3911.69,33866.07
43098,L27,17712,A14,B24,C37,PCS,770,8.83,D,C10,8.657656,6799.1,58864.27
43098,L27,17712,A14,B24,C37,PCS,407,8.83,D,C10,8.657656,3593.81,31113.97
43098,L27,17712,A14,B24,C37,PCS,534,8.83,D,C10,8.657656,4715.22,40822.75
43098,L27,17712,A14,B24,C37,PCS,412,8.83,D,C10,8.657656,3637.96,31496.21
43084,L27,17923,A12,B24,C34,PCS,152,6.68,D,C08,1.496196,1015.36,1519.18
43084,L27,17923,A12,B24,C34,PCS,463,6.68,D,C08,1.496196,3092.84,4627.49
43084,L27,17923,A12,B24,C34,PCS,319,6.68,D,C08,1.496196,2130.92,3188.27
43084,L27,17923,A12,B24,C34,PCS,786,6.68,D,C08,1.496196,5250.48,7855.75
43084,L27,17923,A12,B24,C34,PCS,748,6.68,D,C08,1.496196,4996.64,7475.95
43084,L27,17923,A12,B24,C34,PCS,685,6.68,D,C08,1.496196,4575.8,6846.29
43084,L27,17923,A12,B24,C34,PCS,553,6.68,D,C08,1.496196,3694.04,5527.01
43084,L27,17923,A12,B24,C34,PCS,278,6.68,D,C08,1.496196,1857.04,2778.5
43084,L27,17923,A12,B24,C34,PCS,585,6.68,D,C08,1.496196,3907.8,5846.83
43084,L27,17923,A12,B24,C34,PCS,982,6.68,D,C08,1.496196,6559.76,9814.69
43079,L27,17925,A14,B29,C37,PCS,482,2.25,C,C10,8.657656,1084.5,9389.23
43079,L27,17925,A14,B29,C37,PCS,502,2.25,C,C10,8.657656,1129.5,9778.82
43079,L27,17925,A14,B29,C37,PCS,239,2.25,C,C10,8.657656,537.75,4655.65
43079,L27,17925,A14,B29,C37,PCS,470,2.25,C,C10,8.657656,1057.5,9155.47
43079,L27,17925,A14,B29,C37,PCS,14,2.25,C,C10,8.657656,31.5,272.72
43079,L27,17925,A14,B29,C37,PCS,460,2.25,C,C10,8.657656,1035,8960.67
43079,L27,17925,A14,B29,C37,PCS,454,2.25,C,C10,8.657656,1021.5,8843.8
43079,L27,17925,A14,B29,C37,PCS,605,2.25,C,C10,8.657656,1361.25,11785.23
43079,L27,17925,A14,B29,C37,PCS,387,2.25,C,C10,8.657656,870.75,7538.65
43079,L27,17925,A14,B29,C37,PCS,718,2.25,C,C10,8.657656,1615.5,13986.44
43076,L27,17930,A11,B24,C34,PCS,694,8.71,D,C03,7.133317,6044.74,43119.05
43076,L27,17930,A11,B24,C34,PCS,293,8.71,D,C03,7.133317,2552.03,18204.44
43076,L27,17930,A11,B24,C34,PCS,154,8.71,D,C03,7.133317,1341.34,9568.2
43076,L27,17930,A11,B24,C34,PCS,81,8.71,D,C03,7.133317,705.51,5032.63
43076,L27,17930,A11,B24,C34,PCS,523,8.71,D,C03,7.133317,4555.33,32494.61
43076,L27,17930,A11,B24,C34,PCS,193,8.71,D,C03,7.133317,1681.03,11991.32
43076,L27,17930,A11,B24,C34,PCS,449,8.71,D,C03,7.133317,3910.79,27896.9
43076,L27,17930,A11,B24,C34,PCS,495,8.71,D,C03,7.133317,4311.45,30754.94
43076,L27,17930,A11,B24,C34,PCS,863,8.71,D,C03,7.133317,7516.73,53619.22
43076,L27,17930,A11,B24,C34,PCS,545,8.71,D,C03,7.133317,4746.95,33861.5
43071,L27,17992,A13,B20,C39,PCS,472,6.75,D,C05,3.40242,3186,10840.11
43071,L27,17992,A13,B20,C39,PCS,637,6.75,D,C05,3.40242,4299.75,14629.56
43071,L27,17992,A13,B20,C39,PCS,738,6.75,D,C05,3.40242,4981.5,16949.16
43071,L27,17992,A13,B20,C39,PCS,161,6.75,D,C05,3.40242,1086.75,3697.58
43071,L27,17992,A13,B20,C39,PCS,332,6.75,D,C05,3.40242,2241,7624.82
43071,L27,17992,A13,B20,C39,PCS,132,6.75,D,C05,3.40242,891,3031.56
43071,L27,17992,A13,B20,C39,PCS,858,6.75,D,C05,3.40242,5791.5,19705.12
43071,L27,17992,A13,B20,C39,PCS,953,6.75,D,C05,3.40242,6432.75,21886.92
43071,L27,17992,A13,B20,C39,PCS,361,6.75,D,C05,3.40242,2436.75,8290.85
43071,L27,17992,A13,B20,C39,PCS,843,6.75,D,C05,3.40242,5690.25,19360.62
43100,L27,18039,A15,B25,C31,PCS,538,5.44,D,C02,9.912483,2926.72,29011.06
43100,L27,18039,A15,B25,C31,PCS,333,5.44,D,C02,9.912483,1811.52,17956.66
43100,L27,18039,A15,B25,C31,PCS,294,5.44,D,C02,9.912483,1599.36,15853.63
43100,L27,18039,A15,B25,C31,PCS,182,5.44,D,C02,9.912483,990.08,9814.15
43100,L27,18039,A15,B25,C31,PCS,749,5.44,D,C02,9.912483,4074.56,40389.01
43100,L27,18039,A15,B25,C31,PCS,947,5.44,D,C02,9.912483,5151.68,51065.94
43100,L27,18039,A15,B25,C31,PCS,724,5.44,D,C02,9.912483,3938.56,39040.91
43100,L27,18039,A15,B25,C31,PCS,695,5.44,D,C02,9.912483,3780.8,37477.12
43100,L27,18039,A15,B25,C31,PCS,209,5.44,D,C02,9.912483,1136.96,11270.1
43100,L27,18039,A15,B25,C31,PCS,774,5.44,D,C02,9.912483,4210.56,41737.1
43071,L27,18075,A18,B25,C31,PCS,390,6.75,D,C05,3.40242,2632.5,8956.87
43071,L27,18075,A18,B25,C31,PCS,37,6.75,D,C05,3.40242,249.75,849.75
43071,L27,18075,A18,B25,C31,PCS,690,6.75,D,C05,3.40242,4657.5,15846.77
43071,L27,18075,A18,B25,C31,PCS,56,6.75,D,C05,3.40242,378,1286.11
43071,L27,18075,A18,B25,C31,PCS,110,6.75,D,C05,3.40242,742.5,2526.3
43071,L27,18075,A18,B25,C31,PCS,766,6.75,D,C05,3.40242,5170.5,17592.21
43071,L27,18075,A18,B25,C31,PCS,391,6.75,D,C05,3.40242,2639.25,8979.84
43071,L27,18075,A18,B25,C31,PCS,416,6.75,D,C05,3.40242,2808,9554
43071,L27,18075,A18,B25,C31,PCS,87,6.75,D,C05,3.40242,587.25,1998.07
43071,L27,18075,A18,B25,C31,PCS,679,6.75,D,C05,3.40242,4583.25,15594.14
43076,L27,18284,A12,B20,C30,PCS,580,4.59,C,C06,3.547054,2662.2,9442.97
43076,L27,18284,A12,B20,C30,PCS,122,4.59,C,C06,3.547054,559.98,1986.28
43076,L27,18284,A12,B20,C30,PCS,751,4.59,C,C06,3.547054,3447.09,12227.01
43076,L27,18284,A12,B20,C30,PCS,682,4.59,C,C06,3.547054,3130.38,11103.63
43076,L27,18284,A12,B20,C30,PCS,447,4.59,C,C06,3.547054,2051.73,7277.6
43076,L27,18284,A12,B20,C30,PCS,697,4.59,C,C06,3.547054,3199.23,11347.84
43076,L27,18284,A12,B20,C30,PCS,266,4.59,C,C06,3.547054,1220.94,4330.74
43076,L27,18284,A12,B20,C30,PCS,400,4.59,C,C06,3.547054,1836,6512.39
43076,L27,18284,A12,B20,C30,PCS,325,4.59,C,C06,3.547054,1491.75,5291.32
43076,L27,18284,A12,B20,C30,PCS,969,4.59,C,C06,3.547054,4447.71,15776.27
43089,L27,18294,A18,B30,C33,PCS,409,6.76,C,C09,1.199464,2764.84,3316.33
43089,L27,18294,A18,B30,C33,PCS,145,6.76,C,C09,1.199464,980.2,1175.71
43089,L27,18294,A18,B30,C33,PCS,295,6.76,C,C09,1.199464,1994.2,2391.97
43089,L27,18294,A18,B30,C33,PCS,349,6.76,C,C09,1.199464,2359.24,2829.82
43089,L27,18294,A18,B30,C33,PCS,419,6.76,C,C09,1.199464,2832.44,3397.41
43089,L27,18294,A18,B30,C33,PCS,943,6.76,C,C09,1.199464,6374.68,7646.2
43089,L27,18294,A18,B30,C33,PCS,628,6.76,C,C09,1.199464,4245.28,5092.06
43089,L27,18294,A18,B30,C33,PCS,680,6.76,C,C09,1.199464,4596.8,5513.7
43089,L27,18294,A18,B30,C33,PCS,673,6.76,C,C09,1.199464,4549.48,5456.94
43089,L27,18294,A18,B30,C33,PCS,946,6.76,C,C09,1.199464,6394.96,7670.52
43094,L27,18340,A13,B26,C37,PCS,583,1.77,C,C10,8.657656,1031.91,8933.92
43094,L27,18340,A13,B26,C37,PCS,187,1.77,C,C10,8.657656,330.99,2865.6
43094,L27,18340,A13,B26,C37,PCS,612,1.77,C,C10,8.657656,1083.24,9378.32
43094,L27,18340,A13,B26,C37,PCS,405,1.77,C,C10,8.657656,716.85,6206.24
43094,L27,18340,A13,B26,C37,PCS,350,1.77,C,C10,8.657656,619.5,5363.42
43094,L27,18340,A13,B26,C37,PCS,606,1.77,C,C10,8.657656,1072.62,9286.37
43094,L27,18340,A13,B26,C37,PCS,632,1.77,C,C10,8.657656,1118.64,9684.8
43094,L27,18340,A13,B26,C37,PCS,421,1.77,C,C10,8.657656,745.17,6451.43
43094,L27,18340,A13,B26,C37,PCS,191,1.77,C,C10,8.657656,338.07,2926.89
43094,L27,18340,A13,B26,C37,PCS,289,1.77,C,C10,8.657656,511.53,4428.65
43081,L27,18484,A20,B29,C36,PCS,154,9.49,D,C05,3.40242,1461.46,4972.5
43081,L27,18484,A20,B29,C36,PCS,909,9.49,D,C05,3.40242,8626.41,29350.67
43081,L27,18484,A20,B29,C36,PCS,20,9.49,D,C05,3.40242,189.8,645.78
43081,L27,18484,A20,B29,C36,PCS,708,9.49,D,C05,3.40242,6718.92,22860.59
43081,L27,18484,A20,B29,C36,PCS,494,9.49,D,C05,3.40242,4688.06,15950.75
43081,L27,18484,A20,B29,C36,PCS,899,9.49,D,C05,3.40242,8531.51,29027.78
43081,L27,18484,A20,B29,C36,PCS,436,9.49,D,C05,3.40242,4137.64,14077.99
43081,L27,18484,A20,B29,C36,PCS,346,9.49,D,C05,3.40242,3283.54,11171.98
43081,L27,18484,A20,B29,C36,PCS,265,9.49,D,C05,3.40242,2514.85,8556.58
43081,L27,18484,A20,B29,C36,PCS,20,9.49,D,C05,3.40242,189.8,645.78
43083,L27,18518,A18,B28,C30,PCS,75,6.43,C,C01,6.825646,482.25,3291.67
43083,L27,18518,A18,B28,C30,PCS,865,6.43,C,C01,6.825646,5561.95,37963.9
43083,L27,18518,A18,B28,C30,PCS,783,6.43,C,C01,6.825646,5034.69,34365.01
43083,L27,18518,A18,B28,C30,PCS,530,6.43,C,C01,6.825646,3407.9,23261.12
43083,L27,18518,A18,B28,C30,PCS,215,6.43,C,C01,6.825646,1382.45,9436.11
43083,L27,18518,A18,B28,C30,PCS,37,6.43,C,C01,6.825646,237.91,1623.89
43083,L27,18518,A18,B28,C30,PCS,627,6.43,C,C01,6.825646,4031.61,27518.34
43083,L27,18518,A18,B28,C30,PCS,457,6.43,C,C01,6.825646,2938.51,20057.23
43083,L27,18518,A18,B28,C30,PCS,883,6.43,C,C01,6.825646,5677.69,38753.9
43083,L27,18518,A18,B28,C30,PCS,135,6.43,C,C01,6.825646,868.05,5925
43088,L27,18556,A20,B26,C32,PCS,44,9.56,D,C04,5.388146,420.64,2266.47
43088,L27,18556,A20,B26,C32,PCS,951,9.56,D,C04,5.388146,9091.56,48986.65
43088,L27,18556,A20,B26,C32,PCS,205,9.56,D,C04,5.388146,1959.8,10559.69
43088,L27,18556,A20,B26,C32,PCS,998,9.56,D,C04,5.388146,9540.88,51407.65
43088,L27,18556,A20,B26,C32,PCS,253,9.56,D,C04,5.388146,2418.68,13032.2
43088,L27,18556,A20,B26,C32,PCS,876,9.56,D,C04,5.388146,8374.56,45123.35
43088,L27,18556,A20,B26,C32,PCS,873,9.56,D,C04,5.388146,8345.88,44968.82
43088,L27,18556,A20,B26,C32,PCS,821,9.56,D,C04,5.388146,7848.76,42290.26
43088,L27,18556,A20,B26,C32,PCS,915,9.56,D,C04,5.388146,8747.4,47132.27
43088,L27,18556,A20,B26,C32,PCS,112,9.56,D,C04,5.388146,1070.72,5769.2
43077,L27,18570,A10,B21,C33,PCS,81,5.72,C,C07,1.358577,463.32,629.46
43077,L27,18570,A10,B21,C33,PCS,585,5.72,C,C07,1.358577,3346.2,4546.07
43077,L27,18570,A10,B21,C33,PCS,432,5.72,C,C07,1.358577,2471.04,3357.1
43077,L27,18570,A10,B21,C33,PCS,208,5.72,C,C07,1.358577,1189.76,1616.38
43077,L27,18570,A10,B21,C33,PCS,689,5.72,C,C07,1.358577,3941.08,5354.26
43077,L27,18570,A10,B21,C33,PCS,66,5.72,C,C07,1.358577,377.52,512.89
43077,L27,18570,A10,B21,C33,PCS,953,5.72,C,C07,1.358577,5451.16,7405.82
43077,L27,18570,A10,B21,C33,PCS,18,5.72,C,C07,1.358577,102.96,139.88
43077,L27,18570,A10,B21,C33,PCS,954,5.72,C,C07,1.358577,5456.88,7413.59
43077,L27,18570,A10,B21,C33,PCS,365,5.72,C,C07,1.358577,2087.8,2836.44
43070,L27,18942,A13,B20,C32,PCS,646,3.47,C,C02,9.912483,2241.62,22220.02
43070,L27,18942,A13,B20,C32,PCS,684,3.47,C,C02,9.912483,2373.48,23527.08
43070,L27,18942,A13,B20,C32,PCS,928,3.47,C,C02,9.912483,3220.16,31919.78
43070,L27,18942,A13,B20,C32,PCS,552,3.47,C,C02,9.912483,1915.44,18986.77
43070,L27,18942,A13,B20,C32,PCS,705,3.47,C,C02,9.912483,2446.35,24249.4
43070,L27,18942,A13,B20,C32,PCS,464,3.47,C,C02,9.912483,1610.08,15959.89
43070,L27,18942,A13,B20,C32,PCS,114,3.47,C,C02,9.912483,395.58,3921.18
43070,L27,18942,A13,B20,C32,PCS,94,3.47,C,C02,9.912483,326.18,3233.25
43070,L27,18942,A13,B20,C32,PCS,823,3.47,C,C02,9.912483,2855.81,28308.17
43070,L27,18942,A13,B20,C32,PCS,223,3.47,C,C02,9.912483,773.81,7670.38
43083,L27,18978,A11,B28,C31,PCS,877,1.59,D,C04,5.388146,1394.43,7513.39
43083,L27,18978,A11,B28,C31,PCS,650,1.59,D,C04,5.388146,1033.5,5568.65
43083,L27,18978,A11,B28,C31,PCS,184,1.59,D,C04,5.388146,292.56,1576.36
43083,L27,18978,A11,B28,C31,PCS,273,1.59,D,C04,5.388146,434.07,2338.83
43083,L27,18978,A11,B28,C31,PCS,8,1.59,D,C04,5.388146,12.72,68.54
43083,L27,18978,A11,B28,C31,PCS,784,1.59,D,C04,5.388146,1246.56,6716.65
43083,L27,18978,A11,B28,C31,PCS,53,1.59,D,C04,5.388146,84.27,454.06
43083,L27,18978,A11,B28,C31,PCS,978,1.59,D,C04,5.388146,1555.02,8378.67
43083,L27,18978,A11,B28,C31,PCS,142,1.59,D,C04,5.388146,225.78,1216.54
43083,L27,18978,A11,B28,C31,PCS,544,1.59,D,C04,5.388146,864.96,4660.53
43077,L27,19065,A19,B26,C40,PCS,417,5.72,D,C07,1.358577,2385.24,3240.53
43077,L27,19065,A19,B26,C40,PCS,501,5.72,D,C07,1.358577,2865.72,3893.3
43077,L27,19065,A19,B26,C40,PCS,3,5.72,D,C07,1.358577,17.16,23.31
43077,L27,19065,A19,B26,C40,PCS,958,5.72,D,C07,1.358577,5479.76,7444.68
43077,L27,19065,A19,B26,C40,PCS,673,5.72,D,C07,1.358577,3849.56,5229.92
43077,L27,19065,A19,B26,C40,PCS,898,5.72,D,C07,1.358577,5136.56,6978.41
43077,L27,19065,A19,B26,C40,PCS,305,5.72,D,C07,1.358577,1744.6,2370.17
43077,L27,19065,A19,B26,C40,PCS,839,5.72,D,C07,1.358577,4799.08,6519.92
43077,L27,19065,A19,B26,C40,PCS,493,5.72,D,C07,1.358577,2819.96,3831.13
43077,L27,19065,A19,B26,C40,PCS,150,5.72,D,C07,1.358577,858,1165.66
43071,L27,19193,A13,B30,C36,PCS,455,6.75,C,C05,3.40242,3071.25,10449.68
43071,L27,19193,A13,B30,C36,PCS,450,6.75,C,C05,3.40242,3037.5,10334.85
43071,L27,19193,A13,B30,C36,PCS,137,6.75,C,C05,3.40242,924.75,3146.39
43071,L27,19193,A13,B30,C36,PCS,487,6.75,C,C05,3.40242,3287.25,11184.61
43071,L27,19193,A13,B30,C36,PCS,928,6.75,C,C05,3.40242,6264,21312.76
43071,L27,19193,A13,B30,C36,PCS,714,6.75,C,C05,3.40242,4819.5,16397.96
43071,L27,19193,A13,B30,C36,PCS,644,6.75,C,C05,3.40242,4347,14790.32
43071,L27,19193,A13,B30,C36,PCS,68,6.75,C,C05,3.40242,459,1561.71
43071,L27,19193,A13,B30,C36,PCS,601,6.75,C,C05,3.40242,4056.75,13802.77
43071,L27,19193,A13,B30,C36,PCS,951,6.75,C,C05,3.40242,6419.25,21840.98
43099,L27,19297,A13,B29,C30,PCS,164,4.86,C,C02,9.912483,797.04,7900.65
43099,L27,19297,A13,B29,C30,PCS,820,4.86,C,C02,9.912483,3985.2,39503.23
43099,L27,19297,A13,B29,C30,PCS,388,4.86,C,C02,9.912483,1885.68,18691.77
43099,L27,19297,A13,B29,C30,PCS,1,4.86,C,C02,9.912483,4.86,48.17
43099,L27,19297,A13,B29,C30,PCS,540,4.86,C,C02,9.912483,2624.4,26014.32
43099,L27,19297,A13,B29,C30,PCS,881,4.86,C,C02,9.912483,4281.66,42441.88
43099,L27,19297,A13,B29,C30,PCS,201,4.86,C,C02,9.912483,976.86,9683.11
43099,L27,19297,A13,B29,C30,PCS,336,4.86,C,C02,9.912483,1632.96,16186.69
43099,L27,19297,A13,B29,C30,PCS,878,4.86,C,C02,9.912483,4267.08,42297.36
43099,L27,19297,A13,B29,C30,PCS,560,4.86,C,C02,9.912483,2721.6,26977.81
43079,L27,19305,A11,B23,C35,PCS,925,2.25,D,C10,8.657656,2081.25,18018.75
43079,L27,19305,A11,B23,C35,PCS,874,2.25,D,C10,8.657656,1966.5,17025.28
43079,L27,19305,A11,B23,C35,PCS,234,2.25,D,C10,8.657656,526.5,4558.26
43079,L27,19305,A11,B23,C35,PCS,277,2.25,D,C10,8.657656,623.25,5395.88
43079,L27,19305,A11,B23,C35,PCS,665,2.25,D,C10,8.657656,1496.25,12954.02
43079,L27,19305,A11,B23,C35,PCS,510,2.25,D,C10,8.657656,1147.5,9934.66
43079,L27,19305,A11,B23,C35,PCS,529,2.25,D,C10,8.657656,1190.25,10304.78
43079,L27,19305,A11,B23,C35,PCS,822,2.25,D,C10,8.657656,1849.5,16012.33
43079,L27,19305,A11,B23,C35,PCS,908,2.25,D,C10,8.657656,2043,17687.59
43079,L27,19305,A11,B23,C35,PCS,711,2.25,D,C10,8.657656,1599.75,13850.09
43098,L27,19357,A10,B23,C40,PCS,383,9.71,D,C03,7.133317,3718.93,26528.31
43098,L27,19357,A10,B23,C40,PCS,749,9.71,D,C03,7.133317,7272.79,51879.12
43098,L27,19357,A10,B23,C40,PCS,793,9.71,D,C03,7.133317,7700.03,54926.75
43098,L27,19357,A10,B23,C40,PCS,541,9.71,D,C03,7.133317,5253.11,37472.1
43098,L27,19357,A10,B23,C40,PCS,477,9.71,D,C03,7.133317,4631.67,33039.17
43098,L27,19357,A10,B23,C40,PCS,289,9.71,D,C03,7.133317,2806.19,20017.44
43098,L27,19357,A10,B23,C40,PCS,125,9.71,D,C03,7.133317,1213.75,8658.06
43098,L27,19357,A10,B23,C40,PCS,672,9.71,D,C03,7.133317,6525.12,46545.75
43098,L27,19357,A10,B23,C40,PCS,409,9.71,D,C03,7.133317,3971.39,28329.18
43098,L27,19357,A10,B23,C40,PCS,585,9.71,D,C03,7.133317,5680.35,40519.74
43098,L27,19477,A12,B30,C40,PCS,630,9.71,D,C03,7.133317,6117.3,43636.64
43098,L27,19477,A12,B30,C40,PCS,232,9.71,D,C03,7.133317,2252.72,16069.37
43098,L27,19477,A12,B30,C40,PCS,797,9.71,D,C03,7.133317,7738.87,55203.81
43098,L27,19477,A12,B30,C40,PCS,494,9.71,D,C03,7.133317,4796.74,34216.67
43098,L27,19477,A12,B30,C40,PCS,121,9.71,D,C03,7.133317,1174.91,8381.01
43098,L27,19477,A12,B30,C40,PCS,206,9.71,D,C03,7.133317,2000.26,14268.49
43098,L27,19477,A12,B30,C40,PCS,769,9.71,D,C03,7.133317,7466.99,53264.41
43098,L27,19477,A12,B30,C40,PCS,307,9.71,D,C03,7.133317,2980.97,21264.2
43098,L27,19477,A12,B30,C40,PCS,488,9.71,D,C03,7.133317,4738.48,33801.08
43098,L27,19477,A12,B30,C40,PCS,619,9.71,D,C03,7.133317,6010.49,42874.73
43075,L27,19676,A14,B29,C38,PCS,479,7.17,D,C02,9.912483,3434.43,34043.73
43075,L27,19676,A14,B29,C38,PCS,277,7.17,D,C02,9.912483,1986.09,19687.08
43075,L27,19676,A14,B29,C38,PCS,827,7.17,D,C02,9.912483,5929.59,58776.96
43075,L27,19676,A14,B29,C38,PCS,163,7.17,D,C02,9.912483,1168.71,11584.82
43075,L27,19676,A14,B29,C38,PCS,868,7.17,D,C02,9.912483,6223.56,61690.93
43075,L27,19676,A14,B29,C38,PCS,155,7.17,D,C02,9.912483,1111.35,11016.24
43075,L27,19676,A14,B29,C38,PCS,552,7.17,D,C02,9.912483,3957.84,39232.02
43075,L27,19676,A14,B29,C38,PCS,544,7.17,D,C02,9.912483,3900.48,38663.44
43075,L27,19676,A14,B29,C38,PCS,240,7.17,D,C02,9.912483,1720.8,17057.4
43075,L27,19676,A14,B29,C38,PCS,545,7.17,D,C02,9.912483,3907.65,38734.51
43079,L27,19819,A11,B29,C40,PCS,660,6.57,C,C04,5.388146,4336.2,23364.08
43079,L27,19819,A11,B29,C40,PCS,493,6.57,C,C04,5.388146,3239.01,17452.26
43079,L27,19819,A11,B29,C40,PCS,538,6.57,C,C04,5.388146,3534.66,19045.26
43079,L27,19819,A11,B29,C40,PCS,813,6.57,C,C04,5.388146,5341.41,28780.3
43079,L27,19819,A11,B29,C40,PCS,111,6.57,C,C04,5.388146,729.27,3929.41
43079,L27,19819,A11,B29,C40,PCS,922,6.57,C,C04,5.388146,6057.54,32638.91
43079,L27,19819,A11,B29,C40,PCS,533,6.57,C,C04,5.388146,3501.81,18868.26
43079,L27,19819,A11,B29,C40,PCS,370,6.57,C,C04,5.388146,2430.9,13098.04
43079,L27,19819,A11,B29,C40,PCS,996,6.57,C,C04,5.388146,6543.72,35258.52
43079,L27,19819,A11,B29,C40,PCS,824,6.57,C,C04,5.388146,5413.68,29169.7
43088,L27,19826,A14,B21,C37,PCS,86,3.35,D,C10,8.657656,288.1,2494.27
43088,L27,19826,A14,B21,C37,PCS,566,3.35,D,C10,8.657656,1896.1,16415.78
43088,L27,19826,A14,B21,C37,PCS,424,3.35,D,C10,8.657656,1420.4,12297.33
43088,L27,19826,A14,B21,C37,PCS,249,3.35,D,C10,8.657656,834.15,7221.78
43088,L27,19826,A14,B21,C37,PCS,216,3.35,D,C10,8.657656,723.6,6264.68
43088,L27,19826,A14,B21,C37,PCS,356,3.35,D,C10,8.657656,1192.6,10325.12
43088,L27,19826,A14,B21,C37,PCS,759,3.35,D,C10,8.657656,2542.65,22013.39
43088,L27,19826,A14,B21,C37,PCS,509,3.35,D,C10,8.657656,1705.15,14762.6
43088,L27,19826,A14,B21,C37,PCS,359,3.35,D,C10,8.657656,1202.65,10412.13
43088,L27,19826,A14,B21,C37,PCS,682,3.35,D,C10,8.657656,2284.7,19780.15
43096,L27,19915,A12,B28,C40,PCS,996,9.14,C,C05,3.40242,9103.44,30973.73
43096,L27,19915,A12,B28,C40,PCS,358,9.14,C,C05,3.40242,3272.12,11133.13
43096,L27,19915,A12,B28,C40,PCS,219,9.14,C,C05,3.40242,2001.66,6810.49
43096,L27,19915,A12,B28,C40,PCS,195,9.14,C,C05,3.40242,1782.3,6064.13
43096,L27,19915,A12,B28,C40,PCS,74,9.14,C,C05,3.40242,676.36,2301.26
43096,L27,19915,A12,B28,C40,PCS,816,9.14,C,C05,3.40242,7458.24,25376.06
43096,L27,19915,A12,B28,C40,PCS,586,9.14,C,C05,3.40242,5356.04,18223.5
43096,L27,19915,A12,B28,C40,PCS,80,9.14,C,C05,3.40242,731.2,2487.85
43096,L27,19915,A12,B28,C40,PCS,222,9.14,C,C05,3.40242,2029.08,6903.78
43096,L27,19915,A12,B28,C40,PCS,727,9.14,C,C05,3.40242,6644.78,22608.33
43126,L28,10164,A16,B30,C34,PCS,190,1.78,D,C05,3.40242,338.2,1150.7
43126,L28,10164,A16,B30,C34,PCS,45,1.78,D,C05,3.40242,80.1,272.53
43126,L28,10164,A16,B30,C34,PCS,573,1.78,D,C05,3.40242,1019.94,3470.26
43126,L28,10164,A16,B30,C34,PCS,845,1.78,D,C05,3.40242,1504.1,5117.58
43126,L28,10164,A16,B30,C34,PCS,508,1.78,D,C05,3.40242,904.24,3076.6
43126,L28,10164,A16,B30,C34,PCS,286,1.78,D,C05,3.40242,509.08,1732.1
43126,L28,10164,A16,B30,C34,PCS,213,1.78,D,C05,3.40242,379.14,1289.99
43126,L28,10164,A16,B30,C34,PCS,738,1.78,D,C05,3.40242,1313.64,4469.56
43126,L28,10164,A16,B30,C34,PCS,683,1.78,D,C05,3.40242,1215.74,4136.46
43126,L28,10164,A16,B30,C34,PCS,918,1.78,D,C05,3.40242,1634.04,5559.69
43120,L28,10259,A13,B23,C34,PCS,891,6.94,C,C03,7.133317,6183.54,44109.15
43120,L28,10259,A13,B23,C34,PCS,358,6.94,C,C03,7.133317,2484.52,17722.87
43120,L28,10259,A13,B23,C34,PCS,238,6.94,C,C03,7.133317,1651.72,11782.24
43120,L28,10259,A13,B23,C34,PCS,72,6.94,C,C03,7.133317,499.68,3564.38
43120,L28,10259,A13,B23,C34,PCS,715,6.94,C,C03,7.133317,4962.1,35396.23
43120,L28,10259,A13,B23,C34,PCS,328,6.94,C,C03,7.133317,2276.32,16237.71
43120,L28,10259,A13,B23,C34,PCS,789,6.94,C,C03,7.133317,5475.66,39059.62
43120,L28,10259,A13,B23,C34,PCS,898,6.94,C,C03,7.133317,6232.12,44455.69
43120,L28,10259,A13,B23,C34,PCS,25,6.94,C,C03,7.133317,173.5,1237.63
43120,L28,10259,A13,B23,C34,PCS,355,6.94,C,C03,7.133317,2463.7,17574.35
43116,L28,10262,A17,B29,C40,PCS,669,3.31,D,C09,1.199464,2214.39,2656.08
43116,L28,10262,A17,B29,C40,PCS,325,3.31,D,C09,1.199464,1075.75,1290.32
43116,L28,10262,A17,B29,C40,PCS,349,3.31,D,C09,1.199464,1155.19,1385.61
43116,L28,10262,A17,B29,C40,PCS,311,3.31,D,C09,1.199464,1029.41,1234.74
43116,L28,10262,A17,B29,C40,PCS,905,3.31,D,C09,1.199464,2995.55,3593.05
43116,L28,10262,A17,B29,C40,PCS,626,3.31,D,C09,1.199464,2072.06,2485.36
43116,L28,10262,A17,B29,C40,PCS,493,3.31,D,C09,1.199464,1631.83,1957.32
43116,L28,10262,A17,B29,C40,PCS,590,3.31,D,C09,1.199464,1952.9,2342.43
43116,L28,10262,A17,B29,C40,PCS,472,3.31,D,C09,1.199464,1562.32,1873.95
43116,L28,10262,A17,B29,C40,PCS,884,3.31,D,C09,1.199464,2926.04,3509.68
43103,L28,10364,A11,B20,C40,PCS,49,6.62,D,C05,3.40242,324.38,1103.68
43103,L28,10364,A11,B20,C40,PCS,537,6.62,D,C05,3.40242,3554.94,12095.4
43103,L28,10364,A11,B20,C40,PCS,452,6.62,D,C05,3.40242,2992.24,10180.86
43103,L28,10364,A11,B20,C40,PCS,148,6.62,D,C05,3.40242,979.76,3333.56
43103,L28,10364,A11,B20,C40,PCS,62,6.62,D,C05,3.40242,410.44,1396.49
43103,L28,10364,A11,B20,C40,PCS,800,6.62,D,C05,3.40242,5296,18019.22
43103,L28,10364,A11,B20,C40,PCS,709,6.62,D,C05,3.40242,4693.58,15969.53
43103,L28,10364,A11,B20,C40,PCS,834,6.62,D,C05,3.40242,5521.08,18785.03
43103,L28,10364,A11,B20,C40,PCS,328,6.62,D,C05,3.40242,2171.36,7387.88
43103,L28,10364,A11,B20,C40,PCS,599,6.62,D,C05,3.40242,3965.38,13491.89
43130,L28,10621,A11,B28,C35,PCS,703,7.6,C,C02,9.912483,5342.8,52960.41
43130,L28,10621,A11,B28,C35,PCS,489,7.6,C,C02,9.912483,3716.4,36838.75
43130,L28,10621,A11,B28,C35,PCS,420,7.6,C,C02,9.912483,3192,31640.65
43130,L28,10621,A11,B28,C35,PCS,36,7.6,C,C02,9.912483,273.6,2712.06
43130,L28,10621,A11,B28,C35,PCS,157,7.6,C,C02,9.912483,1193.2,11827.57
43130,L28,10621,A11,B28,C35,PCS,187,7.6,C,C02,9.912483,1421.2,14087.62
43130,L28,10621,A11,B28,C35,PCS,448,7.6,C,C02,9.912483,3404.8,33750.02
43130,L28,10621,A11,B28,C35,PCS,384,7.6,C,C02,9.912483,2918.4,28928.59
43130,L28,10621,A11,B28,C35,PCS,850,7.6,C,C02,9.912483,6460,64034.64
43130,L28,10621,A11,B28,C35,PCS,294,7.6,C,C02,9.912483,2234.4,22148.45
43112,L28,10689,A14,B23,C32,PCS,974,2.22,C,C02,9.912483,2162.28,21433.56
43112,L28,10689,A14,B23,C32,PCS,316,2.22,C,C02,9.912483,701.52,6953.81
43112,L28,10689,A14,B23,C32,PCS,814,2.22,C,C02,9.912483,1807.08,17912.65
43112,L28,10689,A14,B23,C32,PCS,883,2.22,C,C02,9.912483,1960.26,19431.04
43112,L28,10689,A14,B23,C32,PCS,148,2.22,C,C02,9.912483,328.56,3256.85
43112,L28,10689,A14,B23,C32,PCS,732,2.22,C,C02,9.912483,1625.04,16108.18
43112,L28,10689,A14,B23,C32,PCS,478,2.22,C,C02,9.912483,1061.16,10518.73
43112,L28,10689,A14,B23,C32,PCS,829,2.22,C,C02,9.912483,1840.38,18242.74
43112,L28,10689,A14,B23,C32,PCS,390,2.22,C,C02,9.912483,865.8,8582.23
43112,L28,10689,A14,B23,C32,PCS,748,2.22,C,C02,9.912483,1660.56,16460.27
43130,L28,10799,A13,B23,C32,PCS,580,8.05,C,C09,1.199464,4669,5600.3
43130,L28,10799,A13,B23,C32,PCS,602,8.05,C,C09,1.199464,4846.1,5812.72
43130,L28,10799,A13,B23,C32,PCS,135,8.05,C,C09,1.199464,1086.75,1303.52
43130,L28,10799,A13,B23,C32,PCS,202,8.05,C,C09,1.199464,1626.1,1950.45
43130,L28,10799,A13,B23,C32,PCS,619,8.05,C,C09,1.199464,4982.95,5976.87
43130,L28,10799,A13,B23,C32,PCS,960,8.05,C,C09,1.199464,7728,9269.46
43130,L28,10799,A13,B23,C32,PCS,415,8.05,C,C09,1.199464,3340.75,4007.11
43130,L28,10799,A13,B23,C32,PCS,410,8.05,C,C09,1.199464,3300.5,3958.83
43130,L28,10799,A13,B23,C32,PCS,243,8.05,C,C09,1.199464,1956.15,2346.33
43130,L28,10799,A13,B23,C32,PCS,42,8.05,C,C09,1.199464,338.1,405.54
43105,L28,10878,A15,B29,C34,PCS,407,4.13,D,C06,3.547054,1680.91,5962.28
43105,L28,10878,A15,B29,C34,PCS,902,4.13,D,C06,3.547054,3725.26,13213.7
43105,L28,10878,A15,B29,C34,PCS,656,4.13,D,C06,3.547054,2709.28,9609.96
43105,L28,10878,A15,B29,C34,PCS,405,4.13,D,C06,3.547054,1672.65,5932.98
43105,L28,10878,A15,B29,C34,PCS,147,4.13,D,C06,3.547054,607.11,2153.45
43105,L28,10878,A15,B29,C34,PCS,88,4.13,D,C06,3.547054,363.44,1289.14
43105,L28,10878,A15,B29,C34,PCS,337,4.13,D,C06,3.547054,1391.81,4936.83
43105,L28,10878,A15,B29,C34,PCS,831,4.13,D,C06,3.547054,3432.03,12173.6
43105,L28,10878,A15,B29,C34,PCS,608,4.13,D,C06,3.547054,2511.04,8906.79
43105,L28,10878,A15,B29,C34,PCS,217,4.13,D,C06,3.547054,896.21,3178.91
43113,L28,11000,A20,B22,C36,PCS,979,7.32,C,C02,9.912483,7166.28,71035.63
43109,L28,11000,A14,B23,C38,PCS,567,3.5,C,C01,6.825646,1984.5,13545.49
43113,L28,11000,A20,B22,C36,PCS,196,7.32,C,C02,9.912483,1434.72,14221.64
43109,L28,11000,A14,B23,C38,PCS,622,3.5,C,C01,6.825646,2177,14859.43
43113,L28,11000,A20,B22,C36,PCS,951,7.32,C,C02,9.912483,6961.32,69003.97
43109,L28,11000,A14,B23,C38,PCS,792,3.5,C,C01,6.825646,2772,18920.69
43113,L28,11000,A20,B22,C36,PCS,754,7.32,C,C02,9.912483,5519.28,54709.77
43109,L28,11000,A14,B23,C38,PCS,853,3.5,C,C01,6.825646,2985.5,20377.97
43113,L28,11000,A20,B22,C36,PCS,214,7.32,C,C02,9.912483,1566.48,15527.71
43109,L28,11000,A14,B23,C38,PCS,446,3.5,C,C01,6.825646,1561,10654.83
43113,L28,11000,A20,B22,C36,PCS,810,7.32,C,C02,9.912483,5929.2,58773.09
43109,L28,11000,A14,B23,C38,PCS,460,3.5,C,C01,6.825646,1610,10989.29
43113,L28,11000,A20,B22,C36,PCS,95,7.32,C,C02,9.912483,695.4,6893.14
43109,L28,11000,A14,B23,C38,PCS,82,3.5,C,C01,6.825646,287,1958.96
43113,L28,11000,A20,B22,C36,PCS,887,7.32,C,C02,9.912483,6492.84,64360.17
43109,L28,11000,A14,B23,C38,PCS,688,3.5,C,C01,6.825646,2408,16436.16
43113,L28,11000,A20,B22,C36,PCS,248,7.32,C,C02,9.912483,1815.36,17994.73
43109,L28,11000,A14,B23,C38,PCS,736,3.5,C,C01,6.825646,2576,17582.86
43113,L28,11000,A20,B22,C36,PCS,11,7.32,C,C02,9.912483,80.52,798.15
43109,L28,11000,A14,B23,C38,PCS,466,3.5,C,C01,6.825646,1631,11132.63
43117,L28,11105,A20,B21,C30,PCS,641,7.23,C,C10,8.657656,4634.43,40123.3
43117,L28,11105,A20,B21,C30,PCS,661,7.23,C,C10,8.657656,4779.03,41375.2
43117,L28,11105,A20,B21,C30,PCS,347,7.23,C,C10,8.657656,2508.81,21720.41
43117,L28,11105,A20,B21,C30,PCS,460,7.23,C,C10,8.657656,3325.8,28793.63
43117,L28,11105,A20,B21,C30,PCS,819,7.23,C,C10,8.657656,5921.37,51265.18
43117,L28,11105,A20,B21,C30,PCS,735,7.23,C,C10,8.657656,5314.05,46007.22
43117,L28,11105,A20,B21,C30,PCS,332,7.23,C,C10,8.657656,2400.36,20781.49
43117,L28,11105,A20,B21,C30,PCS,300,7.23,C,C10,8.657656,2169,18778.46
43117,L28,11105,A20,B21,C30,PCS,955,7.23,C,C10,8.657656,6904.65,59778.08
43117,L28,11105,A20,B21,C30,PCS,150,7.23,C,C10,8.657656,1084.5,9389.23
43114,L28,11134,A14,B26,C31,PCS,527,3.52,C,C10,8.657656,1855.04,16060.3
43114,L28,11134,A14,B26,C31,PCS,665,3.52,C,C10,8.657656,2340.8,20265.84
43114,L28,11134,A14,B26,C31,PCS,646,3.52,C,C10,8.657656,2273.92,19686.82
43114,L28,11134,A14,B26,C31,PCS,231,3.52,C,C10,8.657656,813.12,7039.71
43114,L28,11134,A14,B26,C31,PCS,916,3.52,C,C10,8.657656,3224.32,27915.05
43114,L28,11134,A14,B26,C31,PCS,767,3.52,C,C10,8.657656,2699.84,23374.29
43114,L28,11134,A14,B26,C31,PCS,282,3.52,C,C10,8.657656,992.64,8593.94
43114,L28,11134,A14,B26,C31,PCS,311,3.52,C,C10,8.657656,1094.72,9477.71
43114,L28,11134,A14,B26,C31,PCS,633,3.52,C,C10,8.657656,2228.16,19290.64
43114,L28,11134,A14,B26,C31,PCS,527,3.52,C,C10,8.657656,1855.04,16060.3
43104,L28,11239,A20,B22,C40,PCS,312,2.92,D,C04,5.388146,911.04,4908.82
43104,L28,11239,A20,B22,C40,PCS,788,2.92,D,C04,5.388146,2300.96,12397.91
43104,L28,11239,A20,B22,C40,PCS,604,2.92,D,C04,5.388146,1763.68,9502.97
43104,L28,11239,A20,B22,C40,PCS,827,2.92,D,C04,5.388146,2414.84,13011.51
43104,L28,11239,A20,B22,C40,PCS,671,2.92,D,C04,5.388146,1959.32,10557.1
43104,L28,11239,A20,B22,C40,PCS,97,2.92,D,C04,5.388146,283.24,1526.14
43104,L28,11239,A20,B22,C40,PCS,555,2.92,D,C04,5.388146,1620.6,8732.03
43104,L28,11239,A20,B22,C40,PCS,712,2.92,D,C04,5.388146,2079.04,11202.17
43104,L28,11239,A20,B22,C40,PCS,201,2.92,D,C04,5.388146,586.92,3162.41
43104,L28,11239,A20,B22,C40,PCS,184,2.92,D,C04,5.388146,537.28,2894.94
43120,L28,11256,A10,B30,C39,PCS,863,3.24,D,C07,1.358577,2796.12,3798.74
43120,L28,11256,A10,B30,C39,PCS,705,3.24,D,C07,1.358577,2284.2,3103.26
43120,L28,11256,A10,B30,C39,PCS,970,3.24,D,C07,1.358577,3142.8,4269.74
43120,L28,11256,A10,B30,C39,PCS,761,3.24,D,C07,1.358577,2465.64,3349.76
43120,L28,11256,A10,B30,C39,PCS,987,3.24,D,C07,1.358577,3197.88,4344.57
43120,L28,11256,A10,B30,C39,PCS,782,3.24,D,C07,1.358577,2533.68,3442.2
43120,L28,11256,A10,B30,C39,PCS,772,3.24,D,C07,1.358577,2501.28,3398.18
43120,L28,11256,A10,B30,C39,PCS,498,3.24,D,C07,1.358577,1613.52,2192.09
43120,L28,11256,A10,B30,C39,PCS,741,3.24,D,C07,1.358577,2400.84,3261.73
43120,L28,11256,A10,B30,C39,PCS,65,3.24,D,C07,1.358577,210.6,286.12
43119,L28,11261,A18,B29,C34,PCS,974,6.52,D,C07,1.358577,6350.48,8627.62
43119,L28,11261,A18,B29,C34,PCS,185,6.52,D,C07,1.358577,1206.2,1638.72
43119,L28,11261,A18,B29,C34,PCS,500,6.52,D,C07,1.358577,3260,4428.96
43119,L28,11261,A18,B29,C34,PCS,702,6.52,D,C07,1.358577,4577.04,6218.26
43119,L28,11261,A18,B29,C34,PCS,842,6.52,D,C07,1.358577,5489.84,7458.37
43119,L28,11261,A18,B29,C34,PCS,141,6.52,D,C07,1.358577,919.32,1248.97
43119,L28,11261,A18,B29,C34,PCS,414,6.52,D,C07,1.358577,2699.28,3667.18
43119,L28,11261,A18,B29,C34,PCS,661,6.52,D,C07,1.358577,4309.72,5855.09
43119,L28,11261,A18,B29,C34,PCS,179,6.52,D,C07,1.358577,1167.08,1585.57
43119,L28,11261,A18,B29,C34,PCS,695,6.52,D,C07,1.358577,4531.4,6156.26
43105,L28,11263,A11,B28,C32,PCS,257,4.13,D,C06,3.547054,1061.41,3764.88
43105,L28,11263,A11,B28,C32,PCS,224,4.13,D,C06,3.547054,925.12,3281.45
43105,L28,11263,A11,B28,C32,PCS,407,4.13,D,C06,3.547054,1680.91,5962.28
43105,L28,11263,A11,B28,C32,PCS,430,4.13,D,C06,3.547054,1775.9,6299.21
43105,L28,11263,A11,B28,C32,PCS,79,4.13,D,C06,3.547054,326.27,1157.3
43105,L28,11263,A11,B28,C32,PCS,821,4.13,D,C06,3.547054,3390.73,12027.1
43105,L28,11263,A11,B28,C32,PCS,485,4.13,D,C06,3.547054,2003.05,7104.93
43105,L28,11263,A11,B28,C32,PCS,842,4.13,D,C06,3.547054,3477.46,12334.74
43105,L28,11263,A11,B28,C32,PCS,502,4.13,D,C06,3.547054,2073.26,7353.97
43105,L28,11263,A11,B28,C32,PCS,680,4.13,D,C06,3.547054,2808.4,9961.55
43109,L28,11446,A20,B22,C37,PCS,681,3.5,D,C01,6.825646,2383.5,16268.93
43109,L28,11446,A20,B22,C37,PCS,164,3.5,D,C01,6.825646,574,3917.92
43109,L28,11446,A20,B22,C37,PCS,821,3.5,D,C01,6.825646,2873.5,19613.49
43109,L28,11446,A20,B22,C37,PCS,688,3.5,D,C01,6.825646,2408,16436.16
43109,L28,11446,A20,B22,C37,PCS,606,3.5,D,C01,6.825646,2121,14477.2
43109,L28,11446,A20,B22,C37,PCS,875,3.5,D,C01,6.825646,3062.5,20903.54
43109,L28,11446,A20,B22,C37,PCS,910,3.5,D,C01,6.825646,3185,21739.68
43109,L28,11446,A20,B22,C37,PCS,236,3.5,D,C01,6.825646,826,5637.98
43109,L28,11446,A20,B22,C37,PCS,55,3.5,D,C01,6.825646,192.5,1313.94
43109,L28,11446,A20,B22,C37,PCS,407,3.5,D,C01,6.825646,1424.5,9723.13
43106,L28,11476,A18,B29,C31,PCS,273,5.74,D,C01,6.825646,1567.02,10695.92
43106,L28,11476,A18,B29,C31,PCS,804,5.74,D,C01,6.825646,4614.96,31500.08
43106,L28,11476,A18,B29,C31,PCS,252,5.74,D,C01,6.825646,1446.48,9873.16
43106,L28,11476,A18,B29,C31,PCS,52,5.74,D,C01,6.825646,298.48,2037.32
43106,L28,11476,A18,B29,C31,PCS,423,5.74,D,C01,6.825646,2428.02,16572.81
43106,L28,11476,A18,B29,C31,PCS,17,5.74,D,C01,6.825646,97.58,666.05
43106,L28,11476,A18,B29,C31,PCS,598,5.74,D,C01,6.825646,3432.52,23429.17
43106,L28,11476,A18,B29,C31,PCS,788,5.74,D,C01,6.825646,4523.12,30873.22
43106,L28,11476,A18,B29,C31,PCS,941,5.74,D,C01,6.825646,5401.34,36867.63
43106,L28,11476,A18,B29,C31,PCS,245,5.74,D,C01,6.825646,1406.3,9598.91
43109,L28,11564,A15,B20,C35,PCS,892,4.33,C,C02,9.912483,3862.36,38285.58
43109,L28,11564,A15,B20,C35,PCS,945,4.33,C,C02,9.912483,4091.85,40560.39
43109,L28,11564,A15,B20,C35,PCS,131,4.33,C,C02,9.912483,567.23,5622.66
43109,L28,11564,A15,B20,C35,PCS,794,4.33,C,C02,9.912483,3438.02,34079.31
43109,L28,11564,A15,B20,C35,PCS,904,4.33,C,C02,9.912483,3914.32,38800.63
43109,L28,11564,A15,B20,C35,PCS,411,4.33,C,C02,9.912483,1779.63,17640.55
43109,L28,11564,A15,B20,C35,PCS,356,4.33,C,C02,9.912483,1541.48,15279.89
43109,L28,11564,A15,B20,C35,PCS,853,4.33,C,C02,9.912483,3693.49,36611.66
43109,L28,11564,A15,B20,C35,PCS,428,4.33,C,C02,9.912483,1853.24,18370.21
43109,L28,11564,A15,B20,C35,PCS,889,4.33,C,C02,9.912483,3849.37,38156.81
43104,L28,11572,A18,B26,C31,PCS,68,2.92,C,C04,5.388146,198.56,1069.87
43104,L28,11572,A18,B26,C31,PCS,804,2.92,C,C04,5.388146,2347.68,12649.64
43104,L28,11572,A18,B26,C31,PCS,544,2.92,C,C04,5.388146,1588.48,8558.96
43104,L28,11572,A18,B26,C31,PCS,16,2.92,C,C04,5.388146,46.72,251.73
43104,L28,11572,A18,B26,C31,PCS,588,2.92,C,C04,5.388146,1716.96,9251.23
43104,L28,11572,A18,B26,C31,PCS,602,2.92,C,C04,5.388146,1757.84,9471.5
43104,L28,11572,A18,B26,C31,PCS,880,2.92,C,C04,5.388146,2569.6,13845.38
43104,L28,11572,A18,B26,C31,PCS,53,2.92,C,C04,5.388146,154.76,833.87
43104,L28,11572,A18,B26,C31,PCS,197,2.92,C,C04,5.388146,575.24,3099.48
43104,L28,11572,A18,B26,C31,PCS,775,2.92,C,C04,5.388146,2263,12193.37
43131,L28,11593,A11,B26,C34,PCS,700,6.9,D,C01,6.825646,4830,32967.87
43131,L28,11593,A11,B26,C34,PCS,526,6.9,D,C01,6.825646,3629.4,24773
43131,L28,11593,A11,B26,C34,PCS,138,6.9,D,C01,6.825646,952.2,6499.38
43131,L28,11593,A11,B26,C34,PCS,875,6.9,D,C01,6.825646,6037.5,41209.84
43131,L28,11593,A11,B26,C34,PCS,244,6.9,D,C01,6.825646,1683.6,11491.66
43131,L28,11593,A11,B26,C34,PCS,841,6.9,D,C01,6.825646,5802.9,39608.54
43131,L28,11593,A11,B26,C34,PCS,436,6.9,D,C01,6.825646,3008.4,20534.27
43131,L28,11593,A11,B26,C34,PCS,161,6.9,D,C01,6.825646,1110.9,7582.61
43131,L28,11593,A11,B26,C34,PCS,997,6.9,D,C01,6.825646,6879.3,46955.67
43131,L28,11593,A11,B26,C34,PCS,614,6.9,D,C01,6.825646,4236.6,28917.53
43126,L28,11724,A15,B21,C30,PCS,941,8.42,C,C01,6.825646,7923.22,54081.09
43126,L28,11724,A15,B21,C30,PCS,462,8.42,C,C01,6.825646,3890.04,26552.04
43126,L28,11724,A15,B21,C30,PCS,379,8.42,C,C01,6.825646,3191.18,21781.87
43126,L28,11724,A15,B21,C30,PCS,452,8.42,C,C01,6.825646,3805.84,25977.32
43126,L28,11724,A15,B21,C30,PCS,718,8.42,C,C01,6.825646,6045.56,41264.85
43126,L28,11724,A15,B21,C30,PCS,29,8.42,C,C01,6.825646,244.18,1666.69
43126,L28,11724,A15,B21,C30,PCS,294,8.42,C,C01,6.825646,2475.48,16896.75
43126,L28,11724,A15,B21,C30,PCS,827,8.42,C,C01,6.825646,6963.34,47529.29
43126,L28,11724,A15,B21,C30,PCS,748,8.42,C,C01,6.825646,6298.16,42989.01
43126,L28,11724,A15,B21,C30,PCS,983,8.42,C,C01,6.825646,8276.86,56494.92
43130,L28,11798,A16,B24,C34,PCS,326,7.6,D,C02,9.912483,2477.6,24559.17
43130,L28,11798,A16,B24,C34,PCS,844,7.6,D,C02,9.912483,6414.4,63582.63
43130,L28,11798,A16,B24,C34,PCS,725,7.6,D,C02,9.912483,5510,54617.78
43130,L28,11798,A16,B24,C34,PCS,857,7.6,D,C02,9.912483,6513.2,64561.98
43130,L28,11798,A16,B24,C34,PCS,614,7.6,D,C02,9.912483,4666.4,46255.61
43130,L28,11798,A16,B24,C34,PCS,870,7.6,D,C02,9.912483,6612,65541.34
43130,L28,11798,A16,B24,C34,PCS,537,7.6,D,C02,9.912483,4081.2,40454.83
43130,L28,11798,A16,B24,C34,PCS,364,7.6,D,C02,9.912483,2766.4,27421.89
43130,L28,11798,A16,B24,C34,PCS,571,7.6,D,C02,9.912483,4339.6,43016.21
43130,L28,11798,A16,B24,C34,PCS,6,7.6,D,C02,9.912483,45.6,452.01
43115,L28,11973,A14,B25,C39,PCS,925,1.29,C,C06,3.547054,1193.25,4232.52
43115,L28,11973,A14,B25,C39,PCS,174,1.29,C,C06,3.547054,224.46,796.17
43115,L28,11973,A14,B25,C39,PCS,259,1.29,C,C06,3.547054,334.11,1185.11
43115,L28,11973,A14,B25,C39,PCS,504,1.29,C,C06,3.547054,650.16,2306.15
43115,L28,11973,A14,B25,C39,PCS,222,1.29,C,C06,3.547054,286.38,1015.81
43115,L28,11973,A14,B25,C39,PCS,6,1.29,C,C06,3.547054,7.74,27.45
43115,L28,11973,A14,B25,C39,PCS,659,1.29,C,C06,3.547054,850.11,3015.39
43115,L28,11973,A14,B25,C39,PCS,902,1.29,C,C06,3.547054,1163.58,4127.28
43115,L28,11973,A14,B25,C39,PCS,933,1.29,C,C06,3.547054,1203.57,4269.13
43115,L28,11973,A14,B25,C39,PCS,803,1.29,C,C06,3.547054,1035.87,3674.29
43106,L28,12085,A18,B25,C40,PCS,910,6,D,C05,3.40242,5460,18577.21
43106,L28,12085,A18,B25,C40,PCS,381,6,D,C05,3.40242,2286,7777.93
43106,L28,12085,A18,B25,C40,PCS,425,6,D,C05,3.40242,2550,8676.17
43106,L28,12085,A18,B25,C40,PCS,449,6,D,C05,3.40242,2694,9166.12
43106,L28,12085,A18,B25,C40,PCS,773,6,D,C05,3.40242,4638,15780.42
43106,L28,12085,A18,B25,C40,PCS,176,6,D,C05,3.40242,1056,3592.96
43106,L28,12085,A18,B25,C40,PCS,249,6,D,C05,3.40242,1494,5083.22
43106,L28,12085,A18,B25,C40,PCS,678,6,D,C05,3.40242,4068,13841.04
43106,L28,12085,A18,B25,C40,PCS,120,6,D,C05,3.40242,720,2449.74
43106,L28,12085,A18,B25,C40,PCS,613,6,D,C05,3.40242,3678,12514.1
43122,L28,12128,A20,B21,C32,PCS,972,2.86,D,C06,3.547054,2779.92,9860.53
43122,L28,12128,A20,B21,C32,PCS,915,2.86,D,C06,3.547054,2616.9,9282.29
43122,L28,12128,A20,B21,C32,PCS,118,2.86,D,C06,3.547054,337.48,1197.06
43122,L28,12128,A20,B21,C32,PCS,478,2.86,D,C06,3.547054,1367.08,4849.11
43122,L28,12128,A20,B21,C32,PCS,288,2.86,D,C06,3.547054,823.68,2921.64
43122,L28,12128,A20,B21,C32,PCS,35,2.86,D,C06,3.547054,100.1,355.06
43122,L28,12128,A20,B21,C32,PCS,794,2.86,D,C06,3.547054,2270.84,8054.79
43122,L28,12128,A20,B21,C32,PCS,860,2.86,D,C06,3.547054,2459.6,8724.33
43122,L28,12128,A20,B21,C32,PCS,643,2.86,D,C06,3.547054,1838.98,6522.96
43122,L28,12128,A20,B21,C32,PCS,253,2.86,D,C06,3.547054,723.58,2566.58
43123,L28,12176,A20,B28,C32,PCS,557,1.24,D,C06,3.547054,690.68,2449.88
43123,L28,12176,A20,B28,C32,PCS,129,1.24,D,C06,3.547054,159.96,567.39
43123,L28,12176,A20,B28,C32,PCS,50,1.24,D,C06,3.547054,62,219.92
43123,L28,12176,A20,B28,C32,PCS,953,1.24,D,C06,3.547054,1181.72,4191.62
43123,L28,12176,A20,B28,C32,PCS,714,1.24,D,C06,3.547054,885.36,3140.42
43123,L28,12176,A20,B28,C32,PCS,375,1.24,D,C06,3.547054,465,1649.38
43123,L28,12176,A20,B28,C32,PCS,340,1.24,D,C06,3.547054,421.6,1495.44
43123,L28,12176,A20,B28,C32,PCS,655,1.24,D,C06,3.547054,812.2,2880.92
43123,L28,12176,A20,B28,C32,PCS,641,1.24,D,C06,3.547054,794.84,2819.34
43123,L28,12176,A20,B28,C32,PCS,229,1.24,D,C06,3.547054,283.96,1007.22
43125,L28,12201,A18,B21,C36,PCS,404,7.83,C,C07,1.358577,3163.32,4297.61
43125,L28,12201,A18,B21,C36,PCS,996,7.83,C,C07,1.358577,7798.68,10595.11
43125,L28,12201,A18,B21,C36,PCS,568,7.83,C,C07,1.358577,4447.44,6042.19
43125,L28,12201,A18,B21,C36,PCS,761,7.83,C,C07,1.358577,5958.63,8095.26
43125,L28,12201,A18,B21,C36,PCS,975,7.83,C,C07,1.358577,7634.25,10371.72
43125,L28,12201,A18,B21,C36,PCS,730,7.83,C,C07,1.358577,5715.9,7765.49
43125,L28,12201,A18,B21,C36,PCS,460,7.83,C,C07,1.358577,3601.8,4893.32
43125,L28,12201,A18,B21,C36,PCS,294,7.83,C,C07,1.358577,2302.02,3127.47
43125,L28,12201,A18,B21,C36,PCS,754,7.83,C,C07,1.358577,5903.82,8020.79
43125,L28,12201,A18,B21,C36,PCS,436,7.83,C,C07,1.358577,3413.88,4638.02
43130,L28,12428,A18,B28,C37,PCS,284,7.6,D,C02,9.912483,2158.4,21395.1
43130,L28,12428,A18,B28,C37,PCS,237,7.6,D,C02,9.912483,1801.2,17854.36
43130,L28,12428,A18,B28,C37,PCS,685,7.6,D,C02,9.912483,5206,51604.39
43130,L28,12428,A18,B28,C37,PCS,744,7.6,D,C02,9.912483,5654.4,56049.14
43130,L28,12428,A18,B28,C37,PCS,927,7.6,D,C02,9.912483,7045.2,69835.43
43130,L28,12428,A18,B28,C37,PCS,352,7.6,D,C02,9.912483,2675.2,26517.87
43130,L28,12428,A18,B28,C37,PCS,547,7.6,D,C02,9.912483,4157.2,41208.17
43130,L28,12428,A18,B28,C37,PCS,112,7.6,D,C02,9.912483,851.2,8437.51
43130,L28,12428,A18,B28,C37,PCS,395,7.6,D,C02,9.912483,3002,29757.27
43130,L28,12428,A18,B28,C37,PCS,387,7.6,D,C02,9.912483,2941.2,29154.59
43131,L28,12513,A16,B25,C31,PCS,524,6.9,D,C01,6.825646,3615.6,24678.81
43131,L28,12513,A16,B25,C31,PCS,59,6.9,D,C01,6.825646,407.1,2778.72
43131,L28,12513,A16,B25,C31,PCS,552,6.9,D,C01,6.825646,3808.8,25997.52
43131,L28,12513,A16,B25,C31,PCS,823,6.9,D,C01,6.825646,5678.7,38760.8
43131,L28,12513,A16,B25,C31,PCS,715,6.9,D,C01,6.825646,4933.5,33674.32
43131,L28,12513,A16,B25,C31,PCS,515,6.9,D,C01,6.825646,3553.5,24254.93
43131,L28,12513,A16,B25,C31,PCS,410,6.9,D,C01,6.825646,2829,19309.75
43131,L28,12513,A16,B25,C31,PCS,540,6.9,D,C01,6.825646,3726,25432.36
43131,L28,12513,A16,B25,C31,PCS,243,6.9,D,C01,6.825646,1676.7,11444.56
43131,L28,12513,A16,B25,C31,PCS,984,6.9,D,C01,6.825646,6789.6,46343.41
43124,L28,12516,A19,B22,C30,PCS,755,5.25,C,C04,5.388146,3963.75,21357.26
43124,L28,12516,A19,B22,C30,PCS,899,5.25,C,C04,5.388146,4719.75,25430.7
43124,L28,12516,A19,B22,C30,PCS,475,5.25,C,C04,5.388146,2493.75,13436.69
43124,L28,12516,A19,B22,C30,PCS,162,5.25,C,C04,5.388146,850.5,4582.62
43124,L28,12516,A19,B22,C30,PCS,748,5.25,C,C04,5.388146,3927,21159.25
43124,L28,12516,A19,B22,C30,PCS,575,5.25,C,C04,5.388146,3018.75,16265.47
43124,L28,12516,A19,B22,C30,PCS,653,5.25,C,C04,5.388146,3428.25,18471.91
43124,L28,12516,A19,B22,C30,PCS,258,5.25,C,C04,5.388146,1354.5,7298.24
43124,L28,12516,A19,B22,C30,PCS,183,5.25,C,C04,5.388146,960.75,5176.66
43124,L28,12516,A19,B22,C30,PCS,36,5.25,C,C04,5.388146,189,1018.36
43115,L28,12658,A17,B30,C40,PCS,274,1.05,D,C07,1.358577,287.7,390.86
43115,L28,12658,A17,B30,C40,PCS,392,1.05,D,C07,1.358577,411.6,559.19
43115,L28,12658,A17,B30,C40,PCS,217,1.05,D,C07,1.358577,227.85,309.55
43115,L28,12658,A17,B30,C40,PCS,915,1.05,D,C07,1.358577,960.75,1305.25
43115,L28,12658,A17,B30,C40,PCS,782,1.05,D,C07,1.358577,821.1,1115.53
43115,L28,12658,A17,B30,C40,PCS,439,1.05,D,C07,1.358577,460.95,626.24
43115,L28,12658,A17,B30,C40,PCS,215,1.05,D,C07,1.358577,225.75,306.7
43115,L28,12658,A17,B30,C40,PCS,404,1.05,D,C07,1.358577,424.2,576.31
43115,L28,12658,A17,B30,C40,PCS,355,1.05,D,C07,1.358577,372.75,506.41
43115,L28,12658,A17,B30,C40,PCS,725,1.05,D,C07,1.358577,761.25,1034.22
43120,L28,12798,A15,B24,C37,PCS,974,1.93,D,C06,3.547054,1879.82,6667.82
43120,L28,12798,A15,B24,C37,PCS,577,1.93,D,C06,3.547054,1113.61,3950.03
43120,L28,12798,A15,B24,C37,PCS,431,1.93,D,C06,3.547054,831.83,2950.55
43120,L28,12798,A15,B24,C37,PCS,983,1.93,D,C06,3.547054,1897.19,6729.44
43120,L28,12798,A15,B24,C37,PCS,595,1.93,D,C06,3.547054,1148.35,4073.26
43120,L28,12798,A15,B24,C37,PCS,215,1.93,D,C06,3.547054,414.95,1471.85
43120,L28,12798,A15,B24,C37,PCS,563,1.93,D,C06,3.547054,1086.59,3854.19
43120,L28,12798,A15,B24,C37,PCS,14,1.93,D,C06,3.547054,27.02,95.84
43120,L28,12798,A15,B24,C37,PCS,737,1.93,D,C06,3.547054,1422.41,5045.37
43120,L28,12798,A15,B24,C37,PCS,132,1.93,D,C06,3.547054,254.76,903.65
43124,L28,12852,A18,B25,C38,PCS,87,5.55,C,C08,1.496196,482.85,722.44
43124,L28,12852,A18,B25,C38,PCS,182,5.55,C,C08,1.496196,1010.1,1511.31
43124,L28,12852,A18,B25,C38,PCS,113,5.55,C,C08,1.496196,627.15,938.34
43124,L28,12852,A18,B25,C38,PCS,728,5.55,C,C08,1.496196,4040.4,6045.23
43124,L28,12852,A18,B25,C38,PCS,42,5.55,C,C08,1.496196,233.1,348.76
43124,L28,12852,A18,B25,C38,PCS,7,5.55,C,C08,1.496196,38.85,58.13
43124,L28,12852,A18,B25,C38,PCS,810,5.55,C,C08,1.496196,4495.5,6726.15
43124,L28,12852,A18,B25,C38,PCS,118,5.55,C,C08,1.496196,654.9,979.86
43124,L28,12852,A18,B25,C38,PCS,639,5.55,C,C08,1.496196,3546.45,5306.18
43124,L28,12852,A18,B25,C38,PCS,549,5.55,C,C08,1.496196,3046.95,4558.83
43126,L28,12891,A16,B30,C40,PCS,952,1.22,C,C07,1.358577,1161.44,1577.91
43126,L28,12891,A16,B30,C40,PCS,324,1.22,C,C07,1.358577,395.28,537.02
43126,L28,12891,A16,B30,C40,PCS,279,1.22,C,C07,1.358577,340.38,462.43
43126,L28,12891,A16,B30,C40,PCS,85,1.22,C,C07,1.358577,103.7,140.88
43126,L28,12891,A16,B30,C40,PCS,160,1.22,C,C07,1.358577,195.2,265.19
43126,L28,12891,A16,B30,C40,PCS,853,1.22,C,C07,1.358577,1040.66,1413.82
43126,L28,12891,A16,B30,C40,PCS,68,1.22,C,C07,1.358577,82.96,112.71
43126,L28,12891,A16,B30,C40,PCS,813,1.22,C,C07,1.358577,991.86,1347.52
43126,L28,12891,A16,B30,C40,PCS,846,1.22,C,C07,1.358577,1032.12,1402.21
43126,L28,12891,A16,B30,C40,PCS,800,1.22,C,C07,1.358577,976,1325.97
43103,L28,12920,A16,B20,C37,PCS,352,8.7,C,C03,7.133317,3062.4,21845.07
43103,L28,12920,A16,B20,C37,PCS,903,8.7,C,C03,7.133317,7856.1,56040.05
43103,L28,12920,A16,B20,C37,PCS,464,8.7,C,C03,7.133317,4036.8,28795.77
43103,L28,12920,A16,B20,C37,PCS,382,8.7,C,C03,7.133317,3323.4,23706.87
43103,L28,12920,A16,B20,C37,PCS,459,8.7,C,C03,7.133317,3993.3,28485.47
43103,L28,12920,A16,B20,C37,PCS,134,8.7,C,C03,7.133317,1165.8,8316.02
43103,L28,12920,A16,B20,C37,PCS,780,8.7,C,C03,7.133317,6786,48406.69
43103,L28,12920,A16,B20,C37,PCS,915,8.7,C,C03,7.133317,7960.5,56784.77
43103,L28,12920,A16,B20,C37,PCS,588,8.7,C,C03,7.133317,5115.6,36491.2
43103,L28,12920,A16,B20,C37,PCS,690,8.7,C,C03,7.133317,6003,42821.3
43109,L28,12961,A16,B28,C40,PCS,863,3.5,D,C01,6.825646,3020.5,20616.86
43109,L28,12961,A16,B28,C40,PCS,332,3.5,D,C01,6.825646,1162,7931.4
43109,L28,12961,A16,B28,C40,PCS,737,3.5,D,C01,6.825646,2579.5,17606.75
43109,L28,12961,A16,B28,C40,PCS,79,3.5,D,C01,6.825646,276.5,1887.29
43109,L28,12961,A16,B28,C40,PCS,442,3.5,D,C01,6.825646,1547,10559.27
43109,L28,12961,A16,B28,C40,PCS,249,3.5,D,C01,6.825646,871.5,5948.55
43109,L28,12961,A16,B28,C40,PCS,501,3.5,D,C01,6.825646,1753.5,11968.77
43109,L28,12961,A16,B28,C40,PCS,699,3.5,D,C01,6.825646,2446.5,16698.94
43109,L28,12961,A16,B28,C40,PCS,277,3.5,D,C01,6.825646,969.5,6617.46
43109,L28,12961,A16,B28,C40,PCS,40,3.5,D,C01,6.825646,140,955.59
43122,L28,13011,A18,B20,C33,PCS,902,2.86,C,C06,3.547054,2579.72,9150.41
43122,L28,13011,A18,B20,C33,PCS,137,2.86,C,C06,3.547054,391.82,1389.81
43122,L28,13011,A18,B20,C33,PCS,930,2.86,C,C06,3.547054,2659.8,9434.45
43122,L28,13011,A18,B20,C33,PCS,462,2.86,C,C06,3.547054,1321.32,4686.79
43122,L28,13011,A18,B20,C33,PCS,833,2.86,C,C06,3.547054,2382.38,8450.43
43122,L28,13011,A18,B20,C33,PCS,743,2.86,C,C06,3.547054,2124.98,7537.42
43122,L28,13011,A18,B20,C33,PCS,895,2.86,C,C06,3.547054,2559.7,9079.39
43122,L28,13011,A18,B20,C33,PCS,186,2.86,C,C06,3.547054,531.96,1886.89
43122,L28,13011,A18,B20,C33,PCS,818,2.86,C,C06,3.547054,2339.48,8298.26
43122,L28,13011,A18,B20,C33,PCS,777,2.86,C,C06,3.547054,2222.22,7882.33
43131,L28,13204,A18,B28,C36,PCS,318,4.8,D,C01,6.825646,1526.4,10418.67
43131,L28,13204,A18,B28,C36,PCS,853,4.8,D,C01,6.825646,4094.4,27946.92
43131,L28,13204,A18,B28,C36,PCS,116,4.8,D,C01,6.825646,556.8,3800.52
